rtA1,rtA2,rtA1a,rtA1b,rtA1c,rtA1a1,rtA1a2,rtA1b1,rtA1b2,rtA1c1,rtA1c2,rtA1a1a,rtA1a1b,rtA1a2a,rtA1a2b,rtA1b1a,rtA1b1b,rtA1c1a,rtA1c1b,rtA1c2a,rtA1c2b,rtA2a,rtA2b,rtA2a1,rtA2a2,rtA2a3,rtA2a1A,rtA2a1B,rtA2a1A1,rtA2a1A2,rtA2a1B1,rtA2a1B2,rtA2a2A,rtA2a2B,rtA2a2A1,rtA2a2A2,rtA2a2B1,rtA2a2B2,rtA2a3A,rtA2a3B,rtA2a3A1,rtA2a3A2,rtA2a3B1,rtA2a3B2,rtA2b1,rtA2b2,rtA2b1A,rtA2b1B,rtA2b2A,rtA2b2B,id,isSmoker,willpower,health,smokedPerDay,turnsSinceLastChange,givingUp,stepsSinceGiveUp,giveUpAttempts,influenceability,sociable,$SWITCH_TABLE$simconsts$Operations
17307169,50508047,1441816,13459982,2405371,1100903,340913,8750979,0,1569112,836259,405047,695856,2623655,2426261,2030615,0,587247,981865,265371,570888,1090159,49417888,298087,779746,12326,121709,176378,53305,68404,118107,58271,769283,10463,300670,468613,10463,0,1821,10505,1317,504,10505,0,21593295,27824593,7348035,14245260,12219757,15604836,n0,false,0.8156682085979216,0.746446853383712,0,3502,false,501,4,0.4980477120012749,0.4450878813640151,null
17307169,50508047,1441816,13459982,2405371,1100903,340913,8750979,0,1569112,836259,405047,695856,2623655,2426261,2030615,0,587247,981865,265371,570888,1090159,49417888,298087,779746,12326,121709,176378,53305,68404,118107,58271,769283,10463,300670,468613,10463,0,1821,10505,1317,504,10505,0,21593295,27824593,7348035,14245260,12219757,15604836,n1,true,0.152584631148873,0.7542458758323816,11,1071,false,500,1,0.24486701391518495,0.219915457707192,null
17307169,50508047,1441816,13459982,2405371,1100903,340913,8750979,0,1569112,836259,405047,695856,2623655,2426261,2030615,0,587247,981865,265371,570888,1090159,49417888,298087,779746,12326,121709,176378,53305,68404,118107,58271,769283,10463,300670,468613,10463,0,1821,10505,1317,504,10505,0,21593295,27824593,7348035,14245260,12219757,15604836,n2,false,0.649167562653764,0.8003528173131926,0,15199,false,0,0,0.4121270694795848,0.8972759475418117,null
17307169,50508047,1441816,13459982,2405371,1100903,340913,8750979,0,1569112,836259,405047,695856,2623655,2426261,2030615,0,587247,981865,265371,570888,1090159,49417888,298087,779746,12326,121709,176378,53305,68404,118107,58271,769283,10463,300670,468613,10463,0,1821,10505,1317,504,10505,0,21593295,27824593,7348035,14245260,12219757,15604836,n3,false,0.007949686962061546,0.734053548110419,0,3444,false,501,3,0.5144337102074323,0.07595471670217813,null
17307169,50508047,1441816,13459982,2405371,1100903,340913,8750979,0,1569112,836259,405047,695856,2623655,2426261,2030615,0,587247,981865,265371,570888,1090159,49417888,298087,779746,12326,121709,176378,53305,68404,118107,58271,769283,10463,300670,468613,10463,0,1821,10505,1317,504,10505,0,21593295,27824593,7348035,14245260,12219757,15604836,n4,true,0.8463534038889801,0.7797815630082817,11,13788,false,0,1,0.3302299236162659,0.840575071327416,null
17307169,50508047,1441816,13459982,2405371,1100903,340913,8750979,0,1569112,836259,405047,695856,2623655,2426261,2030615,0,587247,981865,265371,570888,1090159,49417888,298087,779746,12326,121709,176378,53305,68404,118107,58271,769283,10463,300670,468613,10463,0,1821,10505,1317,504,10505,0,21593295,27824593,7348035,14245260,12219757,15604836,n6,false,0.5292401713458554,0.8436641981430812,0,15199,false,500,0,0.8462237315786152,0.7929599181749184,null
17307169,50508047,1441816,13459982,2405371,1100903,340913,8750979,0,1569112,836259,405047,695856,2623655,2426261,2030615,0,587247,981865,265371,570888,1090159,49417888,298087,779746,12326,121709,176378,53305,68404,118107,58271,769283,10463,300670,468613,10463,0,1821,10505,1317,504,10505,0,21593295,27824593,7348035,14245260,12219757,15604836,n9,false,0.4564171930638617,0.3467547303406848,0,3417,false,501,3,0.6984883332339332,0.36557837127056514,null
17307169,50508047,1441816,13459982,2405371,1100903,340913,8750979,0,1569112,836259,405047,695856,2623655,2426261,2030615,0,587247,981865,265371,570888,1090159,49417888,298087,779746,12326,121709,176378,53305,68404,118107,58271,769283,10463,300670,468613,10463,0,1821,10505,1317,504,10505,0,21593295,27824593,7348035,14245260,12219757,15604836,n10,false,0.4532587850848817,0.6052875139547479,0,8076,false,501,3,0.6179265606682179,0.4620361204540254,null
17307169,50508047,1441816,13459982,2405371,1100903,340913,8750979,0,1569112,836259,405047,695856,2623655,2426261,2030615,0,587247,981865,265371,570888,1090159,49417888,298087,779746,12326,121709,176378,53305,68404,118107,58271,769283,10463,300670,468613,10463,0,1821,10505,1317,504,10505,0,21593295,27824593,7348035,14245260,12219757,15604836,n12,true,0.8729022467302371,0.46931172469547855,13,15199,false,0,0,0.08411280914527236,0.5597288968719627,null
17307169,50508047,1441816,13459982,2405371,1100903,340913,8750979,0,1569112,836259,405047,695856,2623655,2426261,2030615,0,587247,981865,265371,570888,1090159,49417888,298087,779746,12326,121709,176378,53305,68404,118107,58271,769283,10463,300670,468613,10463,0,1821,10505,1317,504,10505,0,21593295,27824593,7348035,14245260,12219757,15604836,n13,false,0.8306332411230443,0.770227106546004,0,11514,false,501,3,0.032908705347140965,0.05722521380729462,null
17307169,50508047,1441816,13459982,2405371,1100903,340913,8750979,0,1569112,836259,405047,695856,2623655,2426261,2030615,0,587247,981865,265371,570888,1090159,49417888,298087,779746,12326,121709,176378,53305,68404,118107,58271,769283,10463,300670,468613,10463,0,1821,10505,1317,504,10505,0,21593295,27824593,7348035,14245260,12219757,15604836,n15,true,0.29609199330611796,0.7453848249619409,12,2291,false,501,3,0.3777788934913462,0.8952486235541306,null
17307169,50508047,1441816,13459982,2405371,1100903,340913,8750979,0,1569112,836259,405047,695856,2623655,2426261,2030615,0,587247,981865,265371,570888,1090159,49417888,298087,779746,12326,121709,176378,53305,68404,118107,58271,769283,10463,300670,468613,10463,0,1821,10505,1317,504,10505,0,21593295,27824593,7348035,14245260,12219757,15604836,n19,false,0.5775662227159022,0.8660997797776264,0,13505,false,500,1,0.025086569532347502,0.8345130043941151,null
17307169,50508047,1441816,13459982,2405371,1100903,340913,8750979,0,1569112,836259,405047,695856,2623655,2426261,2030615,0,587247,981865,265371,570888,1090159,49417888,298087,779746,12326,121709,176378,53305,68404,118107,58271,769283,10463,300670,468613,10463,0,1821,10505,1317,504,10505,0,21593295,27824593,7348035,14245260,12219757,15604836,n23,false,0.34478245043067074,0.6869305902518238,0,15199,false,0,0,0.7357288745401944,0.6071228680604048,null
17307169,50508047,1441816,13459982,2405371,1100903,340913,8750979,0,1569112,836259,405047,695856,2623655,2426261,2030615,0,587247,981865,265371,570888,1090159,49417888,298087,779746,12326,121709,176378,53305,68404,118107,58271,769283,10463,300670,468613,10463,0,1821,10505,1317,504,10505,0,21593295,27824593,7348035,14245260,12219757,15604836,n26,false,0.6640640211465988,0.7283967725978981,0,7326,false,502,5,0.8628953556936059,0.5069426793701881,null
17307169,50508047,1441816,13459982,2405371,1100903,340913,8750979,0,1569112,836259,405047,695856,2623655,2426261,2030615,0,587247,981865,265371,570888,1090159,49417888,298087,779746,12326,121709,176378,53305,68404,118107,58271,769283,10463,300670,468613,10463,0,1821,10505,1317,504,10505,0,21593295,27824593,7348035,14245260,12219757,15604836,n29,false,0.029183311876526986,0.6845589457431854,0,8317,false,501,2,0.5402437750472555,0.7207749337085737,null
17307169,50508047,1441816,13459982,2405371,1100903,340913,8750979,0,1569112,836259,405047,695856,2623655,2426261,2030615,0,587247,981865,265371,570888,1090159,49417888,298087,779746,12326,121709,176378,53305,68404,118107,58271,769283,10463,300670,468613,10463,0,1821,10505,1317,504,10505,0,21593295,27824593,7348035,14245260,12219757,15604836,n35,true,0.09416343844601593,0.9640997661167149,13,15199,false,0,0,0.06949560417371914,0.36943808839464876,null
17307169,50508047,1441816,13459982,2405371,1100903,340913,8750979,0,1569112,836259,405047,695856,2623655,2426261,2030615,0,587247,981865,265371,570888,1090159,49417888,298087,779746,12326,121709,176378,53305,68404,118107,58271,769283,10463,300670,468613,10463,0,1821,10505,1317,504,10505,0,21593295,27824593,7348035,14245260,12219757,15604836,n36,false,0.4720220863795524,0.6715736316996999,0,686,false,500,2,0.47895824116147556,0.47494003247339733,null
17307169,50508047,1441816,13459982,2405371,1100903,340913,8750979,0,1569112,836259,405047,695856,2623655,2426261,2030615,0,587247,981865,265371,570888,1090159,49417888,298087,779746,12326,121709,176378,53305,68404,118107,58271,769283,10463,300670,468613,10463,0,1821,10505,1317,504,10505,0,21593295,27824593,7348035,14245260,12219757,15604836,n37,false,0.7358241751386256,0.594046994672088,0,4752,false,500,1,0.22258278951592947,0.9176479534733712,null
17307169,50508047,1441816,13459982,2405371,1100903,340913,8750979,0,1569112,836259,405047,695856,2623655,2426261,2030615,0,587247,981865,265371,570888,1090159,49417888,298087,779746,12326,121709,176378,53305,68404,118107,58271,769283,10463,300670,468613,10463,0,1821,10505,1317,504,10505,0,21593295,27824593,7348035,14245260,12219757,15604836,n39,true,0.8101118336955468,0.8209471485134687,10,15004,false,0,1,0.6282187731189162,0.8741847330930175,null
17307169,50508047,1441816,13459982,2405371,1100903,340913,8750979,0,1569112,836259,405047,695856,2623655,2426261,2030615,0,587247,981865,265371,570888,1090159,49417888,298087,779746,12326,121709,176378,53305,68404,118107,58271,769283,10463,300670,468613,10463,0,1821,10505,1317,504,10505,0,21593295,27824593,7348035,14245260,12219757,15604836,n45,true,0.5416814431850727,0.5217542564532285,11,1573,false,0,1,0.5718414816600195,0.5195569796655163,null
17307169,50508047,1441816,13459982,2405371,1100903,340913,8750979,0,1569112,836259,405047,695856,2623655,2426261,2030615,0,587247,981865,265371,570888,1090159,49417888,298087,779746,12326,121709,176378,53305,68404,118107,58271,769283,10463,300670,468613,10463,0,1821,10505,1317,504,10505,0,21593295,27824593,7348035,14245260,12219757,15604836,n46,true,0.12907789247041127,0.5737464924266803,12,5554,false,0,1,0.4548321788886257,0.8787689766806486,null
17307169,50508047,1441816,13459982,2405371,1100903,340913,8750979,0,1569112,836259,405047,695856,2623655,2426261,2030615,0,587247,981865,265371,570888,1090159,49417888,298087,779746,12326,121709,176378,53305,68404,118107,58271,769283,10463,300670,468613,10463,0,1821,10505,1317,504,10505,0,21593295,27824593,7348035,14245260,12219757,15604836,n47,false,0.5094981342066305,0.6467698614541888,0,1652,false,500,4,0.2790971915137339,0.9147152123803776,null
17307169,50508047,1441816,13459982,2405371,1100903,340913,8750979,0,1569112,836259,405047,695856,2623655,2426261,2030615,0,587247,981865,265371,570888,1090159,49417888,298087,779746,12326,121709,176378,53305,68404,118107,58271,769283,10463,300670,468613,10463,0,1821,10505,1317,504,10505,0,21593295,27824593,7348035,14245260,12219757,15604836,n49,true,0.23076150017297847,0.7182334817296608,14,15199,false,0,0,0.3207904885745507,0.863332926291588,null
17307169,50508047,1441816,13459982,2405371,1100903,340913,8750979,0,1569112,836259,405047,695856,2623655,2426261,2030615,0,587247,981865,265371,570888,1090159,49417888,298087,779746,12326,121709,176378,53305,68404,118107,58271,769283,10463,300670,468613,10463,0,1821,10505,1317,504,10505,0,21593295,27824593,7348035,14245260,12219757,15604836,n51,true,0.1443420499721373,0.9004304758613412,14,15199,false,0,0,0.6206798048686,0.9598607358584166,null
17307169,50508047,1441816,13459982,2405371,1100903,340913,8750979,0,1569112,836259,405047,695856,2623655,2426261,2030615,0,587247,981865,265371,570888,1090159,49417888,298087,779746,12326,121709,176378,53305,68404,118107,58271,769283,10463,300670,468613,10463,0,1821,10505,1317,504,10505,0,21593295,27824593,7348035,14245260,12219757,15604836,n52,true,0.693268156376595,0.9219078914931441,11,1392,false,502,7,0.8720173555187944,0.708859716393244,null
17307169,50508047,1441816,13459982,2405371,1100903,340913,8750979,0,1569112,836259,405047,695856,2623655,2426261,2030615,0,587247,981865,265371,570888,1090159,49417888,298087,779746,12326,121709,176378,53305,68404,118107,58271,769283,10463,300670,468613,10463,0,1821,10505,1317,504,10505,0,21593295,27824593,7348035,14245260,12219757,15604836,n58,false,0.0921798682165486,0.8370395112446256,0,2744,false,500,2,0.699463614448839,0.7601824542617892,null
17307169,50508047,1441816,13459982,2405371,1100903,340913,8750979,0,1569112,836259,405047,695856,2623655,2426261,2030615,0,587247,981865,265371,570888,1090159,49417888,298087,779746,12326,121709,176378,53305,68404,118107,58271,769283,10463,300670,468613,10463,0,1821,10505,1317,504,10505,0,21593295,27824593,7348035,14245260,12219757,15604836,n59,false,0.36339512148984826,0.6185075822701207,0,1668,false,501,3,0.5919149350998865,0.7381795607166244,null
17307169,50508047,1441816,13459982,2405371,1100903,340913,8750979,0,1569112,836259,405047,695856,2623655,2426261,2030615,0,587247,981865,265371,570888,1090159,49417888,298087,779746,12326,121709,176378,53305,68404,118107,58271,769283,10463,300670,468613,10463,0,1821,10505,1317,504,10505,0,21593295,27824593,7348035,14245260,12219757,15604836,n64,true,0.013284523056100336,0.8627838671146082,12,10064,false,500,2,0.2614899722221703,0.5418666380998519,null
17307169,50508047,1441816,13459982,2405371,1100903,340913,8750979,0,1569112,836259,405047,695856,2623655,2426261,2030615,0,587247,981865,265371,570888,1090159,49417888,298087,779746,12326,121709,176378,53305,68404,118107,58271,769283,10463,300670,468613,10463,0,1821,10505,1317,504,10505,0,21593295,27824593,7348035,14245260,12219757,15604836,n67,false,0.13653963824132262,0.7525473943077142,0,132,false,502,5,0.021360505115272044,0.7511076302345607,null
17307169,50508047,1441816,13459982,2405371,1100903,340913,8750979,0,1569112,836259,405047,695856,2623655,2426261,2030615,0,587247,981865,265371,570888,1090159,49417888,298087,779746,12326,121709,176378,53305,68404,118107,58271,769283,10463,300670,468613,10463,0,1821,10505,1317,504,10505,0,21593295,27824593,7348035,14245260,12219757,15604836,n68,false,0.6836769370476153,0.6056263970466423,0,4599,false,501,3,0.8131209013927272,0.9862876073582021,null
17307169,50508047,1441816,13459982,2405371,1100903,340913,8750979,0,1569112,836259,405047,695856,2623655,2426261,2030615,0,587247,981865,265371,570888,1090159,49417888,298087,779746,12326,121709,176378,53305,68404,118107,58271,769283,10463,300670,468613,10463,0,1821,10505,1317,504,10505,0,21593295,27824593,7348035,14245260,12219757,15604836,n69,false,0.7150267675429592,0.7819191357609885,0,15199,false,500,0,0.4257922805828066,0.6335859706586742,null
17307169,50508047,1441816,13459982,2405371,1100903,340913,8750979,0,1569112,836259,405047,695856,2623655,2426261,2030615,0,587247,981865,265371,570888,1090159,49417888,298087,779746,12326,121709,176378,53305,68404,118107,58271,769283,10463,300670,468613,10463,0,1821,10505,1317,504,10505,0,21593295,27824593,7348035,14245260,12219757,15604836,n71,false,0.0882382547105613,0.6019920881467663,0,4599,false,500,2,0.6485719021125951,0.8363772244808029,null
17307169,50508047,1441816,13459982,2405371,1100903,340913,8750979,0,1569112,836259,405047,695856,2623655,2426261,2030615,0,587247,981865,265371,570888,1090159,49417888,298087,779746,12326,121709,176378,53305,68404,118107,58271,769283,10463,300670,468613,10463,0,1821,10505,1317,504,10505,0,21593295,27824593,7348035,14245260,12219757,15604836,n72,true,0.5703457974846675,0.4016578214052143,14,1050,false,500,2,0.4045720711987209,0.8469634725853292,null
17307169,50508047,1441816,13459982,2405371,1100903,340913,8750979,0,1569112,836259,405047,695856,2623655,2426261,2030615,0,587247,981865,265371,570888,1090159,49417888,298087,779746,12326,121709,176378,53305,68404,118107,58271,769283,10463,300670,468613,10463,0,1821,10505,1317,504,10505,0,21593295,27824593,7348035,14245260,12219757,15604836,n74,true,0.7142939596774169,0.7165103715753426,15,9750,false,0,1,0.8197373010256191,0.6788876601211308,null
17307169,50508047,1441816,13459982,2405371,1100903,340913,8750979,0,1569112,836259,405047,695856,2623655,2426261,2030615,0,587247,981865,265371,570888,1090159,49417888,298087,779746,12326,121709,176378,53305,68404,118107,58271,769283,10463,300670,468613,10463,0,1821,10505,1317,504,10505,0,21593295,27824593,7348035,14245260,12219757,15604836,n78,true,0.12302000681700612,0.478712513319442,10,2541,false,343,7,0.2258361918839898,0.7734101928362666,null
17307169,50508047,1441816,13459982,2405371,1100903,340913,8750979,0,1569112,836259,405047,695856,2623655,2426261,2030615,0,587247,981865,265371,570888,1090159,49417888,298087,779746,12326,121709,176378,53305,68404,118107,58271,769283,10463,300670,468613,10463,0,1821,10505,1317,504,10505,0,21593295,27824593,7348035,14245260,12219757,15604836,n79,false,0.6691269183087328,0.6004096181639694,0,3343,false,502,6,0.6880535316605382,0.665956948103032,null
17307169,50508047,1441816,13459982,2405371,1100903,340913,8750979,0,1569112,836259,405047,695856,2623655,2426261,2030615,0,587247,981865,265371,570888,1090159,49417888,298087,779746,12326,121709,176378,53305,68404,118107,58271,769283,10463,300670,468613,10463,0,1821,10505,1317,504,10505,0,21593295,27824593,7348035,14245260,12219757,15604836,n81,true,0.7369971178454215,0.7321933938818199,11,15199,false,0,0,0.5630282546801822,0.6280536178651954,null
17307169,50508047,1441816,13459982,2405371,1100903,340913,8750979,0,1569112,836259,405047,695856,2623655,2426261,2030615,0,587247,981865,265371,570888,1090159,49417888,298087,779746,12326,121709,176378,53305,68404,118107,58271,769283,10463,300670,468613,10463,0,1821,10505,1317,504,10505,0,21593295,27824593,7348035,14245260,12219757,15604836,n82,true,0.9109916047969439,0.8239474237372855,9,7313,false,500,3,0.6889322255465605,0.4020031721611733,null
17307169,50508047,1441816,13459982,2405371,1100903,340913,8750979,0,1569112,836259,405047,695856,2623655,2426261,2030615,0,587247,981865,265371,570888,1090159,49417888,298087,779746,12326,121709,176378,53305,68404,118107,58271,769283,10463,300670,468613,10463,0,1821,10505,1317,504,10505,0,21593295,27824593,7348035,14245260,12219757,15604836,n83,false,0.7827571302350648,0.8274306941219414,0,1076,false,502,5,0.4908958719341064,0.868974993855191,null
17307169,50508047,1441816,13459982,2405371,1100903,340913,8750979,0,1569112,836259,405047,695856,2623655,2426261,2030615,0,587247,981865,265371,570888,1090159,49417888,298087,779746,12326,121709,176378,53305,68404,118107,58271,769283,10463,300670,468613,10463,0,1821,10505,1317,504,10505,0,21593295,27824593,7348035,14245260,12219757,15604836,n85,false,0.5924301948167733,0.8494161868308792,0,15199,false,500,0,0.6238893474039446,0.9154262457538457,null
17307169,50508047,1441816,13459982,2405371,1100903,340913,8750979,0,1569112,836259,405047,695856,2623655,2426261,2030615,0,587247,981865,265371,570888,1090159,49417888,298087,779746,12326,121709,176378,53305,68404,118107,58271,769283,10463,300670,468613,10463,0,1821,10505,1317,504,10505,0,21593295,27824593,7348035,14245260,12219757,15604836,n90,false,0.44557912775445013,0.7502804335674818,0,15197,false,500,1,0.4070440752599414,0.5711136415716164,null
17307169,50508047,1441816,13459982,2405371,1100903,340913,8750979,0,1569112,836259,405047,695856,2623655,2426261,2030615,0,587247,981865,265371,570888,1090159,49417888,298087,779746,12326,121709,176378,53305,68404,118107,58271,769283,10463,300670,468613,10463,0,1821,10505,1317,504,10505,0,21593295,27824593,7348035,14245260,12219757,15604836,n93,false,0.5179226526121917,0.8819623536357968,0,8004,false,502,5,0.4505259966868007,0.3229522084554141,null
17307169,50508047,1441816,13459982,2405371,1100903,340913,8750979,0,1569112,836259,405047,695856,2623655,2426261,2030615,0,587247,981865,265371,570888,1090159,49417888,298087,779746,12326,121709,176378,53305,68404,118107,58271,769283,10463,300670,468613,10463,0,1821,10505,1317,504,10505,0,21593295,27824593,7348035,14245260,12219757,15604836,n97,false,0.4071331767947337,0.8468264141597353,0,15199,false,0,0,0.6719920068839608,0.12407681276434118,null
17307169,50508047,1441816,13459982,2405371,1100903,340913,8750979,0,1569112,836259,405047,695856,2623655,2426261,2030615,0,587247,981865,265371,570888,1090159,49417888,298087,779746,12326,121709,176378,53305,68404,118107,58271,769283,10463,300670,468613,10463,0,1821,10505,1317,504,10505,0,21593295,27824593,7348035,14245260,12219757,15604836,n98,true,0.6120790928482133,0.7892489926504942,11,5869,false,500,2,0.8036535307374775,0.4898919017265134,null
17307169,50508047,1441816,13459982,2405371,1100903,340913,8750979,0,1569112,836259,405047,695856,2623655,2426261,2030615,0,587247,981865,265371,570888,1090159,49417888,298087,779746,12326,121709,176378,53305,68404,118107,58271,769283,10463,300670,468613,10463,0,1821,10505,1317,504,10505,0,21593295,27824593,7348035,14245260,12219757,15604836,n99,true,0.20649455873604156,0.784486263677895,11,11839,false,0,1,0.2979643236552203,0.2466145981396456,null
17307169,50508047,1441816,13459982,2405371,1100903,340913,8750979,0,1569112,836259,405047,695856,2623655,2426261,2030615,0,587247,981865,265371,570888,1090159,49417888,298087,779746,12326,121709,176378,53305,68404,118107,58271,769283,10463,300670,468613,10463,0,1821,10505,1317,504,10505,0,21593295,27824593,7348035,14245260,12219757,15604836,n101,false,0.5726690725004883,0.8403535645869011,0,1849,false,505,10,0.5713281795027747,0.4819985926331248,null
17307169,50508047,1441816,13459982,2405371,1100903,340913,8750979,0,1569112,836259,405047,695856,2623655,2426261,2030615,0,587247,981865,265371,570888,1090159,49417888,298087,779746,12326,121709,176378,53305,68404,118107,58271,769283,10463,300670,468613,10463,0,1821,10505,1317,504,10505,0,21593295,27824593,7348035,14245260,12219757,15604836,n104,false,0.2184703001044887,0.5570383213103326,0,15199,false,0,0,0.8082102153706929,0.7304395123141707,null
17307169,50508047,1441816,13459982,2405371,1100903,340913,8750979,0,1569112,836259,405047,695856,2623655,2426261,2030615,0,587247,981865,265371,570888,1090159,49417888,298087,779746,12326,121709,176378,53305,68404,118107,58271,769283,10463,300670,468613,10463,0,1821,10505,1317,504,10505,0,21593295,27824593,7348035,14245260,12219757,15604836,n106,true,0.2418890631825969,0.7207330921892959,12,6264,false,0,1,0.705003003418724,0.21054606519202523,null
17307169,50508047,1441816,13459982,2405371,1100903,340913,8750979,0,1569112,836259,405047,695856,2623655,2426261,2030615,0,587247,981865,265371,570888,1090159,49417888,298087,779746,12326,121709,176378,53305,68404,118107,58271,769283,10463,300670,468613,10463,0,1821,10505,1317,504,10505,0,21593295,27824593,7348035,14245260,12219757,15604836,n108,true,0.8376394845287272,0.6064492377102099,12,4422,false,22,2,0.5514673522817798,0.57545959427789,null
17307169,50508047,1441816,13459982,2405371,1100903,340913,8750979,0,1569112,836259,405047,695856,2623655,2426261,2030615,0,587247,981865,265371,570888,1090159,49417888,298087,779746,12326,121709,176378,53305,68404,118107,58271,769283,10463,300670,468613,10463,0,1821,10505,1317,504,10505,0,21593295,27824593,7348035,14245260,12219757,15604836,n109,true,0.8733309031914609,0.2402020479086055,12,6814,false,502,6,0.6475046204579276,0.979370823659142,null
17307169,50508047,1441816,13459982,2405371,1100903,340913,8750979,0,1569112,836259,405047,695856,2623655,2426261,2030615,0,587247,981865,265371,570888,1090159,49417888,298087,779746,12326,121709,176378,53305,68404,118107,58271,769283,10463,300670,468613,10463,0,1821,10505,1317,504,10505,0,21593295,27824593,7348035,14245260,12219757,15604836,n110,false,0.8282514550304216,0.9039722062269651,0,15199,false,0,0,0.07690915151162742,0.7440791260259967,null
17307169,50508047,1441816,13459982,2405371,1100903,340913,8750979,0,1569112,836259,405047,695856,2623655,2426261,2030615,0,587247,981865,265371,570888,1090159,49417888,298087,779746,12326,121709,176378,53305,68404,118107,58271,769283,10463,300670,468613,10463,0,1821,10505,1317,504,10505,0,21593295,27824593,7348035,14245260,12219757,15604836,n112,true,0.09639148330535513,0.40834798267359884,12,3248,false,501,4,0.395647616894663,0.5891533792028143,null
17307169,50508047,1441816,13459982,2405371,1100903,340913,8750979,0,1569112,836259,405047,695856,2623655,2426261,2030615,0,587247,981865,265371,570888,1090159,49417888,298087,779746,12326,121709,176378,53305,68404,118107,58271,769283,10463,300670,468613,10463,0,1821,10505,1317,504,10505,0,21593295,27824593,7348035,14245260,12219757,15604836,n113,true,0.7755200707043963,0.691971859770808,12,14691,false,500,1,0.4929503034386753,0.6472497122110819,null
17307169,50508047,1441816,13459982,2405371,1100903,340913,8750979,0,1569112,836259,405047,695856,2623655,2426261,2030615,0,587247,981865,265371,570888,1090159,49417888,298087,779746,12326,121709,176378,53305,68404,118107,58271,769283,10463,300670,468613,10463,0,1821,10505,1317,504,10505,0,21593295,27824593,7348035,14245260,12219757,15604836,n114,true,0.2323232588932669,0.5933455374211352,12,4995,false,5,4,0.5688326549002459,0.2756575275402212,null
17307169,50508047,1441816,13459982,2405371,1100903,340913,8750979,0,1569112,836259,405047,695856,2623655,2426261,2030615,0,587247,981865,265371,570888,1090159,49417888,298087,779746,12326,121709,176378,53305,68404,118107,58271,769283,10463,300670,468613,10463,0,1821,10505,1317,504,10505,0,21593295,27824593,7348035,14245260,12219757,15604836,n115,false,0.5541465493514061,0.3888643439595747,0,7568,false,501,4,0.8846642058732026,0.5237067581714819,null
17307169,50508047,1441816,13459982,2405371,1100903,340913,8750979,0,1569112,836259,405047,695856,2623655,2426261,2030615,0,587247,981865,265371,570888,1090159,49417888,298087,779746,12326,121709,176378,53305,68404,118107,58271,769283,10463,300670,468613,10463,0,1821,10505,1317,504,10505,0,21593295,27824593,7348035,14245260,12219757,15604836,n117,false,0.647632312356629,0.7167310756316366,0,4244,false,501,3,0.863532584356759,0.768552444625526,null
17307169,50508047,1441816,13459982,2405371,1100903,340913,8750979,0,1569112,836259,405047,695856,2623655,2426261,2030615,0,587247,981865,265371,570888,1090159,49417888,298087,779746,12326,121709,176378,53305,68404,118107,58271,769283,10463,300670,468613,10463,0,1821,10505,1317,504,10505,0,21593295,27824593,7348035,14245260,12219757,15604836,n121,false,0.9570360408103294,0.6036293520550661,0,1564,false,502,7,0.1497983521568953,0.7592657863730822,null
17307169,50508047,1441816,13459982,2405371,1100903,340913,8750979,0,1569112,836259,405047,695856,2623655,2426261,2030615,0,587247,981865,265371,570888,1090159,49417888,298087,779746,12326,121709,176378,53305,68404,118107,58271,769283,10463,300670,468613,10463,0,1821,10505,1317,504,10505,0,21593295,27824593,7348035,14245260,12219757,15604836,n124,true,0.2530888053576295,0.6338508720290849,12,3176,false,502,6,0.39767122810870925,0.9101305824456051,null
17307169,50508047,1441816,13459982,2405371,1100903,340913,8750979,0,1569112,836259,405047,695856,2623655,2426261,2030615,0,587247,981865,265371,570888,1090159,49417888,298087,779746,12326,121709,176378,53305,68404,118107,58271,769283,10463,300670,468613,10463,0,1821,10505,1317,504,10505,0,21593295,27824593,7348035,14245260,12219757,15604836,n127,false,0.30989293033439563,0.9334767532152317,0,4354,false,502,7,0.598427768080452,0.8086141808077997,null
17307169,50508047,1441816,13459982,2405371,1100903,340913,8750979,0,1569112,836259,405047,695856,2623655,2426261,2030615,0,587247,981865,265371,570888,1090159,49417888,298087,779746,12326,121709,176378,53305,68404,118107,58271,769283,10463,300670,468613,10463,0,1821,10505,1317,504,10505,0,21593295,27824593,7348035,14245260,12219757,15604836,n130,true,0.9579233962545148,0.7382616363824968,14,15199,false,0,0,0.7959584898293577,0.5458505287557109,null
17307169,50508047,1441816,13459982,2405371,1100903,340913,8750979,0,1569112,836259,405047,695856,2623655,2426261,2030615,0,587247,981865,265371,570888,1090159,49417888,298087,779746,12326,121709,176378,53305,68404,118107,58271,769283,10463,300670,468613,10463,0,1821,10505,1317,504,10505,0,21593295,27824593,7348035,14245260,12219757,15604836,n136,true,0.1294720575705065,0.5939075681502801,12,7220,false,500,2,0.3344253746917968,0.4609477386316378,null
17307169,50508047,1441816,13459982,2405371,1100903,340913,8750979,0,1569112,836259,405047,695856,2623655,2426261,2030615,0,587247,981865,265371,570888,1090159,49417888,298087,779746,12326,121709,176378,53305,68404,118107,58271,769283,10463,300670,468613,10463,0,1821,10505,1317,504,10505,0,21593295,27824593,7348035,14245260,12219757,15604836,n137,false,0.7402108467462674,0.7246796747413721,0,90,false,503,7,0.7787183713553759,0.7778141439083079,null
17307169,50508047,1441816,13459982,2405371,1100903,340913,8750979,0,1569112,836259,405047,695856,2623655,2426261,2030615,0,587247,981865,265371,570888,1090159,49417888,298087,779746,12326,121709,176378,53305,68404,118107,58271,769283,10463,300670,468613,10463,0,1821,10505,1317,504,10505,0,21593295,27824593,7348035,14245260,12219757,15604836,n139,true,0.788648861841269,0.7335778942691583,13,1506,false,215,3,0.5661933212431788,0.8512187503031523,null
17307169,50508047,1441816,13459982,2405371,1100903,340913,8750979,0,1569112,836259,405047,695856,2623655,2426261,2030615,0,587247,981865,265371,570888,1090159,49417888,298087,779746,12326,121709,176378,53305,68404,118107,58271,769283,10463,300670,468613,10463,0,1821,10505,1317,504,10505,0,21593295,27824593,7348035,14245260,12219757,15604836,n141,false,0.4057249818799656,0.6781016754125846,0,1434,false,501,3,0.43196456512351344,0.8608105690972766,null
17307169,50508047,1441816,13459982,2405371,1100903,340913,8750979,0,1569112,836259,405047,695856,2623655,2426261,2030615,0,587247,981865,265371,570888,1090159,49417888,298087,779746,12326,121709,176378,53305,68404,118107,58271,769283,10463,300670,468613,10463,0,1821,10505,1317,504,10505,0,21593295,27824593,7348035,14245260,12219757,15604836,n148,true,0.5175193219967248,0.6152142051220261,14,6257,false,500,2,0.9651445960508905,0.6299370951628419,null
17307169,50508047,1441816,13459982,2405371,1100903,340913,8750979,0,1569112,836259,405047,695856,2623655,2426261,2030615,0,587247,981865,265371,570888,1090159,49417888,298087,779746,12326,121709,176378,53305,68404,118107,58271,769283,10463,300670,468613,10463,0,1821,10505,1317,504,10505,0,21593295,27824593,7348035,14245260,12219757,15604836,n150,true,0.16428107882858087,0.7131649234345382,13,1119,false,502,6,0.9404931917302273,0.7035212465165157,null
17307169,50508047,1441816,13459982,2405371,1100903,340913,8750979,0,1569112,836259,405047,695856,2623655,2426261,2030615,0,587247,981865,265371,570888,1090159,49417888,298087,779746,12326,121709,176378,53305,68404,118107,58271,769283,10463,300670,468613,10463,0,1821,10505,1317,504,10505,0,21593295,27824593,7348035,14245260,12219757,15604836,n151,false,0.38075104609014737,0.868087879135263,0,5560,false,501,3,0.7909549863827744,0.4226321701482397,null
17307169,50508047,1441816,13459982,2405371,1100903,340913,8750979,0,1569112,836259,405047,695856,2623655,2426261,2030615,0,587247,981865,265371,570888,1090159,49417888,298087,779746,12326,121709,176378,53305,68404,118107,58271,769283,10463,300670,468613,10463,0,1821,10505,1317,504,10505,0,21593295,27824593,7348035,14245260,12219757,15604836,n153,false,0.4666896956179317,0.6336238190059695,0,10390,false,502,5,0.025628627299344453,0.42343227646712445,null
17307169,50508047,1441816,13459982,2405371,1100903,340913,8750979,0,1569112,836259,405047,695856,2623655,2426261,2030615,0,587247,981865,265371,570888,1090159,49417888,298087,779746,12326,121709,176378,53305,68404,118107,58271,769283,10463,300670,468613,10463,0,1821,10505,1317,504,10505,0,21593295,27824593,7348035,14245260,12219757,15604836,n154,false,0.02081763624566246,0.9706319061825381,0,14674,false,500,1,0.7166176687815751,0.9811283071950951,null
17307169,50508047,1441816,13459982,2405371,1100903,340913,8750979,0,1569112,836259,405047,695856,2623655,2426261,2030615,0,587247,981865,265371,570888,1090159,49417888,298087,779746,12326,121709,176378,53305,68404,118107,58271,769283,10463,300670,468613,10463,0,1821,10505,1317,504,10505,0,21593295,27824593,7348035,14245260,12219757,15604836,n157,true,0.4552512445344484,0.595932966176092,13,15199,false,0,0,0.7033557246743999,0.7510697078820116,null
17307169,50508047,1441816,13459982,2405371,1100903,340913,8750979,0,1569112,836259,405047,695856,2623655,2426261,2030615,0,587247,981865,265371,570888,1090159,49417888,298087,779746,12326,121709,176378,53305,68404,118107,58271,769283,10463,300670,468613,10463,0,1821,10505,1317,504,10505,0,21593295,27824593,7348035,14245260,12219757,15604836,n158,false,0.46377996540662664,0.7645508254541954,0,15199,false,0,0,0.7162644704045361,0.8835703650000867,null
17307169,50508047,1441816,13459982,2405371,1100903,340913,8750979,0,1569112,836259,405047,695856,2623655,2426261,2030615,0,587247,981865,265371,570888,1090159,49417888,298087,779746,12326,121709,176378,53305,68404,118107,58271,769283,10463,300670,468613,10463,0,1821,10505,1317,504,10505,0,21593295,27824593,7348035,14245260,12219757,15604836,n161,false,0.5961698846075977,0.47226567897086125,0,1265,false,502,5,0.1316710752103265,0.9050095587403939,null
17307169,50508047,1441816,13459982,2405371,1100903,340913,8750979,0,1569112,836259,405047,695856,2623655,2426261,2030615,0,587247,981865,265371,570888,1090159,49417888,298087,779746,12326,121709,176378,53305,68404,118107,58271,769283,10463,300670,468613,10463,0,1821,10505,1317,504,10505,0,21593295,27824593,7348035,14245260,12219757,15604836,n163,true,0.10761498859969706,0.7489135928971173,13,2345,false,3,3,0.2140690776486167,0.15869644037489644,null
17307169,50508047,1441816,13459982,2405371,1100903,340913,8750979,0,1569112,836259,405047,695856,2623655,2426261,2030615,0,587247,981865,265371,570888,1090159,49417888,298087,779746,12326,121709,176378,53305,68404,118107,58271,769283,10463,300670,468613,10463,0,1821,10505,1317,504,10505,0,21593295,27824593,7348035,14245260,12219757,15604836,n167,true,0.22547156529966583,0.7375754386740828,11,15199,false,0,0,0.6192302946389512,0.6238976391553575,null
17307169,50508047,1441816,13459982,2405371,1100903,340913,8750979,0,1569112,836259,405047,695856,2623655,2426261,2030615,0,587247,981865,265371,570888,1090159,49417888,298087,779746,12326,121709,176378,53305,68404,118107,58271,769283,10463,300670,468613,10463,0,1821,10505,1317,504,10505,0,21593295,27824593,7348035,14245260,12219757,15604836,n168,false,0.999997639662154,0.6088493408210847,0,15199,false,0,0,0.46741760078626593,0.5194599134568705,null
17307169,50508047,1441816,13459982,2405371,1100903,340913,8750979,0,1569112,836259,405047,695856,2623655,2426261,2030615,0,587247,981865,265371,570888,1090159,49417888,298087,779746,12326,121709,176378,53305,68404,118107,58271,769283,10463,300670,468613,10463,0,1821,10505,1317,504,10505,0,21593295,27824593,7348035,14245260,12219757,15604836,n170,true,0.5410557220424841,0.7177189936837826,11,1419,false,0,1,0.8126986984193354,0.9111360767679508,null
17307169,50508047,1441816,13459982,2405371,1100903,340913,8750979,0,1569112,836259,405047,695856,2623655,2426261,2030615,0,587247,981865,265371,570888,1090159,49417888,298087,779746,12326,121709,176378,53305,68404,118107,58271,769283,10463,300670,468613,10463,0,1821,10505,1317,504,10505,0,21593295,27824593,7348035,14245260,12219757,15604836,n172,false,0.9999995283627505,0.9315584112436645,0,11940,false,500,1,0.261493446183713,0.8071011366034051,null
17307169,50508047,1441816,13459982,2405371,1100903,340913,8750979,0,1569112,836259,405047,695856,2623655,2426261,2030615,0,587247,981865,265371,570888,1090159,49417888,298087,779746,12326,121709,176378,53305,68404,118107,58271,769283,10463,300670,468613,10463,0,1821,10505,1317,504,10505,0,21593295,27824593,7348035,14245260,12219757,15604836,n174,false,0.14903739421641957,0.5573829530321894,0,5450,false,501,3,0.4349774000994868,0.7954005562218402,null
17307169,50508047,1441816,13459982,2405371,1100903,340913,8750979,0,1569112,836259,405047,695856,2623655,2426261,2030615,0,587247,981865,265371,570888,1090159,49417888,298087,779746,12326,121709,176378,53305,68404,118107,58271,769283,10463,300670,468613,10463,0,1821,10505,1317,504,10505,0,21593295,27824593,7348035,14245260,12219757,15604836,n176,true,0.7078244646367784,0.7503582318946748,11,15199,false,0,0,0.9957121331025487,0.8117237950892882,null
17307169,50508047,1441816,13459982,2405371,1100903,340913,8750979,0,1569112,836259,405047,695856,2623655,2426261,2030615,0,587247,981865,265371,570888,1090159,49417888,298087,779746,12326,121709,176378,53305,68404,118107,58271,769283,10463,300670,468613,10463,0,1821,10505,1317,504,10505,0,21593295,27824593,7348035,14245260,12219757,15604836,n178,true,0.6968407545372828,0.540409132455768,13,12463,false,0,1,0.6344599719639775,0.9109360853305051,null
17307169,50508047,1441816,13459982,2405371,1100903,340913,8750979,0,1569112,836259,405047,695856,2623655,2426261,2030615,0,587247,981865,265371,570888,1090159,49417888,298087,779746,12326,121709,176378,53305,68404,118107,58271,769283,10463,300670,468613,10463,0,1821,10505,1317,504,10505,0,21593295,27824593,7348035,14245260,12219757,15604836,n183,true,0.10927163467712858,0.6997947466643422,9,3154,false,5,2,0.5753104580692182,0.2667815776694297,null
17307169,50508047,1441816,13459982,2405371,1100903,340913,8750979,0,1569112,836259,405047,695856,2623655,2426261,2030615,0,587247,981865,265371,570888,1090159,49417888,298087,779746,12326,121709,176378,53305,68404,118107,58271,769283,10463,300670,468613,10463,0,1821,10505,1317,504,10505,0,21593295,27824593,7348035,14245260,12219757,15604836,n186,false,0.20369138318127325,0.801810552382351,0,13861,false,500,1,0.6914646955048919,0.8676621105005713,null
17307169,50508047,1441816,13459982,2405371,1100903,340913,8750979,0,1569112,836259,405047,695856,2623655,2426261,2030615,0,587247,981865,265371,570888,1090159,49417888,298087,779746,12326,121709,176378,53305,68404,118107,58271,769283,10463,300670,468613,10463,0,1821,10505,1317,504,10505,0,21593295,27824593,7348035,14245260,12219757,15604836,n187,false,0.9369571118196017,0.7299725820402092,0,10396,false,501,3,0.9435075854724065,0.996479824120139,null
17307169,50508047,1441816,13459982,2405371,1100903,340913,8750979,0,1569112,836259,405047,695856,2623655,2426261,2030615,0,587247,981865,265371,570888,1090159,49417888,298087,779746,12326,121709,176378,53305,68404,118107,58271,769283,10463,300670,468613,10463,0,1821,10505,1317,504,10505,0,21593295,27824593,7348035,14245260,12219757,15604836,n192,false,0.08853012455822175,0.795564820313654,0,989,false,501,3,0.4194008206841798,0.15705770993806306,null
17307169,50508047,1441816,13459982,2405371,1100903,340913,8750979,0,1569112,836259,405047,695856,2623655,2426261,2030615,0,587247,981865,265371,570888,1090159,49417888,298087,779746,12326,121709,176378,53305,68404,118107,58271,769283,10463,300670,468613,10463,0,1821,10505,1317,504,10505,0,21593295,27824593,7348035,14245260,12219757,15604836,n195,false,0.3077335080388835,0.6506248331743213,0,131,false,504,12,0.767920293123665,0.661759117331954,null
17307169,50508047,1441816,13459982,2405371,1100903,340913,8750979,0,1569112,836259,405047,695856,2623655,2426261,2030615,0,587247,981865,265371,570888,1090159,49417888,298087,779746,12326,121709,176378,53305,68404,118107,58271,769283,10463,300670,468613,10463,0,1821,10505,1317,504,10505,0,21593295,27824593,7348035,14245260,12219757,15604836,n197,false,0.28187904425370763,0.7578298016468364,0,10516,false,502,6,0.2952218585253107,0.6123248704876079,null
17307169,50508047,1441816,13459982,2405371,1100903,340913,8750979,0,1569112,836259,405047,695856,2623655,2426261,2030615,0,587247,981865,265371,570888,1090159,49417888,298087,779746,12326,121709,176378,53305,68404,118107,58271,769283,10463,300670,468613,10463,0,1821,10505,1317,504,10505,0,21593295,27824593,7348035,14245260,12219757,15604836,n198,true,0.019555734862154724,0.4890071300038665,12,1067,false,501,3,0.3478973685911496,0.7669975215468358,null
17307169,50508047,1441816,13459982,2405371,1100903,340913,8750979,0,1569112,836259,405047,695856,2623655,2426261,2030615,0,587247,981865,265371,570888,1090159,49417888,298087,779746,12326,121709,176378,53305,68404,118107,58271,769283,10463,300670,468613,10463,0,1821,10505,1317,504,10505,0,21593295,27824593,7348035,14245260,12219757,15604836,n200,false,0.655723169140357,0.6023083280304857,0,15199,false,500,0,0.6279930827862918,0.43390604704034935,null
17307169,50508047,1441816,13459982,2405371,1100903,340913,8750979,0,1569112,836259,405047,695856,2623655,2426261,2030615,0,587247,981865,265371,570888,1090159,49417888,298087,779746,12326,121709,176378,53305,68404,118107,58271,769283,10463,300670,468613,10463,0,1821,10505,1317,504,10505,0,21593295,27824593,7348035,14245260,12219757,15604836,n202,true,0.41283091499356145,0.7796295084132034,13,12240,false,0,1,0.40464591648254783,0.8071594740462449,null
17307169,50508047,1441816,13459982,2405371,1100903,340913,8750979,0,1569112,836259,405047,695856,2623655,2426261,2030615,0,587247,981865,265371,570888,1090159,49417888,298087,779746,12326,121709,176378,53305,68404,118107,58271,769283,10463,300670,468613,10463,0,1821,10505,1317,504,10505,0,21593295,27824593,7348035,14245260,12219757,15604836,n205,false,0.5442586840456671,0.571624199551256,0,14351,false,501,2,0.28516408361563944,0.5656072576613492,null
17307169,50508047,1441816,13459982,2405371,1100903,340913,8750979,0,1569112,836259,405047,695856,2623655,2426261,2030615,0,587247,981865,265371,570888,1090159,49417888,298087,779746,12326,121709,176378,53305,68404,118107,58271,769283,10463,300670,468613,10463,0,1821,10505,1317,504,10505,0,21593295,27824593,7348035,14245260,12219757,15604836,n207,false,0.279687628059077,0.5943895408776785,0,7806,false,500,1,0.463160793970215,0.34576316662700657,null
17307169,50508047,1441816,13459982,2405371,1100903,340913,8750979,0,1569112,836259,405047,695856,2623655,2426261,2030615,0,587247,981865,265371,570888,1090159,49417888,298087,779746,12326,121709,176378,53305,68404,118107,58271,769283,10463,300670,468613,10463,0,1821,10505,1317,504,10505,0,21593295,27824593,7348035,14245260,12219757,15604836,n209,false,0.08235472952031699,0.7883799733633858,0,2531,false,503,7,0.18215657338581842,0.7979024316103456,null
17307169,50508047,1441816,13459982,2405371,1100903,340913,8750979,0,1569112,836259,405047,695856,2623655,2426261,2030615,0,587247,981865,265371,570888,1090159,49417888,298087,779746,12326,121709,176378,53305,68404,118107,58271,769283,10463,300670,468613,10463,0,1821,10505,1317,504,10505,0,21593295,27824593,7348035,14245260,12219757,15604836,n212,false,0.5163533126124414,0.4996179180729481,0,3130,false,501,2,0.4421610701477784,0.45666288107939224,null
17307169,50508047,1441816,13459982,2405371,1100903,340913,8750979,0,1569112,836259,405047,695856,2623655,2426261,2030615,0,587247,981865,265371,570888,1090159,49417888,298087,779746,12326,121709,176378,53305,68404,118107,58271,769283,10463,300670,468613,10463,0,1821,10505,1317,504,10505,0,21593295,27824593,7348035,14245260,12219757,15604836,n213,false,0.06515895423097039,0.7272096045431524,0,12434,false,500,1,0.3167115244812542,0.46801843104195817,null
17307169,50508047,1441816,13459982,2405371,1100903,340913,8750979,0,1569112,836259,405047,695856,2623655,2426261,2030615,0,587247,981865,265371,570888,1090159,49417888,298087,779746,12326,121709,176378,53305,68404,118107,58271,769283,10463,300670,468613,10463,0,1821,10505,1317,504,10505,0,21593295,27824593,7348035,14245260,12219757,15604836,n214,true,0.5818058390119357,0.995327637240273,12,15199,false,0,0,0.5680709202144114,0.5782064854281296,null
17307169,50508047,1441816,13459982,2405371,1100903,340913,8750979,0,1569112,836259,405047,695856,2623655,2426261,2030615,0,587247,981865,265371,570888,1090159,49417888,298087,779746,12326,121709,176378,53305,68404,118107,58271,769283,10463,300670,468613,10463,0,1821,10505,1317,504,10505,0,21593295,27824593,7348035,14245260,12219757,15604836,n221,false,0.5151062663568107,0.6910428824507778,0,15171,false,500,1,0.47018706790290127,0.7147341521778727,null
17307169,50508047,1441816,13459982,2405371,1100903,340913,8750979,0,1569112,836259,405047,695856,2623655,2426261,2030615,0,587247,981865,265371,570888,1090159,49417888,298087,779746,12326,121709,176378,53305,68404,118107,58271,769283,10463,300670,468613,10463,0,1821,10505,1317,504,10505,0,21593295,27824593,7348035,14245260,12219757,15604836,n223,false,0.9939787834221354,0.5287369548935528,0,9528,false,500,1,0.4896185430966292,0.8926495491722207,null
17307169,50508047,1441816,13459982,2405371,1100903,340913,8750979,0,1569112,836259,405047,695856,2623655,2426261,2030615,0,587247,981865,265371,570888,1090159,49417888,298087,779746,12326,121709,176378,53305,68404,118107,58271,769283,10463,300670,468613,10463,0,1821,10505,1317,504,10505,0,21593295,27824593,7348035,14245260,12219757,15604836,n224,false,0.6654200346564668,0.5396115717579084,0,1816,false,501,4,0.2625327684801415,0.5849121614082887,null
17307169,50508047,1441816,13459982,2405371,1100903,340913,8750979,0,1569112,836259,405047,695856,2623655,2426261,2030615,0,587247,981865,265371,570888,1090159,49417888,298087,779746,12326,121709,176378,53305,68404,118107,58271,769283,10463,300670,468613,10463,0,1821,10505,1317,504,10505,0,21593295,27824593,7348035,14245260,12219757,15604836,n225,true,0.3257581117570296,0.6124868021673884,12,681,false,501,4,0.22945813495872752,0.9757748446350221,null
17307169,50508047,1441816,13459982,2405371,1100903,340913,8750979,0,1569112,836259,405047,695856,2623655,2426261,2030615,0,587247,981865,265371,570888,1090159,49417888,298087,779746,12326,121709,176378,53305,68404,118107,58271,769283,10463,300670,468613,10463,0,1821,10505,1317,504,10505,0,21593295,27824593,7348035,14245260,12219757,15604836,n227,false,0.7455567455254214,0.7896774116219453,0,1249,false,501,3,0.5890693253033549,0.627611914809818,null
17307169,50508047,1441816,13459982,2405371,1100903,340913,8750979,0,1569112,836259,405047,695856,2623655,2426261,2030615,0,587247,981865,265371,570888,1090159,49417888,298087,779746,12326,121709,176378,53305,68404,118107,58271,769283,10463,300670,468613,10463,0,1821,10505,1317,504,10505,0,21593295,27824593,7348035,14245260,12219757,15604836,n231,true,0.8645028771794913,0.9050642525170385,15,4420,false,24,3,0.4529939738000774,0.38190564961263385,null
17307169,50508047,1441816,13459982,2405371,1100903,340913,8750979,0,1569112,836259,405047,695856,2623655,2426261,2030615,0,587247,981865,265371,570888,1090159,49417888,298087,779746,12326,121709,176378,53305,68404,118107,58271,769283,10463,300670,468613,10463,0,1821,10505,1317,504,10505,0,21593295,27824593,7348035,14245260,12219757,15604836,n232,false,0.6035896418717087,0.5435993214132495,0,1042,false,502,6,0.4021808997619318,0.5073988640904806,null
17307169,50508047,1441816,13459982,2405371,1100903,340913,8750979,0,1569112,836259,405047,695856,2623655,2426261,2030615,0,587247,981865,265371,570888,1090159,49417888,298087,779746,12326,121709,176378,53305,68404,118107,58271,769283,10463,300670,468613,10463,0,1821,10505,1317,504,10505,0,21593295,27824593,7348035,14245260,12219757,15604836,n236,true,0.42114857124950844,0.38396579246806417,11,15199,false,0,0,0.06806374590669867,0.3602979664907451,null
17307169,50508047,1441816,13459982,2405371,1100903,340913,8750979,0,1569112,836259,405047,695856,2623655,2426261,2030615,0,587247,981865,265371,570888,1090159,49417888,298087,779746,12326,121709,176378,53305,68404,118107,58271,769283,10463,300670,468613,10463,0,1821,10505,1317,504,10505,0,21593295,27824593,7348035,14245260,12219757,15604836,n240,false,0.9538982571207405,0.8526409944401955,0,12850,false,501,3,0.36281939132043617,0.6030613056562107,null
17307169,50508047,1441816,13459982,2405371,1100903,340913,8750979,0,1569112,836259,405047,695856,2623655,2426261,2030615,0,587247,981865,265371,570888,1090159,49417888,298087,779746,12326,121709,176378,53305,68404,118107,58271,769283,10463,300670,468613,10463,0,1821,10505,1317,504,10505,0,21593295,27824593,7348035,14245260,12219757,15604836,n242,false,0.6092605490553468,0.6361630201016543,0,10485,false,503,7,0.4769598650307638,0.2523504264099077,null
17307169,50508047,1441816,13459982,2405371,1100903,340913,8750979,0,1569112,836259,405047,695856,2623655,2426261,2030615,0,587247,981865,265371,570888,1090159,49417888,298087,779746,12326,121709,176378,53305,68404,118107,58271,769283,10463,300670,468613,10463,0,1821,10505,1317,504,10505,0,21593295,27824593,7348035,14245260,12219757,15604836,n244,false,0.4688169752091321,0.5962337191377807,0,15196,false,500,1,0.5391706996690498,0.6957862544178423,null
17307169,50508047,1441816,13459982,2405371,1100903,340913,8750979,0,1569112,836259,405047,695856,2623655,2426261,2030615,0,587247,981865,265371,570888,1090159,49417888,298087,779746,12326,121709,176378,53305,68404,118107,58271,769283,10463,300670,468613,10463,0,1821,10505,1317,504,10505,0,21593295,27824593,7348035,14245260,12219757,15604836,n246,true,0.9999978780216255,0.5308132096526339,11,575,false,501,4,0.3450737915319737,0.5408514262115841,null
17307169,50508047,1441816,13459982,2405371,1100903,340913,8750979,0,1569112,836259,405047,695856,2623655,2426261,2030615,0,587247,981865,265371,570888,1090159,49417888,298087,779746,12326,121709,176378,53305,68404,118107,58271,769283,10463,300670,468613,10463,0,1821,10505,1317,504,10505,0,21593295,27824593,7348035,14245260,12219757,15604836,n247,true,0.5743032802906499,0.6576163730516773,11,6819,false,308,3,0.965025036416464,0.6938812195351587,null
17307169,50508047,1441816,13459982,2405371,1100903,340913,8750979,0,1569112,836259,405047,695856,2623655,2426261,2030615,0,587247,981865,265371,570888,1090159,49417888,298087,779746,12326,121709,176378,53305,68404,118107,58271,769283,10463,300670,468613,10463,0,1821,10505,1317,504,10505,0,21593295,27824593,7348035,14245260,12219757,15604836,n250,true,0.18495165525893784,0.6634008959898412,12,141,false,500,2,0.1587482167829723,0.3395673089837816,null
17307169,50508047,1441816,13459982,2405371,1100903,340913,8750979,0,1569112,836259,405047,695856,2623655,2426261,2030615,0,587247,981865,265371,570888,1090159,49417888,298087,779746,12326,121709,176378,53305,68404,118107,58271,769283,10463,300670,468613,10463,0,1821,10505,1317,504,10505,0,21593295,27824593,7348035,14245260,12219757,15604836,n254,true,0.325474780958491,0.5794189470826695,13,15199,false,0,0,0.5655834234255578,0.3783375348860447,null
17307169,50508047,1441816,13459982,2405371,1100903,340913,8750979,0,1569112,836259,405047,695856,2623655,2426261,2030615,0,587247,981865,265371,570888,1090159,49417888,298087,779746,12326,121709,176378,53305,68404,118107,58271,769283,10463,300670,468613,10463,0,1821,10505,1317,504,10505,0,21593295,27824593,7348035,14245260,12219757,15604836,n255,false,0.11604142838144271,0.5301155513921446,0,14698,false,500,1,0.7011034624275012,0.7848850197915525,null
17307169,50508047,1441816,13459982,2405371,1100903,340913,8750979,0,1569112,836259,405047,695856,2623655,2426261,2030615,0,587247,981865,265371,570888,1090159,49417888,298087,779746,12326,121709,176378,53305,68404,118107,58271,769283,10463,300670,468613,10463,0,1821,10505,1317,504,10505,0,21593295,27824593,7348035,14245260,12219757,15604836,n256,false,0.048691013738037345,0.4161437474214315,0,14695,false,500,2,0.727854367258614,0.788088845537155,null
17307169,50508047,1441816,13459982,2405371,1100903,340913,8750979,0,1569112,836259,405047,695856,2623655,2426261,2030615,0,587247,981865,265371,570888,1090159,49417888,298087,779746,12326,121709,176378,53305,68404,118107,58271,769283,10463,300670,468613,10463,0,1821,10505,1317,504,10505,0,21593295,27824593,7348035,14245260,12219757,15604836,n261,false,0.2952014833454215,0.698104548986913,0,9905,false,501,4,0.945734526325325,0.14614461731947392,null
17307169,50508047,1441816,13459982,2405371,1100903,340913,8750979,0,1569112,836259,405047,695856,2623655,2426261,2030615,0,587247,981865,265371,570888,1090159,49417888,298087,779746,12326,121709,176378,53305,68404,118107,58271,769283,10463,300670,468613,10463,0,1821,10505,1317,504,10505,0,21593295,27824593,7348035,14245260,12219757,15604836,n266,false,0.7943169078667336,0.959338157481257,0,14473,false,500,2,0.9045230536450523,0.6649659142847693,null
17307169,50508047,1441816,13459982,2405371,1100903,340913,8750979,0,1569112,836259,405047,695856,2623655,2426261,2030615,0,587247,981865,265371,570888,1090159,49417888,298087,779746,12326,121709,176378,53305,68404,118107,58271,769283,10463,300670,468613,10463,0,1821,10505,1317,504,10505,0,21593295,27824593,7348035,14245260,12219757,15604836,n267,true,0.2135812483555026,0.5922577640676502,12,2289,false,502,6,0.6315056619344931,0.2858134242182867,null
17307169,50508047,1441816,13459982,2405371,1100903,340913,8750979,0,1569112,836259,405047,695856,2623655,2426261,2030615,0,587247,981865,265371,570888,1090159,49417888,298087,779746,12326,121709,176378,53305,68404,118107,58271,769283,10463,300670,468613,10463,0,1821,10505,1317,504,10505,0,21593295,27824593,7348035,14245260,12219757,15604836,n273,true,0.43114553445131576,0.8826869090512035,12,9912,false,0,1,0.34419848249222684,0.7925193632313947,null
17307169,50508047,1441816,13459982,2405371,1100903,340913,8750979,0,1569112,836259,405047,695856,2623655,2426261,2030615,0,587247,981865,265371,570888,1090159,49417888,298087,779746,12326,121709,176378,53305,68404,118107,58271,769283,10463,300670,468613,10463,0,1821,10505,1317,504,10505,0,21593295,27824593,7348035,14245260,12219757,15604836,n274,true,0.5073892681074136,0.7685404778219884,12,6823,false,500,2,0.2156739952399951,0.7055876013285065,null
17307169,50508047,1441816,13459982,2405371,1100903,340913,8750979,0,1569112,836259,405047,695856,2623655,2426261,2030615,0,587247,981865,265371,570888,1090159,49417888,298087,779746,12326,121709,176378,53305,68404,118107,58271,769283,10463,300670,468613,10463,0,1821,10505,1317,504,10505,0,21593295,27824593,7348035,14245260,12219757,15604836,n275,true,0.5945115164123953,0.562392135157726,14,324,false,0,1,0.13277611537062017,0.9628014497612124,null
17307169,50508047,1441816,13459982,2405371,1100903,340913,8750979,0,1569112,836259,405047,695856,2623655,2426261,2030615,0,587247,981865,265371,570888,1090159,49417888,298087,779746,12326,121709,176378,53305,68404,118107,58271,769283,10463,300670,468613,10463,0,1821,10505,1317,504,10505,0,21593295,27824593,7348035,14245260,12219757,15604836,n276,true,0.40889522844280857,0.8338031149395346,11,6195,false,500,2,0.7413042541696848,0.4658740743927722,null
17307169,50508047,1441816,13459982,2405371,1100903,340913,8750979,0,1569112,836259,405047,695856,2623655,2426261,2030615,0,587247,981865,265371,570888,1090159,49417888,298087,779746,12326,121709,176378,53305,68404,118107,58271,769283,10463,300670,468613,10463,0,1821,10505,1317,504,10505,0,21593295,27824593,7348035,14245260,12219757,15604836,n278,false,0.06853728596158908,0.48588110173202276,0,15199,false,0,0,0.4494597952686611,0.19242134630556185,null
17307169,50508047,1441816,13459982,2405371,1100903,340913,8750979,0,1569112,836259,405047,695856,2623655,2426261,2030615,0,587247,981865,265371,570888,1090159,49417888,298087,779746,12326,121709,176378,53305,68404,118107,58271,769283,10463,300670,468613,10463,0,1821,10505,1317,504,10505,0,21593295,27824593,7348035,14245260,12219757,15604836,n279,false,0.8956818346867139,0.7688647347118855,0,4239,false,502,6,0.183842715616215,0.4102871748950908,null
17307169,50508047,1441816,13459982,2405371,1100903,340913,8750979,0,1569112,836259,405047,695856,2623655,2426261,2030615,0,587247,981865,265371,570888,1090159,49417888,298087,779746,12326,121709,176378,53305,68404,118107,58271,769283,10463,300670,468613,10463,0,1821,10505,1317,504,10505,0,21593295,27824593,7348035,14245260,12219757,15604836,n283,false,0.5064089300798553,0.450726580891438,0,2538,false,503,7,0.780456243568221,0.7846781651017639,null
17307169,50508047,1441816,13459982,2405371,1100903,340913,8750979,0,1569112,836259,405047,695856,2623655,2426261,2030615,0,587247,981865,265371,570888,1090159,49417888,298087,779746,12326,121709,176378,53305,68404,118107,58271,769283,10463,300670,468613,10463,0,1821,10505,1317,504,10505,0,21593295,27824593,7348035,14245260,12219757,15604836,n287,false,0.6857965269662625,0.5331199352011853,0,819,false,501,3,0.5588548837466345,0.6053854003899061,null
17307169,50508047,1441816,13459982,2405371,1100903,340913,8750979,0,1569112,836259,405047,695856,2623655,2426261,2030615,0,587247,981865,265371,570888,1090159,49417888,298087,779746,12326,121709,176378,53305,68404,118107,58271,769283,10463,300670,468613,10463,0,1821,10505,1317,504,10505,0,21593295,27824593,7348035,14245260,12219757,15604836,n289,true,0.18704737403170602,0.846114532927343,14,15199,false,0,0,0.39408663982984365,0.269046345004881,null
17307169,50508047,1441816,13459982,2405371,1100903,340913,8750979,0,1569112,836259,405047,695856,2623655,2426261,2030615,0,587247,981865,265371,570888,1090159,49417888,298087,779746,12326,121709,176378,53305,68404,118107,58271,769283,10463,300670,468613,10463,0,1821,10505,1317,504,10505,0,21593295,27824593,7348035,14245260,12219757,15604836,n290,true,0.22386807144801532,0.5655229474433465,13,9905,false,500,2,0.09066755739106247,0.9616216583436319,null
17307169,50508047,1441816,13459982,2405371,1100903,340913,8750979,0,1569112,836259,405047,695856,2623655,2426261,2030615,0,587247,981865,265371,570888,1090159,49417888,298087,779746,12326,121709,176378,53305,68404,118107,58271,769283,10463,300670,468613,10463,0,1821,10505,1317,504,10505,0,21593295,27824593,7348035,14245260,12219757,15604836,n291,false,0.08149363659637456,0.8319703408322697,0,10393,false,501,3,0.5206758150249008,0.39327544936389913,null
17307169,50508047,1441816,13459982,2405371,1100903,340913,8750979,0,1569112,836259,405047,695856,2623655,2426261,2030615,0,587247,981865,265371,570888,1090159,49417888,298087,779746,12326,121709,176378,53305,68404,118107,58271,769283,10463,300670,468613,10463,0,1821,10505,1317,504,10505,0,21593295,27824593,7348035,14245260,12219757,15604836,n295,true,0.9141169328920514,0.6454183031847034,11,3470,false,501,3,0.23294950864550046,0.561385513110991,null
17307169,50508047,1441816,13459982,2405371,1100903,340913,8750979,0,1569112,836259,405047,695856,2623655,2426261,2030615,0,587247,981865,265371,570888,1090159,49417888,298087,779746,12326,121709,176378,53305,68404,118107,58271,769283,10463,300670,468613,10463,0,1821,10505,1317,504,10505,0,21593295,27824593,7348035,14245260,12219757,15604836,n296,false,0.020826901916804315,0.5924580040128327,0,14883,false,500,1,0.7820749513680019,0.5162290791393496,null
17307169,50508047,1441816,13459982,2405371,1100903,340913,8750979,0,1569112,836259,405047,695856,2623655,2426261,2030615,0,587247,981865,265371,570888,1090159,49417888,298087,779746,12326,121709,176378,53305,68404,118107,58271,769283,10463,300670,468613,10463,0,1821,10505,1317,504,10505,0,21593295,27824593,7348035,14245260,12219757,15604836,n297,false,0.9999957760865543,0.5298737025377699,0,15199,false,0,0,0.03676210114308193,0.8747297387271331,null
17307169,50508047,1441816,13459982,2405371,1100903,340913,8750979,0,1569112,836259,405047,695856,2623655,2426261,2030615,0,587247,981865,265371,570888,1090159,49417888,298087,779746,12326,121709,176378,53305,68404,118107,58271,769283,10463,300670,468613,10463,0,1821,10505,1317,504,10505,0,21593295,27824593,7348035,14245260,12219757,15604836,n298,true,0.08108128329614904,0.752014927638804,12,2581,false,501,3,0.3703565208530286,0.865860628078848,null
17307169,50508047,1441816,13459982,2405371,1100903,340913,8750979,0,1569112,836259,405047,695856,2623655,2426261,2030615,0,587247,981865,265371,570888,1090159,49417888,298087,779746,12326,121709,176378,53305,68404,118107,58271,769283,10463,300670,468613,10463,0,1821,10505,1317,504,10505,0,21593295,27824593,7348035,14245260,12219757,15604836,n303,false,0.9900293130939574,0.6516628179752664,0,6128,false,500,1,0.4407637917839315,0.9294349803125972,null
17307169,50508047,1441816,13459982,2405371,1100903,340913,8750979,0,1569112,836259,405047,695856,2623655,2426261,2030615,0,587247,981865,265371,570888,1090159,49417888,298087,779746,12326,121709,176378,53305,68404,118107,58271,769283,10463,300670,468613,10463,0,1821,10505,1317,504,10505,0,21593295,27824593,7348035,14245260,12219757,15604836,n307,true,0.6380826230894545,0.3932790360621328,15,6757,false,500,1,0.739234984614906,0.6609815375068789,null
17307169,50508047,1441816,13459982,2405371,1100903,340913,8750979,0,1569112,836259,405047,695856,2623655,2426261,2030615,0,587247,981865,265371,570888,1090159,49417888,298087,779746,12326,121709,176378,53305,68404,118107,58271,769283,10463,300670,468613,10463,0,1821,10505,1317,504,10505,0,21593295,27824593,7348035,14245260,12219757,15604836,n311,true,0.45169765577730936,0.9133639639773894,14,5129,false,242,3,0.7002130698787379,0.7397362978758772,null
17307169,50508047,1441816,13459982,2405371,1100903,340913,8750979,0,1569112,836259,405047,695856,2623655,2426261,2030615,0,587247,981865,265371,570888,1090159,49417888,298087,779746,12326,121709,176378,53305,68404,118107,58271,769283,10463,300670,468613,10463,0,1821,10505,1317,504,10505,0,21593295,27824593,7348035,14245260,12219757,15604836,n312,false,0.06883516508625968,0.678390923781159,0,15015,false,500,1,0.657358225520886,0.5773371047649191,null
17307169,50508047,1441816,13459982,2405371,1100903,340913,8750979,0,1569112,836259,405047,695856,2623655,2426261,2030615,0,587247,981865,265371,570888,1090159,49417888,298087,779746,12326,121709,176378,53305,68404,118107,58271,769283,10463,300670,468613,10463,0,1821,10505,1317,504,10505,0,21593295,27824593,7348035,14245260,12219757,15604836,n315,false,0.15321904617394946,0.9456063978248889,0,799,false,502,4,0.12302848716406595,0.653271628349095,null
17307169,50508047,1441816,13459982,2405371,1100903,340913,8750979,0,1569112,836259,405047,695856,2623655,2426261,2030615,0,587247,981865,265371,570888,1090159,49417888,298087,779746,12326,121709,176378,53305,68404,118107,58271,769283,10463,300670,468613,10463,0,1821,10505,1317,504,10505,0,21593295,27824593,7348035,14245260,12219757,15604836,n319,false,0.4059114473549664,0.7083825610144212,0,15196,false,500,1,0.39115814077571165,0.8581224301094004,null
17307169,50508047,1441816,13459982,2405371,1100903,340913,8750979,0,1569112,836259,405047,695856,2623655,2426261,2030615,0,587247,981865,265371,570888,1090159,49417888,298087,779746,12326,121709,176378,53305,68404,118107,58271,769283,10463,300670,468613,10463,0,1821,10505,1317,504,10505,0,21593295,27824593,7348035,14245260,12219757,15604836,n322,true,0.17901774357649036,0.8990299340568311,15,15199,false,0,0,0.008806342633513653,0.7737546257680542,null
17307169,50508047,1441816,13459982,2405371,1100903,340913,8750979,0,1569112,836259,405047,695856,2623655,2426261,2030615,0,587247,981865,265371,570888,1090159,49417888,298087,779746,12326,121709,176378,53305,68404,118107,58271,769283,10463,300670,468613,10463,0,1821,10505,1317,504,10505,0,21593295,27824593,7348035,14245260,12219757,15604836,n323,true,0.7845137566122273,0.4909576023895596,12,9582,false,501,5,0.5175647152534532,0.9612104030901678,null
17307169,50508047,1441816,13459982,2405371,1100903,340913,8750979,0,1569112,836259,405047,695856,2623655,2426261,2030615,0,587247,981865,265371,570888,1090159,49417888,298087,779746,12326,121709,176378,53305,68404,118107,58271,769283,10463,300670,468613,10463,0,1821,10505,1317,504,10505,0,21593295,27824593,7348035,14245260,12219757,15604836,n328,false,0.5539416444447277,0.46833253568734123,0,7341,false,502,5,0.5107648450418514,0.9873021601539053,null
17307169,50508047,1441816,13459982,2405371,1100903,340913,8750979,0,1569112,836259,405047,695856,2623655,2426261,2030615,0,587247,981865,265371,570888,1090159,49417888,298087,779746,12326,121709,176378,53305,68404,118107,58271,769283,10463,300670,468613,10463,0,1821,10505,1317,504,10505,0,21593295,27824593,7348035,14245260,12219757,15604836,n330,true,0.5449144069171746,0.5594476565784882,12,10135,false,501,4,0.03008456100742829,0.7393944226131263,null
17307169,50508047,1441816,13459982,2405371,1100903,340913,8750979,0,1569112,836259,405047,695856,2623655,2426261,2030615,0,587247,981865,265371,570888,1090159,49417888,298087,779746,12326,121709,176378,53305,68404,118107,58271,769283,10463,300670,468613,10463,0,1821,10505,1317,504,10505,0,21593295,27824593,7348035,14245260,12219757,15604836,n334,true,0.5391399770495333,0.873983048119277,10,9573,false,500,2,0.29331151023406726,0.945055689727362,null
17307169,50508047,1441816,13459982,2405371,1100903,340913,8750979,0,1569112,836259,405047,695856,2623655,2426261,2030615,0,587247,981865,265371,570888,1090159,49417888,298087,779746,12326,121709,176378,53305,68404,118107,58271,769283,10463,300670,468613,10463,0,1821,10505,1317,504,10505,0,21593295,27824593,7348035,14245260,12219757,15604836,n336,false,0.7204893159673557,0.7519137880499579,0,13957,false,500,1,0.4821586169273337,0.6774344919852218,null
17307169,50508047,1441816,13459982,2405371,1100903,340913,8750979,0,1569112,836259,405047,695856,2623655,2426261,2030615,0,587247,981865,265371,570888,1090159,49417888,298087,779746,12326,121709,176378,53305,68404,118107,58271,769283,10463,300670,468613,10463,0,1821,10505,1317,504,10505,0,21593295,27824593,7348035,14245260,12219757,15604836,n340,false,0.6594382364332261,0.6077895963277195,0,799,false,502,4,0.44160629495144077,0.710502570956199,null
17307169,50508047,1441816,13459982,2405371,1100903,340913,8750979,0,1569112,836259,405047,695856,2623655,2426261,2030615,0,587247,981865,265371,570888,1090159,49417888,298087,779746,12326,121709,176378,53305,68404,118107,58271,769283,10463,300670,468613,10463,0,1821,10505,1317,504,10505,0,21593295,27824593,7348035,14245260,12219757,15604836,n342,true,0.7958520374900857,0.6542201326168098,16,3779,false,500,3,0.7933625137102159,0.5917813313127359,null
17307169,50508047,1441816,13459982,2405371,1100903,340913,8750979,0,1569112,836259,405047,695856,2623655,2426261,2030615,0,587247,981865,265371,570888,1090159,49417888,298087,779746,12326,121709,176378,53305,68404,118107,58271,769283,10463,300670,468613,10463,0,1821,10505,1317,504,10505,0,21593295,27824593,7348035,14245260,12219757,15604836,n346,false,0.820046876851841,0.9626397696358517,0,8269,false,500,2,0.031045487605653843,0.18465385732483502,null
17307169,50508047,1441816,13459982,2405371,1100903,340913,8750979,0,1569112,836259,405047,695856,2623655,2426261,2030615,0,587247,981865,265371,570888,1090159,49417888,298087,779746,12326,121709,176378,53305,68404,118107,58271,769283,10463,300670,468613,10463,0,1821,10505,1317,504,10505,0,21593295,27824593,7348035,14245260,12219757,15604836,n347,true,0.14470564929088275,0.7992117418523728,13,12589,false,500,2,0.8478211961945646,0.4238704331501578,null
17307169,50508047,1441816,13459982,2405371,1100903,340913,8750979,0,1569112,836259,405047,695856,2623655,2426261,2030615,0,587247,981865,265371,570888,1090159,49417888,298087,779746,12326,121709,176378,53305,68404,118107,58271,769283,10463,300670,468613,10463,0,1821,10505,1317,504,10505,0,21593295,27824593,7348035,14245260,12219757,15604836,n350,false,0.4698733824518731,0.7294720222379705,0,15199,false,0,0,0.5004653837328762,0.8561535380715988,null
17307169,50508047,1441816,13459982,2405371,1100903,340913,8750979,0,1569112,836259,405047,695856,2623655,2426261,2030615,0,587247,981865,265371,570888,1090159,49417888,298087,779746,12326,121709,176378,53305,68404,118107,58271,769283,10463,300670,468613,10463,0,1821,10505,1317,504,10505,0,21593295,27824593,7348035,14245260,12219757,15604836,n351,true,0.39013110089999636,0.904691036616672,12,15199,false,0,0,0.13536365905467113,0.967159802994153,null
17307169,50508047,1441816,13459982,2405371,1100903,340913,8750979,0,1569112,836259,405047,695856,2623655,2426261,2030615,0,587247,981865,265371,570888,1090159,49417888,298087,779746,12326,121709,176378,53305,68404,118107,58271,769283,10463,300670,468613,10463,0,1821,10505,1317,504,10505,0,21593295,27824593,7348035,14245260,12219757,15604836,n361,false,0.4280109926255712,0.6737966548988231,0,9725,false,503,7,0.4407533618060482,0.8800053754391355,null
17307169,50508047,1441816,13459982,2405371,1100903,340913,8750979,0,1569112,836259,405047,695856,2623655,2426261,2030615,0,587247,981865,265371,570888,1090159,49417888,298087,779746,12326,121709,176378,53305,68404,118107,58271,769283,10463,300670,468613,10463,0,1821,10505,1317,504,10505,0,21593295,27824593,7348035,14245260,12219757,15604836,n363,false,0.04919675822033704,0.5255898259401581,0,1970,false,502,5,0.39389963484522916,0.9360260461656795,null
17307169,50508047,1441816,13459982,2405371,1100903,340913,8750979,0,1569112,836259,405047,695856,2623655,2426261,2030615,0,587247,981865,265371,570888,1090159,49417888,298087,779746,12326,121709,176378,53305,68404,118107,58271,769283,10463,300670,468613,10463,0,1821,10505,1317,504,10505,0,21593295,27824593,7348035,14245260,12219757,15604836,n367,false,0.5693068895863108,0.8129051166756505,0,6061,false,501,4,0.04422265809902687,0.4055985167976581,null
17307169,50508047,1441816,13459982,2405371,1100903,340913,8750979,0,1569112,836259,405047,695856,2623655,2426261,2030615,0,587247,981865,265371,570888,1090159,49417888,298087,779746,12326,121709,176378,53305,68404,118107,58271,769283,10463,300670,468613,10463,0,1821,10505,1317,504,10505,0,21593295,27824593,7348035,14245260,12219757,15604836,n371,true,0.26675270993910644,0.8476777053972349,10,13001,false,8,4,0.5686637933203663,0.6548516707600839,null
17307169,50508047,1441816,13459982,2405371,1100903,340913,8750979,0,1569112,836259,405047,695856,2623655,2426261,2030615,0,587247,981865,265371,570888,1090159,49417888,298087,779746,12326,121709,176378,53305,68404,118107,58271,769283,10463,300670,468613,10463,0,1821,10505,1317,504,10505,0,21593295,27824593,7348035,14245260,12219757,15604836,n372,true,0.749159379428763,0.7983510348524812,10,10021,false,500,1,0.4755349088779074,0.8300201312969053,null
17307169,50508047,1441816,13459982,2405371,1100903,340913,8750979,0,1569112,836259,405047,695856,2623655,2426261,2030615,0,587247,981865,265371,570888,1090159,49417888,298087,779746,12326,121709,176378,53305,68404,118107,58271,769283,10463,300670,468613,10463,0,1821,10505,1317,504,10505,0,21593295,27824593,7348035,14245260,12219757,15604836,n373,true,0.999996065422283,0.8119735235643616,11,905,false,500,2,0.5122104033885687,0.4531288432264805,null
17307169,50508047,1441816,13459982,2405371,1100903,340913,8750979,0,1569112,836259,405047,695856,2623655,2426261,2030615,0,587247,981865,265371,570888,1090159,49417888,298087,779746,12326,121709,176378,53305,68404,118107,58271,769283,10463,300670,468613,10463,0,1821,10505,1317,504,10505,0,21593295,27824593,7348035,14245260,12219757,15604836,n377,false,0.2054368034511776,0.744514158246841,0,8435,false,501,3,0.6875367197314719,0.7404307214260434,null
17307169,50508047,1441816,13459982,2405371,1100903,340913,8750979,0,1569112,836259,405047,695856,2623655,2426261,2030615,0,587247,981865,265371,570888,1090159,49417888,298087,779746,12326,121709,176378,53305,68404,118107,58271,769283,10463,300670,468613,10463,0,1821,10505,1317,504,10505,0,21593295,27824593,7348035,14245260,12219757,15604836,n378,true,0.8084427824338057,0.9232498255658972,11,3472,false,502,5,0.43750588231382503,0.9820008046591631,null
17307169,50508047,1441816,13459982,2405371,1100903,340913,8750979,0,1569112,836259,405047,695856,2623655,2426261,2030615,0,587247,981865,265371,570888,1090159,49417888,298087,779746,12326,121709,176378,53305,68404,118107,58271,769283,10463,300670,468613,10463,0,1821,10505,1317,504,10505,0,21593295,27824593,7348035,14245260,12219757,15604836,n387,true,0.14845334799357657,0.8079335556694368,10,15199,false,0,0,0.3528288190489358,0.5299489764819828,null
17307169,50508047,1441816,13459982,2405371,1100903,340913,8750979,0,1569112,836259,405047,695856,2623655,2426261,2030615,0,587247,981865,265371,570888,1090159,49417888,298087,779746,12326,121709,176378,53305,68404,118107,58271,769283,10463,300670,468613,10463,0,1821,10505,1317,504,10505,0,21593295,27824593,7348035,14245260,12219757,15604836,n390,true,0.44059955231457415,0.671377803731401,12,15199,false,0,0,0.6273604041205494,0.6649164965187703,null
17307169,50508047,1441816,13459982,2405371,1100903,340913,8750979,0,1569112,836259,405047,695856,2623655,2426261,2030615,0,587247,981865,265371,570888,1090159,49417888,298087,779746,12326,121709,176378,53305,68404,118107,58271,769283,10463,300670,468613,10463,0,1821,10505,1317,504,10505,0,21593295,27824593,7348035,14245260,12219757,15604836,n395,true,0.745665673730189,0.5218706832248254,12,4581,false,4,2,0.3418245795173784,0.5415687118872972,null
17307169,50508047,1441816,13459982,2405371,1100903,340913,8750979,0,1569112,836259,405047,695856,2623655,2426261,2030615,0,587247,981865,265371,570888,1090159,49417888,298087,779746,12326,121709,176378,53305,68404,118107,58271,769283,10463,300670,468613,10463,0,1821,10505,1317,504,10505,0,21593295,27824593,7348035,14245260,12219757,15604836,n398,false,0.007274420888555048,0.6637146883829768,0,6509,false,501,2,0.6742916019168679,0.5627494537735184,null
17307169,50508047,1441816,13459982,2405371,1100903,340913,8750979,0,1569112,836259,405047,695856,2623655,2426261,2030615,0,587247,981865,265371,570888,1090159,49417888,298087,779746,12326,121709,176378,53305,68404,118107,58271,769283,10463,300670,468613,10463,0,1821,10505,1317,504,10505,0,21593295,27824593,7348035,14245260,12219757,15604836,n399,false,0.062056601054235876,0.46650327628919486,0,15198,false,500,1,0.3732258806630647,0.9666404649004724,null
17307169,50508047,1441816,13459982,2405371,1100903,340913,8750979,0,1569112,836259,405047,695856,2623655,2426261,2030615,0,587247,981865,265371,570888,1090159,49417888,298087,779746,12326,121709,176378,53305,68404,118107,58271,769283,10463,300670,468613,10463,0,1821,10505,1317,504,10505,0,21593295,27824593,7348035,14245260,12219757,15604836,n403,true,0.07334612923094147,0.8234796073242043,13,15199,false,0,0,0.6295804581442878,0.8582870284428741,null
17307169,50508047,1441816,13459982,2405371,1100903,340913,8750979,0,1569112,836259,405047,695856,2623655,2426261,2030615,0,587247,981865,265371,570888,1090159,49417888,298087,779746,12326,121709,176378,53305,68404,118107,58271,769283,10463,300670,468613,10463,0,1821,10505,1317,504,10505,0,21593295,27824593,7348035,14245260,12219757,15604836,n406,false,0.20223328410248034,0.6401158774794073,0,11999,false,500,2,0.4415077672480725,0.7685105032989805,null
17307169,50508047,1441816,13459982,2405371,1100903,340913,8750979,0,1569112,836259,405047,695856,2623655,2426261,2030615,0,587247,981865,265371,570888,1090159,49417888,298087,779746,12326,121709,176378,53305,68404,118107,58271,769283,10463,300670,468613,10463,0,1821,10505,1317,504,10505,0,21593295,27824593,7348035,14245260,12219757,15604836,n414,false,0.23793178797156264,0.706651275171924,0,737,false,502,4,0.8945329529408046,0.7624545159794143,null
17307169,50508047,1441816,13459982,2405371,1100903,340913,8750979,0,1569112,836259,405047,695856,2623655,2426261,2030615,0,587247,981865,265371,570888,1090159,49417888,298087,779746,12326,121709,176378,53305,68404,118107,58271,769283,10463,300670,468613,10463,0,1821,10505,1317,504,10505,0,21593295,27824593,7348035,14245260,12219757,15604836,n415,false,0.7077480041724076,0.6538915357345602,0,5329,false,502,5,0.6921674531059644,0.9132789451279076,null
17307169,50508047,1441816,13459982,2405371,1100903,340913,8750979,0,1569112,836259,405047,695856,2623655,2426261,2030615,0,587247,981865,265371,570888,1090159,49417888,298087,779746,12326,121709,176378,53305,68404,118107,58271,769283,10463,300670,468613,10463,0,1821,10505,1317,504,10505,0,21593295,27824593,7348035,14245260,12219757,15604836,n417,true,0.3069789420704901,0.5639324765740248,11,2578,false,500,2,0.6186619279972331,0.2459808741378527,null
17307169,50508047,1441816,13459982,2405371,1100903,340913,8750979,0,1569112,836259,405047,695856,2623655,2426261,2030615,0,587247,981865,265371,570888,1090159,49417888,298087,779746,12326,121709,176378,53305,68404,118107,58271,769283,10463,300670,468613,10463,0,1821,10505,1317,504,10505,0,21593295,27824593,7348035,14245260,12219757,15604836,n419,false,0.32516735127408947,0.7084358076325086,0,9731,false,500,1,0.2751682603121339,0.9548368462643653,null
17307169,50508047,1441816,13459982,2405371,1100903,340913,8750979,0,1569112,836259,405047,695856,2623655,2426261,2030615,0,587247,981865,265371,570888,1090159,49417888,298087,779746,12326,121709,176378,53305,68404,118107,58271,769283,10463,300670,468613,10463,0,1821,10505,1317,504,10505,0,21593295,27824593,7348035,14245260,12219757,15604836,n422,false,0.08969197050409936,0.5864579925517522,0,1412,false,505,11,0.8219266783910335,0.40422967103830754,null
17307169,50508047,1441816,13459982,2405371,1100903,340913,8750979,0,1569112,836259,405047,695856,2623655,2426261,2030615,0,587247,981865,265371,570888,1090159,49417888,298087,779746,12326,121709,176378,53305,68404,118107,58271,769283,10463,300670,468613,10463,0,1821,10505,1317,504,10505,0,21593295,27824593,7348035,14245260,12219757,15604836,n424,true,0.84312760046491,0.9814777463888431,10,14668,false,0,1,0.5017057861531299,0.6026100497194137,null
17307169,50508047,1441816,13459982,2405371,1100903,340913,8750979,0,1569112,836259,405047,695856,2623655,2426261,2030615,0,587247,981865,265371,570888,1090159,49417888,298087,779746,12326,121709,176378,53305,68404,118107,58271,769283,10463,300670,468613,10463,0,1821,10505,1317,504,10505,0,21593295,27824593,7348035,14245260,12219757,15604836,n425,false,0.7113146394998479,0.5114945832241089,0,3410,false,502,5,0.7408332559575208,0.43252071092805666,null
17307169,50508047,1441816,13459982,2405371,1100903,340913,8750979,0,1569112,836259,405047,695856,2623655,2426261,2030615,0,587247,981865,265371,570888,1090159,49417888,298087,779746,12326,121709,176378,53305,68404,118107,58271,769283,10463,300670,468613,10463,0,1821,10505,1317,504,10505,0,21593295,27824593,7348035,14245260,12219757,15604836,n429,true,0.019710747188539122,0.4536248465245639,12,5443,false,17,4,0.19767999684901472,0.34085162042354206,null
17307169,50508047,1441816,13459982,2405371,1100903,340913,8750979,0,1569112,836259,405047,695856,2623655,2426261,2030615,0,587247,981865,265371,570888,1090159,49417888,298087,779746,12326,121709,176378,53305,68404,118107,58271,769283,10463,300670,468613,10463,0,1821,10505,1317,504,10505,0,21593295,27824593,7348035,14245260,12219757,15604836,n432,false,0.22676949429698964,0.8759579473252637,0,5414,false,501,2,0.11968968182860434,0.37723872181405765,null
17307169,50508047,1441816,13459982,2405371,1100903,340913,8750979,0,1569112,836259,405047,695856,2623655,2426261,2030615,0,587247,981865,265371,570888,1090159,49417888,298087,779746,12326,121709,176378,53305,68404,118107,58271,769283,10463,300670,468613,10463,0,1821,10505,1317,504,10505,0,21593295,27824593,7348035,14245260,12219757,15604836,n433,true,0.9999980946226195,0.6952432207875855,12,1281,false,503,9,0.5358164111396453,0.8307030426977562,null
17307169,50508047,1441816,13459982,2405371,1100903,340913,8750979,0,1569112,836259,405047,695856,2623655,2426261,2030615,0,587247,981865,265371,570888,1090159,49417888,298087,779746,12326,121709,176378,53305,68404,118107,58271,769283,10463,300670,468613,10463,0,1821,10505,1317,504,10505,0,21593295,27824593,7348035,14245260,12219757,15604836,n434,true,0.6302704281388688,0.7288342441868327,12,8343,false,500,2,0.35375159735361994,0.8967582543775952,null
17307169,50508047,1441816,13459982,2405371,1100903,340913,8750979,0,1569112,836259,405047,695856,2623655,2426261,2030615,0,587247,981865,265371,570888,1090159,49417888,298087,779746,12326,121709,176378,53305,68404,118107,58271,769283,10463,300670,468613,10463,0,1821,10505,1317,504,10505,0,21593295,27824593,7348035,14245260,12219757,15604836,n437,true,0.11459724584381725,0.910993071766485,12,15199,false,0,0,0.2502067190159453,0.9262868619785822,null
17307169,50508047,1441816,13459982,2405371,1100903,340913,8750979,0,1569112,836259,405047,695856,2623655,2426261,2030615,0,587247,981865,265371,570888,1090159,49417888,298087,779746,12326,121709,176378,53305,68404,118107,58271,769283,10463,300670,468613,10463,0,1821,10505,1317,504,10505,0,21593295,27824593,7348035,14245260,12219757,15604836,n439,false,0.11820923642153187,0.4402111894418519,0,1101,false,501,2,0.8773506243957976,0.8000991151358952,null
17307169,50508047,1441816,13459982,2405371,1100903,340913,8750979,0,1569112,836259,405047,695856,2623655,2426261,2030615,0,587247,981865,265371,570888,1090159,49417888,298087,779746,12326,121709,176378,53305,68404,118107,58271,769283,10463,300670,468613,10463,0,1821,10505,1317,504,10505,0,21593295,27824593,7348035,14245260,12219757,15604836,n444,true,0.30032300312793253,0.7492556174045889,10,10050,false,273,2,0.41966039163716246,0.8395254988764946,null
17307169,50508047,1441816,13459982,2405371,1100903,340913,8750979,0,1569112,836259,405047,695856,2623655,2426261,2030615,0,587247,981865,265371,570888,1090159,49417888,298087,779746,12326,121709,176378,53305,68404,118107,58271,769283,10463,300670,468613,10463,0,1821,10505,1317,504,10505,0,21593295,27824593,7348035,14245260,12219757,15604836,n448,false,0.9456545794666887,0.8964322267424065,0,7167,false,504,9,0.7942598103901766,0.7367830698762994,null
17307169,50508047,1441816,13459982,2405371,1100903,340913,8750979,0,1569112,836259,405047,695856,2623655,2426261,2030615,0,587247,981865,265371,570888,1090159,49417888,298087,779746,12326,121709,176378,53305,68404,118107,58271,769283,10463,300670,468613,10463,0,1821,10505,1317,504,10505,0,21593295,27824593,7348035,14245260,12219757,15604836,n449,true,0.571834112449443,0.6173509581597424,12,5224,false,501,4,0.618149678362371,0.5439006749772742,null
17307169,50508047,1441816,13459982,2405371,1100903,340913,8750979,0,1569112,836259,405047,695856,2623655,2426261,2030615,0,587247,981865,265371,570888,1090159,49417888,298087,779746,12326,121709,176378,53305,68404,118107,58271,769283,10463,300670,468613,10463,0,1821,10505,1317,504,10505,0,21593295,27824593,7348035,14245260,12219757,15604836,n450,true,0.7763059944910735,0.8931142570999754,14,2832,false,500,3,0.0921529083803036,0.9915807051696696,null
17307169,50508047,1441816,13459982,2405371,1100903,340913,8750979,0,1569112,836259,405047,695856,2623655,2426261,2030615,0,587247,981865,265371,570888,1090159,49417888,298087,779746,12326,121709,176378,53305,68404,118107,58271,769283,10463,300670,468613,10463,0,1821,10505,1317,504,10505,0,21593295,27824593,7348035,14245260,12219757,15604836,n452,false,0.6022579501987384,0.8801651797218486,0,87,true,87,2,0.9936093892141393,0.3681177685012683,null
17307169,50508047,1441816,13459982,2405371,1100903,340913,8750979,0,1569112,836259,405047,695856,2623655,2426261,2030615,0,587247,981865,265371,570888,1090159,49417888,298087,779746,12326,121709,176378,53305,68404,118107,58271,769283,10463,300670,468613,10463,0,1821,10505,1317,504,10505,0,21593295,27824593,7348035,14245260,12219757,15604836,n456,false,0.3920990065096468,0.6230088586189735,0,399,false,501,3,0.339675029145616,0.9308195084121298,null
17307169,50508047,1441816,13459982,2405371,1100903,340913,8750979,0,1569112,836259,405047,695856,2623655,2426261,2030615,0,587247,981865,265371,570888,1090159,49417888,298087,779746,12326,121709,176378,53305,68404,118107,58271,769283,10463,300670,468613,10463,0,1821,10505,1317,504,10505,0,21593295,27824593,7348035,14245260,12219757,15604836,n458,false,0.34380979193706845,0.7524326126359113,0,14697,false,500,1,0.6154885954809874,0.2595857055848828,null
17307169,50508047,1441816,13459982,2405371,1100903,340913,8750979,0,1569112,836259,405047,695856,2623655,2426261,2030615,0,587247,981865,265371,570888,1090159,49417888,298087,779746,12326,121709,176378,53305,68404,118107,58271,769283,10463,300670,468613,10463,0,1821,10505,1317,504,10505,0,21593295,27824593,7348035,14245260,12219757,15604836,n463,false,0.7878609176821257,0.5677123598801092,0,15199,false,0,0,0.06607310172440906,0.9857478989749087,null
17307169,50508047,1441816,13459982,2405371,1100903,340913,8750979,0,1569112,836259,405047,695856,2623655,2426261,2030615,0,587247,981865,265371,570888,1090159,49417888,298087,779746,12326,121709,176378,53305,68404,118107,58271,769283,10463,300670,468613,10463,0,1821,10505,1317,504,10505,0,21593295,27824593,7348035,14245260,12219757,15604836,n464,false,0.18658469211332898,0.8930180701742341,0,1353,false,502,5,0.49640632417668007,0.3178929168044398,null
17307169,50508047,1441816,13459982,2405371,1100903,340913,8750979,0,1569112,836259,405047,695856,2623655,2426261,2030615,0,587247,981865,265371,570888,1090159,49417888,298087,779746,12326,121709,176378,53305,68404,118107,58271,769283,10463,300670,468613,10463,0,1821,10505,1317,504,10505,0,21593295,27824593,7348035,14245260,12219757,15604836,n465,false,0.4968364387471672,0.7315088761915275,0,327,false,501,4,0.05998742563785553,0.8686301483935389,null
17307169,50508047,1441816,13459982,2405371,1100903,340913,8750979,0,1569112,836259,405047,695856,2623655,2426261,2030615,0,587247,981865,265371,570888,1090159,49417888,298087,779746,12326,121709,176378,53305,68404,118107,58271,769283,10463,300670,468613,10463,0,1821,10505,1317,504,10505,0,21593295,27824593,7348035,14245260,12219757,15604836,n467,true,0.5950056557161273,0.8883539539247611,10,2609,false,500,2,0.8333323555937282,0.9966939431038286,null
17307169,50508047,1441816,13459982,2405371,1100903,340913,8750979,0,1569112,836259,405047,695856,2623655,2426261,2030615,0,587247,981865,265371,570888,1090159,49417888,298087,779746,12326,121709,176378,53305,68404,118107,58271,769283,10463,300670,468613,10463,0,1821,10505,1317,504,10505,0,21593295,27824593,7348035,14245260,12219757,15604836,n468,false,0.6529372446019257,0.7815522955909899,0,15199,false,500,0,0.808287638872361,0.749770985517261,null
17307169,50508047,1441816,13459982,2405371,1100903,340913,8750979,0,1569112,836259,405047,695856,2623655,2426261,2030615,0,587247,981865,265371,570888,1090159,49417888,298087,779746,12326,121709,176378,53305,68404,118107,58271,769283,10463,300670,468613,10463,0,1821,10505,1317,504,10505,0,21593295,27824593,7348035,14245260,12219757,15604836,n471,true,0.29426250600849946,0.4269892432737406,12,3257,false,501,6,0.25772809373656236,0.1331088407357695,null
17307169,50508047,1441816,13459982,2405371,1100903,340913,8750979,0,1569112,836259,405047,695856,2623655,2426261,2030615,0,587247,981865,265371,570888,1090159,49417888,298087,779746,12326,121709,176378,53305,68404,118107,58271,769283,10463,300670,468613,10463,0,1821,10505,1317,504,10505,0,21593295,27824593,7348035,14245260,12219757,15604836,n473,true,0.13810913771300626,0.7501490461099705,13,7716,false,500,2,0.5302946197917737,0.9143787358439972,null
17307169,50508047,1441816,13459982,2405371,1100903,340913,8750979,0,1569112,836259,405047,695856,2623655,2426261,2030615,0,587247,981865,265371,570888,1090159,49417888,298087,779746,12326,121709,176378,53305,68404,118107,58271,769283,10463,300670,468613,10463,0,1821,10505,1317,504,10505,0,21593295,27824593,7348035,14245260,12219757,15604836,n477,true,0.24028006791116754,0.7959051320116368,13,1866,false,501,4,0.4829994322690214,0.15568316573321195,null
17307169,50508047,1441816,13459982,2405371,1100903,340913,8750979,0,1569112,836259,405047,695856,2623655,2426261,2030615,0,587247,981865,265371,570888,1090159,49417888,298087,779746,12326,121709,176378,53305,68404,118107,58271,769283,10463,300670,468613,10463,0,1821,10505,1317,504,10505,0,21593295,27824593,7348035,14245260,12219757,15604836,n490,false,0.6364190856548879,0.7476106352613925,0,5326,false,500,2,0.5607437236239672,0.4847170765338509,null
17307169,50508047,1441816,13459982,2405371,1100903,340913,8750979,0,1569112,836259,405047,695856,2623655,2426261,2030615,0,587247,981865,265371,570888,1090159,49417888,298087,779746,12326,121709,176378,53305,68404,118107,58271,769283,10463,300670,468613,10463,0,1821,10505,1317,504,10505,0,21593295,27824593,7348035,14245260,12219757,15604836,n491,false,0.8537097305741921,0.8136497550997464,0,7808,false,500,1,0.41766706149876753,0.7645470612913537,null
17307169,50508047,1441816,13459982,2405371,1100903,340913,8750979,0,1569112,836259,405047,695856,2623655,2426261,2030615,0,587247,981865,265371,570888,1090159,49417888,298087,779746,12326,121709,176378,53305,68404,118107,58271,769283,10463,300670,468613,10463,0,1821,10505,1317,504,10505,0,21593295,27824593,7348035,14245260,12219757,15604836,n493,false,0.5736445528899085,0.836426791618393,0,12143,false,500,1,0.61700351793559,0.8272753949417326,null
17307169,50508047,1441816,13459982,2405371,1100903,340913,8750979,0,1569112,836259,405047,695856,2623655,2426261,2030615,0,587247,981865,265371,570888,1090159,49417888,298087,779746,12326,121709,176378,53305,68404,118107,58271,769283,10463,300670,468613,10463,0,1821,10505,1317,504,10505,0,21593295,27824593,7348035,14245260,12219757,15604836,n497,false,0.5279359104393089,0.7031488323670138,0,544,false,502,4,0.7930930473317748,0.5481658106919823,null
17307169,50508047,1441816,13459982,2405371,1100903,340913,8750979,0,1569112,836259,405047,695856,2623655,2426261,2030615,0,587247,981865,265371,570888,1090159,49417888,298087,779746,12326,121709,176378,53305,68404,118107,58271,769283,10463,300670,468613,10463,0,1821,10505,1317,504,10505,0,21593295,27824593,7348035,14245260,12219757,15604836,n499,true,0.15605936533484344,0.28357463827887497,13,14809,false,388,2,0.8762469228532755,0.8585290141613157,null
