rtA1,rtA2,rtA1a,rtA1b,rtA1c,rtA1a1,rtA1a2,rtA1b1,rtA1b2,rtA1c1,rtA1c2,rtA1a1a,rtA1a1b,rtA1a2a,rtA1a2b,rtA1b1a,rtA1b1b,rtA1c1a,rtA1c1b,rtA1c2a,rtA1c2b,rtA2a,rtA2b,rtA2a1,rtA2a2,rtA2a3,rtA2a1A,rtA2a1B,rtA2a1A1,rtA2a1A2,rtA2a1B1,rtA2a1B2,rtA2a2A,rtA2a2B,rtA2a2A1,rtA2a2A2,rtA2a2B1,rtA2a2B2,rtA2a3A,rtA2a3B,rtA2a3A1,rtA2a3A2,rtA2a3B1,rtA2a3B2,rtA2b1,rtA2b2,rtA2b1A,rtA2b1B,rtA2b2A,rtA2b2B,id,isSmoker,willpower,health,smokedPerDay,turnsSinceLastChange,givingUp,stepsSinceGiveUp,giveUpAttempts,influenceability,sociable,$SWITCH_TABLE$simconsts$Operations
6736012,23016200,379829,5799367,556816,261269,118560,3748074,0,334048,222768,70780,190489,1036220,1133633,766989,0,88413,245635,83563,139205,524887,22491313,201025,320815,3047,84951,116074,38407,46544,77574,38500,320056,759,121941,198115,759,0,4,3043,1,3,3043,0,9706568,12784745,3191791,6514777,5749676,7035069,n0,true,0.7771457452988876,0.746446853383712,13,1000,false,0,0,0.4980477120012749,0.4450878813640151,null
6736012,23016200,379829,5799367,556816,261269,118560,3748074,0,334048,222768,70780,190489,1036220,1133633,766989,0,88413,245635,83563,139205,524887,22491313,201025,320815,3047,84951,116074,38407,46544,77574,38500,320056,759,121941,198115,759,0,4,3043,1,3,3043,0,9706568,12784745,3191791,6514777,5749676,7035069,n1,true,0.14747070869154322,0.7542458758323816,20,1000,false,0,0,0.24486701391518495,0.219915457707192,null
6736012,23016200,379829,5799367,556816,261269,118560,3748074,0,334048,222768,70780,190489,1036220,1133633,766989,0,88413,245635,83563,139205,524887,22491313,201025,320815,3047,84951,116074,38407,46544,77574,38500,320056,759,121941,198115,759,0,4,3043,1,3,3043,0,9706568,12784745,3191791,6514777,5749676,7035069,n2,false,0.6126790085244928,0.8003528173131926,0,1000,false,0,0,0.4121270694795848,0.8972759475418117,null
6736012,23016200,379829,5799367,556816,261269,118560,3748074,0,334048,222768,70780,190489,1036220,1133633,766989,0,88413,245635,83563,139205,524887,22491313,201025,320815,3047,84951,116074,38407,46544,77574,38500,320056,759,121941,198115,759,0,4,3043,1,3,3043,0,9706568,12784745,3191791,6514777,5749676,7035069,n3,true,0.007362966698040152,0.734053548110419,23,1000,false,0,0,0.5144337102074323,0.07595471670217813,null
6736012,23016200,379829,5799367,556816,261269,118560,3748074,0,334048,222768,70780,190489,1036220,1133633,766989,0,88413,245635,83563,139205,524887,22491313,201025,320815,3047,84951,116074,38407,46544,77574,38500,320056,759,121941,198115,759,0,4,3043,1,3,3043,0,9706568,12784745,3191791,6514777,5749676,7035069,n4,false,0.8453214875773342,0.7797815630082817,0,1000,false,0,0,0.3302299236162659,0.840575071327416,null
6736012,23016200,379829,5799367,556816,261269,118560,3748074,0,334048,222768,70780,190489,1036220,1133633,766989,0,88413,245635,83563,139205,524887,22491313,201025,320815,3047,84951,116074,38407,46544,77574,38500,320056,759,121941,198115,759,0,4,3043,1,3,3043,0,9706568,12784745,3191791,6514777,5749676,7035069,n6,false,0.46546782771207756,0.8436641981430812,0,16,true,16,1,0.8462237315786152,0.7929599181749184,null
6736012,23016200,379829,5799367,556816,261269,118560,3748074,0,334048,222768,70780,190489,1036220,1133633,766989,0,88413,245635,83563,139205,524887,22491313,201025,320815,3047,84951,116074,38407,46544,77574,38500,320056,759,121941,198115,759,0,4,3043,1,3,3043,0,9706568,12784745,3191791,6514777,5749676,7035069,n9,false,0.44015523421257113,0.3467547303406848,0,1000,false,0,0,0.6984883332339332,0.36557837127056514,null
6736012,23016200,379829,5799367,556816,261269,118560,3748074,0,334048,222768,70780,190489,1036220,1133633,766989,0,88413,245635,83563,139205,524887,22491313,201025,320815,3047,84951,116074,38407,46544,77574,38500,320056,759,121941,198115,759,0,4,3043,1,3,3043,0,9706568,12784745,3191791,6514777,5749676,7035069,n10,false,0.4163530825998284,0.6052875139547479,0,1000,false,500,0,0.6179265606682179,0.4620361204540254,null
6736012,23016200,379829,5799367,556816,261269,118560,3748074,0,334048,222768,70780,190489,1036220,1133633,766989,0,88413,245635,83563,139205,524887,22491313,201025,320815,3047,84951,116074,38407,46544,77574,38500,320056,759,121941,198115,759,0,4,3043,1,3,3043,0,9706568,12784745,3191791,6514777,5749676,7035069,n12,false,0.8736619983301653,0.46931172469547855,0,992,false,500,1,0.08411280914527236,0.5597288968719627,null
6736012,23016200,379829,5799367,556816,261269,118560,3748074,0,334048,222768,70780,190489,1036220,1133633,766989,0,88413,245635,83563,139205,524887,22491313,201025,320815,3047,84951,116074,38407,46544,77574,38500,320056,759,121941,198115,759,0,4,3043,1,3,3043,0,9706568,12784745,3191791,6514777,5749676,7035069,n13,false,0.8271271007585279,0.770227106546004,0,1000,false,0,0,0.032908705347140965,0.05722521380729462,null
6736012,23016200,379829,5799367,556816,261269,118560,3748074,0,334048,222768,70780,190489,1036220,1133633,766989,0,88413,245635,83563,139205,524887,22491313,201025,320815,3047,84951,116074,38407,46544,77574,38500,320056,759,121941,198115,759,0,4,3043,1,3,3043,0,9706568,12784745,3191791,6514777,5749676,7035069,n15,true,0.2857023038077596,0.7453848249619409,20,1000,false,0,0,0.3777788934913462,0.8952486235541306,null
6736012,23016200,379829,5799367,556816,261269,118560,3748074,0,334048,222768,70780,190489,1036220,1133633,766989,0,88413,245635,83563,139205,524887,22491313,201025,320815,3047,84951,116074,38407,46544,77574,38500,320056,759,121941,198115,759,0,4,3043,1,3,3043,0,9706568,12784745,3191791,6514777,5749676,7035069,n19,true,0.5755597955011993,0.8660997797776264,22,1000,false,0,0,0.025086569532347502,0.8345130043941151,null
6736012,23016200,379829,5799367,556816,261269,118560,3748074,0,334048,222768,70780,190489,1036220,1133633,766989,0,88413,245635,83563,139205,524887,22491313,201025,320815,3047,84951,116074,38407,46544,77574,38500,320056,759,121941,198115,759,0,4,3043,1,3,3043,0,9706568,12784745,3191791,6514777,5749676,7035069,n23,true,0.30812458616394534,0.6869305902518238,15,1000,false,0,0,0.7357288745401944,0.6071228680604048,null
6736012,23016200,379829,5799367,556816,261269,118560,3748074,0,334048,222768,70780,190489,1036220,1133633,766989,0,88413,245635,83563,139205,524887,22491313,201025,320815,3047,84951,116074,38407,46544,77574,38500,320056,759,121941,198115,759,0,4,3043,1,3,3043,0,9706568,12784745,3191791,6514777,5749676,7035069,n26,false,0.5898151338032979,0.7283967725978981,0,988,false,500,1,0.8628953556936059,0.5069426793701881,null
6736012,23016200,379829,5799367,556816,261269,118560,3748074,0,334048,222768,70780,190489,1036220,1133633,766989,0,88413,245635,83563,139205,524887,22491313,201025,320815,3047,84951,116074,38407,46544,77574,38500,320056,759,121941,198115,759,0,4,3043,1,3,3043,0,9706568,12784745,3191791,6514777,5749676,7035069,n29,true,0.026885509061737034,0.6845589457431854,13,1000,false,0,0,0.5402437750472555,0.7207749337085737,null
6736012,23016200,379829,5799367,556816,261269,118560,3748074,0,334048,222768,70780,190489,1036220,1133633,766989,0,88413,245635,83563,139205,524887,22491313,201025,320815,3047,84951,116074,38407,46544,77574,38500,320056,759,121941,198115,759,0,4,3043,1,3,3043,0,9706568,12784745,3191791,6514777,5749676,7035069,n35,false,0.09423031789230987,0.9640997661167149,0,991,false,500,1,0.06949560417371914,0.36943808839464876,null
6736012,23016200,379829,5799367,556816,261269,118560,3748074,0,334048,222768,70780,190489,1036220,1133633,766989,0,88413,245635,83563,139205,524887,22491313,201025,320815,3047,84951,116074,38407,46544,77574,38500,320056,759,121941,198115,759,0,4,3043,1,3,3043,0,9706568,12784745,3191791,6514777,5749676,7035069,n36,false,0.46917498814876557,0.6715736316996999,0,999,false,500,1,0.47895824116147556,0.47494003247339733,null
6736012,23016200,379829,5799367,556816,261269,118560,3748074,0,334048,222768,70780,190489,1036220,1133633,766989,0,88413,245635,83563,139205,524887,22491313,201025,320815,3047,84951,116074,38407,46544,77574,38500,320056,759,121941,198115,759,0,4,3043,1,3,3043,0,9706568,12784745,3191791,6514777,5749676,7035069,n37,false,0.7297421402555969,0.594046994672088,0,1000,false,0,0,0.22258278951592947,0.9176479534733712,null
6736012,23016200,379829,5799367,556816,261269,118560,3748074,0,334048,222768,70780,190489,1036220,1133633,766989,0,88413,245635,83563,139205,524887,22491313,201025,320815,3047,84951,116074,38407,46544,77574,38500,320056,759,121941,198115,759,0,4,3043,1,3,3043,0,9706568,12784745,3191791,6514777,5749676,7035069,n39,true,0.8091645619294809,0.8209471485134687,20,1000,false,0,0,0.6282187731189162,0.8741847330930175,null
6736012,23016200,379829,5799367,556816,261269,118560,3748074,0,334048,222768,70780,190489,1036220,1133633,766989,0,88413,245635,83563,139205,524887,22491313,201025,320815,3047,84951,116074,38407,46544,77574,38500,320056,759,121941,198115,759,0,4,3043,1,3,3043,0,9706568,12784745,3191791,6514777,5749676,7035069,n45,false,0.5040061377121555,0.5217542564532285,0,1000,false,0,0,0.5718414816600195,0.5195569796655163,null
6736012,23016200,379829,5799367,556816,261269,118560,3748074,0,334048,222768,70780,190489,1036220,1133633,766989,0,88413,245635,83563,139205,524887,22491313,201025,320815,3047,84951,116074,38407,46544,77574,38500,320056,759,121941,198115,759,0,4,3043,1,3,3043,0,9706568,12784745,3191791,6514777,5749676,7035069,n46,false,0.12411843562071345,0.5737464924266803,0,998,false,500,1,0.4548321788886257,0.8787689766806486,null
6736012,23016200,379829,5799367,556816,261269,118560,3748074,0,334048,222768,70780,190489,1036220,1133633,766989,0,88413,245635,83563,139205,524887,22491313,201025,320815,3047,84951,116074,38407,46544,77574,38500,320056,759,121941,198115,759,0,4,3043,1,3,3043,0,9706568,12784745,3191791,6514777,5749676,7035069,n47,false,0.505741782539303,0.6467698614541888,0,1000,false,0,0,0.2790971915137339,0.9147152123803776,null
6736012,23016200,379829,5799367,556816,261269,118560,3748074,0,334048,222768,70780,190489,1036220,1133633,766989,0,88413,245635,83563,139205,524887,22491313,201025,320815,3047,84951,116074,38407,46544,77574,38500,320056,759,121941,198115,759,0,4,3043,1,3,3043,0,9706568,12784745,3191791,6514777,5749676,7035069,n49,false,0.23151037621323692,0.7182334817296608,0,1000,false,0,0,0.3207904885745507,0.863332926291588,null
6736012,23016200,379829,5799367,556816,261269,118560,3748074,0,334048,222768,70780,190489,1036220,1133633,766989,0,88413,245635,83563,139205,524887,22491313,201025,320815,3047,84951,116074,38407,46544,77574,38500,320056,759,121941,198115,759,0,4,3043,1,3,3043,0,9706568,12784745,3191791,6514777,5749676,7035069,n51,true,0.14494086175007018,0.9004304758613412,19,352,false,500,1,0.6206798048686,0.9598607358584166,null
6736012,23016200,379829,5799367,556816,261269,118560,3748074,0,334048,222768,70780,190489,1036220,1133633,766989,0,88413,245635,83563,139205,524887,22491313,201025,320815,3047,84951,116074,38407,46544,77574,38500,320056,759,121941,198115,759,0,4,3043,1,3,3043,0,9706568,12784745,3191791,6514777,5749676,7035069,n52,false,0.6380950729651933,0.9219078914931441,0,1000,false,500,0,0.8720173555187944,0.708859716393244,null
6736012,23016200,379829,5799367,556816,261269,118560,3748074,0,334048,222768,70780,190489,1036220,1133633,766989,0,88413,245635,83563,139205,524887,22491313,201025,320815,3047,84951,116074,38407,46544,77574,38500,320056,759,121941,198115,759,0,4,3043,1,3,3043,0,9706568,12784745,3191791,6514777,5749676,7035069,n58,true,0.08288070538182779,0.8370395112446256,22,1000,false,0,0,0.699463614448839,0.7601824542617892,null
6736012,23016200,379829,5799367,556816,261269,118560,3748074,0,334048,222768,70780,190489,1036220,1133633,766989,0,88413,245635,83563,139205,524887,22491313,201025,320815,3047,84951,116074,38407,46544,77574,38500,320056,759,121941,198115,759,0,4,3043,1,3,3043,0,9706568,12784745,3191791,6514777,5749676,7035069,n59,true,0.33312945431744945,0.6185075822701207,21,488,false,4,3,0.5919149350998865,0.7381795607166244,null
6736012,23016200,379829,5799367,556816,261269,118560,3748074,0,334048,222768,70780,190489,1036220,1133633,766989,0,88413,245635,83563,139205,524887,22491313,201025,320815,3047,84951,116074,38407,46544,77574,38500,320056,759,121941,198115,759,0,4,3043,1,3,3043,0,9706568,12784745,3191791,6514777,5749676,7035069,n64,true,0.01319172465188312,0.8627838671146082,17,790,false,0,1,0.2614899722221703,0.5418666380998519,null
6736012,23016200,379829,5799367,556816,261269,118560,3748074,0,334048,222768,70780,190489,1036220,1133633,766989,0,88413,245635,83563,139205,524887,22491313,201025,320815,3047,84951,116074,38407,46544,77574,38500,320056,759,121941,198115,759,0,4,3043,1,3,3043,0,9706568,12784745,3191791,6514777,5749676,7035069,n67,false,0.13613063518294893,0.7525473943077142,0,9,false,501,4,0.021360505115272044,0.7511076302345607,null
6736012,23016200,379829,5799367,556816,261269,118560,3748074,0,334048,222768,70780,190489,1036220,1133633,766989,0,88413,245635,83563,139205,524887,22491313,201025,320815,3047,84951,116074,38407,46544,77574,38500,320056,759,121941,198115,759,0,4,3043,1,3,3043,0,9706568,12784745,3191791,6514777,5749676,7035069,n68,false,0.6305963102286334,0.6056263970466423,0,1000,false,0,0,0.8131209013927272,0.9862876073582021,null
6736012,23016200,379829,5799367,556816,261269,118560,3748074,0,334048,222768,70780,190489,1036220,1133633,766989,0,88413,245635,83563,139205,524887,22491313,201025,320815,3047,84951,116074,38407,46544,77574,38500,320056,759,121941,198115,759,0,4,3043,1,3,3043,0,9706568,12784745,3191791,6514777,5749676,7035069,n69,true,0.6703167098489922,0.7819191357609885,20,1000,false,0,0,0.4257922805828066,0.6335859706586742,null
6736012,23016200,379829,5799367,556816,261269,118560,3748074,0,334048,222768,70780,190489,1036220,1133633,766989,0,88413,245635,83563,139205,524887,22491313,201025,320815,3047,84951,116074,38407,46544,77574,38500,320056,759,121941,198115,759,0,4,3043,1,3,3043,0,9706568,12784745,3191791,6514777,5749676,7035069,n71,false,0.08018055865930342,0.6019920881467663,0,500,true,500,1,0.6485719021125951,0.8363772244808029,null
6736012,23016200,379829,5799367,556816,261269,118560,3748074,0,334048,222768,70780,190489,1036220,1133633,766989,0,88413,245635,83563,139205,524887,22491313,201025,320815,3047,84951,116074,38407,46544,77574,38500,320056,759,121941,198115,759,0,4,3043,1,3,3043,0,9706568,12784745,3191791,6514777,5749676,7035069,n72,false,0.5407640816931137,0.4016578214052143,0,1000,false,0,0,0.4045720711987209,0.8469634725853292,null
6736012,23016200,379829,5799367,556816,261269,118560,3748074,0,334048,222768,70780,190489,1036220,1133633,766989,0,88413,245635,83563,139205,524887,22491313,201025,320815,3047,84951,116074,38407,46544,77574,38500,320056,759,121941,198115,759,0,4,3043,1,3,3043,0,9706568,12784745,3191791,6514777,5749676,7035069,n74,false,0.6856345711599414,0.7165103715753426,0,426,true,426,1,0.8197373010256191,0.6788876601211308,null
6736012,23016200,379829,5799367,556816,261269,118560,3748074,0,334048,222768,70780,190489,1036220,1133633,766989,0,88413,245635,83563,139205,524887,22491313,201025,320815,3047,84951,116074,38407,46544,77574,38500,320056,759,121941,198115,759,0,4,3043,1,3,3043,0,9706568,12784745,3191791,6514777,5749676,7035069,n78,true,0.12154651870974464,0.478712513319442,18,1000,false,0,0,0.2258361918839898,0.7734101928362666,null
6736012,23016200,379829,5799367,556816,261269,118560,3748074,0,334048,222768,70780,190489,1036220,1133633,766989,0,88413,245635,83563,139205,524887,22491313,201025,320815,3047,84951,116074,38407,46544,77574,38500,320056,759,121941,198115,759,0,4,3043,1,3,3043,0,9706568,12784745,3191791,6514777,5749676,7035069,n79,false,0.6115790416790504,0.6004096181639694,0,1000,false,0,0,0.6880535316605382,0.665956948103032,null
6736012,23016200,379829,5799367,556816,261269,118560,3748074,0,334048,222768,70780,190489,1036220,1133633,766989,0,88413,245635,83563,139205,524887,22491313,201025,320815,3047,84951,116074,38407,46544,77574,38500,320056,759,121941,198115,759,0,4,3043,1,3,3043,0,9706568,12784745,3191791,6514777,5749676,7035069,n81,false,0.7410988029888911,0.7321933938818199,0,1000,false,0,0,0.5630282546801822,0.6280536178651954,null
6736012,23016200,379829,5799367,556816,261269,118560,3748074,0,334048,222768,70780,190489,1036220,1133633,766989,0,88413,245635,83563,139205,524887,22491313,201025,320815,3047,84951,116074,38407,46544,77574,38500,320056,759,121941,198115,759,0,4,3043,1,3,3043,0,9706568,12784745,3191791,6514777,5749676,7035069,n82,false,0.8720039038097098,0.8239474237372855,0,1000,false,500,0,0.6889322255465605,0.4020031721611733,null
6736012,23016200,379829,5799367,556816,261269,118560,3748074,0,334048,222768,70780,190489,1036220,1133633,766989,0,88413,245635,83563,139205,524887,22491313,201025,320815,3047,84951,116074,38407,46544,77574,38500,320056,759,121941,198115,759,0,4,3043,1,3,3043,0,9706568,12784745,3191791,6514777,5749676,7035069,n83,false,0.7616237035300121,0.8274306941219414,0,12,true,12,1,0.4908958719341064,0.868974993855191,null
6736012,23016200,379829,5799367,556816,261269,118560,3748074,0,334048,222768,70780,190489,1036220,1133633,766989,0,88413,245635,83563,139205,524887,22491313,201025,320815,3047,84951,116074,38407,46544,77574,38500,320056,759,121941,198115,759,0,4,3043,1,3,3043,0,9706568,12784745,3191791,6514777,5749676,7035069,n85,true,0.5389180533557978,0.8494161868308792,20,1000,false,0,0,0.6238893474039446,0.9154262457538457,null
6736012,23016200,379829,5799367,556816,261269,118560,3748074,0,334048,222768,70780,190489,1036220,1133633,766989,0,88413,245635,83563,139205,524887,22491313,201025,320815,3047,84951,116074,38407,46544,77574,38500,320056,759,121941,198115,759,0,4,3043,1,3,3043,0,9706568,12784745,3191791,6514777,5749676,7035069,n90,true,0.4193077556209573,0.7502804335674818,21,1000,false,0,0,0.4070440752599414,0.5711136415716164,null
6736012,23016200,379829,5799367,556816,261269,118560,3748074,0,334048,222768,70780,190489,1036220,1133633,766989,0,88413,245635,83563,139205,524887,22491313,201025,320815,3047,84951,116074,38407,46544,77574,38500,320056,759,121941,198115,759,0,4,3043,1,3,3043,0,9706568,12784745,3191791,6514777,5749676,7035069,n93,true,0.4839909705366099,0.8819623536357968,17,1000,false,0,0,0.4505259966868007,0.3229522084554141,null
6736012,23016200,379829,5799367,556816,261269,118560,3748074,0,334048,222768,70780,190489,1036220,1133633,766989,0,88413,245635,83563,139205,524887,22491313,201025,320815,3047,84951,116074,38407,46544,77574,38500,320056,759,121941,198115,759,0,4,3043,1,3,3043,0,9706568,12784745,3191791,6514777,5749676,7035069,n97,false,0.37043234370512895,0.8468264141597353,0,1000,false,0,0,0.6719920068839608,0.12407681276434118,null
6736012,23016200,379829,5799367,556816,261269,118560,3748074,0,334048,222768,70780,190489,1036220,1133633,766989,0,88413,245635,83563,139205,524887,22491313,201025,320815,3047,84951,116074,38407,46544,77574,38500,320056,759,121941,198115,759,0,4,3043,1,3,3043,0,9706568,12784745,3191791,6514777,5749676,7035069,n98,false,0.5874209692480015,0.7892489926504942,0,1000,false,0,0,0.8036535307374775,0.4898919017265134,null
6736012,23016200,379829,5799367,556816,261269,118560,3748074,0,334048,222768,70780,190489,1036220,1133633,766989,0,88413,245635,83563,139205,524887,22491313,201025,320815,3047,84951,116074,38407,46544,77574,38500,320056,759,121941,198115,759,0,4,3043,1,3,3043,0,9706568,12784745,3191791,6514777,5749676,7035069,n99,false,0.20517927191957164,0.784486263677895,0,996,false,500,1,0.2979643236552203,0.2466145981396456,null
6736012,23016200,379829,5799367,556816,261269,118560,3748074,0,334048,222768,70780,190489,1036220,1133633,766989,0,88413,245635,83563,139205,524887,22491313,201025,320815,3047,84951,116074,38407,46544,77574,38500,320056,759,121941,198115,759,0,4,3043,1,3,3043,0,9706568,12784745,3191791,6514777,5749676,7035069,n101,false,0.5286033901083104,0.8403535645869011,0,487,true,487,2,0.5713281795027747,0.4819985926331248,null
6736012,23016200,379829,5799367,556816,261269,118560,3748074,0,334048,222768,70780,190489,1036220,1133633,766989,0,88413,245635,83563,139205,524887,22491313,201025,320815,3047,84951,116074,38407,46544,77574,38500,320056,759,121941,198115,759,0,4,3043,1,3,3043,0,9706568,12784745,3191791,6514777,5749676,7035069,n104,false,0.1947897267992804,0.5570383213103326,0,1000,false,0,0,0.8082102153706929,0.7304395123141707,null
6736012,23016200,379829,5799367,556816,261269,118560,3748074,0,334048,222768,70780,190489,1036220,1133633,766989,0,88413,245635,83563,139205,524887,22491313,201025,320815,3047,84951,116074,38407,46544,77574,38500,320056,759,121941,198115,759,0,4,3043,1,3,3043,0,9706568,12784745,3191791,6514777,5749676,7035069,n106,false,0.2288895289321482,0.7207330921892959,0,988,false,500,1,0.705003003418724,0.21054606519202523,null
6736012,23016200,379829,5799367,556816,261269,118560,3748074,0,334048,222768,70780,190489,1036220,1133633,766989,0,88413,245635,83563,139205,524887,22491313,201025,320815,3047,84951,116074,38407,46544,77574,38500,320056,759,121941,198115,759,0,4,3043,1,3,3043,0,9706568,12784745,3191791,6514777,5749676,7035069,n108,false,0.8421159999987583,0.6064492377102099,0,1000,false,0,0,0.5514673522817798,0.57545959427789,null
6736012,23016200,379829,5799367,556816,261269,118560,3748074,0,334048,222768,70780,190489,1036220,1133633,766989,0,88413,245635,83563,139205,524887,22491313,201025,320815,3047,84951,116074,38407,46544,77574,38500,320056,759,121941,198115,759,0,4,3043,1,3,3043,0,9706568,12784745,3191791,6514777,5749676,7035069,n109,false,0.8468678654120979,0.2402020479086055,0,999,false,500,1,0.6475046204579276,0.979370823659142,null
6736012,23016200,379829,5799367,556816,261269,118560,3748074,0,334048,222768,70780,190489,1036220,1133633,766989,0,88413,245635,83563,139205,524887,22491313,201025,320815,3047,84951,116074,38407,46544,77574,38500,320056,759,121941,198115,759,0,4,3043,1,3,3043,0,9706568,12784745,3191791,6514777,5749676,7035069,n110,true,0.8192807755419682,0.9039722062269651,23,1000,false,0,0,0.07690915151162742,0.7440791260259967,null
6736012,23016200,379829,5799367,556816,261269,118560,3748074,0,334048,222768,70780,190489,1036220,1133633,766989,0,88413,245635,83563,139205,524887,22491313,201025,320815,3047,84951,116074,38407,46544,77574,38500,320056,759,121941,198115,759,0,4,3043,1,3,3043,0,9706568,12784745,3191791,6514777,5749676,7035069,n112,false,0.09239548021760918,0.40834798267359884,0,1000,false,0,0,0.395647616894663,0.5891533792028143,null
6736012,23016200,379829,5799367,556816,261269,118560,3748074,0,334048,222768,70780,190489,1036220,1133633,766989,0,88413,245635,83563,139205,524887,22491313,201025,320815,3047,84951,116074,38407,46544,77574,38500,320056,759,121941,198115,759,0,4,3043,1,3,3043,0,9706568,12784745,3191791,6514777,5749676,7035069,n113,false,0.777531260998751,0.691971859770808,0,1000,false,0,0,0.4929503034386753,0.6472497122110819,null
6736012,23016200,379829,5799367,556816,261269,118560,3748074,0,334048,222768,70780,190489,1036220,1133633,766989,0,88413,245635,83563,139205,524887,22491313,201025,320815,3047,84951,116074,38407,46544,77574,38500,320056,759,121941,198115,759,0,4,3043,1,3,3043,0,9706568,12784745,3191791,6514777,5749676,7035069,n114,false,0.2337003477806206,0.5933455374211352,0,1000,false,0,0,0.5688326549002459,0.2756575275402212,null
6736012,23016200,379829,5799367,556816,261269,118560,3748074,0,334048,222768,70780,190489,1036220,1133633,766989,0,88413,245635,83563,139205,524887,22491313,201025,320815,3047,84951,116074,38407,46544,77574,38500,320056,759,121941,198115,759,0,4,3043,1,3,3043,0,9706568,12784745,3191791,6514777,5749676,7035069,n115,false,0.4927538545736072,0.3888643439595747,0,1000,false,0,0,0.8846642058732026,0.5237067581714819,null
6736012,23016200,379829,5799367,556816,261269,118560,3748074,0,334048,222768,70780,190489,1036220,1133633,766989,0,88413,245635,83563,139205,524887,22491313,201025,320815,3047,84951,116074,38407,46544,77574,38500,320056,759,121941,198115,759,0,4,3043,1,3,3043,0,9706568,12784745,3191791,6514777,5749676,7035069,n117,true,0.5762569759758199,0.7167310756316366,18,1000,false,0,0,0.863532584356759,0.768552444625526,null
6736012,23016200,379829,5799367,556816,261269,118560,3748074,0,334048,222768,70780,190489,1036220,1133633,766989,0,88413,245635,83563,139205,524887,22491313,201025,320815,3047,84951,116074,38407,46544,77574,38500,320056,759,121941,198115,759,0,4,3043,1,3,3043,0,9706568,12784745,3191791,6514777,5749676,7035069,n121,true,0.9355842161699932,0.6036293520550661,22,170,false,6,3,0.1497983521568953,0.7592657863730822,null
6736012,23016200,379829,5799367,556816,261269,118560,3748074,0,334048,222768,70780,190489,1036220,1133633,766989,0,88413,245635,83563,139205,524887,22491313,201025,320815,3047,84951,116074,38407,46544,77574,38500,320056,759,121941,198115,759,0,4,3043,1,3,3043,0,9706568,12784745,3191791,6514777,5749676,7035069,n124,false,0.2488276582674526,0.6338508720290849,0,1000,false,0,0,0.39767122810870925,0.9101305824456051,null
6736012,23016200,379829,5799367,556816,261269,118560,3748074,0,334048,222768,70780,190489,1036220,1133633,766989,0,88413,245635,83563,139205,524887,22491313,201025,320815,3047,84951,116074,38407,46544,77574,38500,320056,759,121941,198115,759,0,4,3043,1,3,3043,0,9706568,12784745,3191791,6514777,5749676,7035069,n127,false,0.284384524331405,0.9334767532152317,0,998,false,500,1,0.598427768080452,0.8086141808077997,null
6736012,23016200,379829,5799367,556816,261269,118560,3748074,0,334048,222768,70780,190489,1036220,1133633,766989,0,88413,245635,83563,139205,524887,22491313,201025,320815,3047,84951,116074,38407,46544,77574,38500,320056,759,121941,198115,759,0,4,3043,1,3,3043,0,9706568,12784745,3191791,6514777,5749676,7035069,n130,true,0.9579233962545148,0.7382616363824968,20,1000,false,0,0,0.7959584898293577,0.5458505287557109,null
6736012,23016200,379829,5799367,556816,261269,118560,3748074,0,334048,222768,70780,190489,1036220,1133633,766989,0,88413,245635,83563,139205,524887,22491313,201025,320815,3047,84951,116074,38407,46544,77574,38500,320056,759,121941,198115,759,0,4,3043,1,3,3043,0,9706568,12784745,3191791,6514777,5749676,7035069,n136,true,0.12644471846886612,0.5939075681502801,11,1000,false,0,0,0.3344253746917968,0.4609477386316378,null
6736012,23016200,379829,5799367,556816,261269,118560,3748074,0,334048,222768,70780,190489,1036220,1133633,766989,0,88413,245635,83563,139205,524887,22491313,201025,320815,3047,84951,116074,38407,46544,77574,38500,320056,759,121941,198115,759,0,4,3043,1,3,3043,0,9706568,12784745,3191791,6514777,5749676,7035069,n137,false,0.6867947249317125,0.7246796747413721,0,926,false,500,2,0.7787183713553759,0.7778141439083079,null
6736012,23016200,379829,5799367,556816,261269,118560,3748074,0,334048,222768,70780,190489,1036220,1133633,766989,0,88413,245635,83563,139205,524887,22491313,201025,320815,3047,84951,116074,38407,46544,77574,38500,320056,759,121941,198115,759,0,4,3043,1,3,3043,0,9706568,12784745,3191791,6514777,5749676,7035069,n139,true,0.7779336580852908,0.7335778942691583,20,1000,false,0,0,0.5661933212431788,0.8512187503031523,null
6736012,23016200,379829,5799367,556816,261269,118560,3748074,0,334048,222768,70780,190489,1036220,1133633,766989,0,88413,245635,83563,139205,524887,22491313,201025,320815,3047,84951,116074,38407,46544,77574,38500,320056,759,121941,198115,759,0,4,3043,1,3,3043,0,9706568,12784745,3191791,6514777,5749676,7035069,n141,false,0.38375173652556044,0.6781016754125846,0,1000,false,0,0,0.43196456512351344,0.8608105690972766,null
6736012,23016200,379829,5799367,556816,261269,118560,3748074,0,334048,222768,70780,190489,1036220,1133633,766989,0,88413,245635,83563,139205,524887,22491313,201025,320815,3047,84951,116074,38407,46544,77574,38500,320056,759,121941,198115,759,0,4,3043,1,3,3043,0,9706568,12784745,3191791,6514777,5749676,7035069,n148,false,0.4806874327347669,0.6152142051220261,0,1000,false,0,0,0.9651445960508905,0.6299370951628419,null
6736012,23016200,379829,5799367,556816,261269,118560,3748074,0,334048,222768,70780,190489,1036220,1133633,766989,0,88413,245635,83563,139205,524887,22491313,201025,320815,3047,84951,116074,38407,46544,77574,38500,320056,759,121941,198115,759,0,4,3043,1,3,3043,0,9706568,12784745,3191791,6514777,5749676,7035069,n150,false,0.1550130251672817,0.7131649234345382,0,1000,false,0,0,0.9404931917302273,0.7035212465165157,null
6736012,23016200,379829,5799367,556816,261269,118560,3748074,0,334048,222768,70780,190489,1036220,1133633,766989,0,88413,245635,83563,139205,524887,22491313,201025,320815,3047,84951,116074,38407,46544,77574,38500,320056,759,121941,198115,759,0,4,3043,1,3,3043,0,9706568,12784745,3191791,6514777,5749676,7035069,n151,true,0.3381522819936373,0.868087879135263,20,1000,false,0,0,0.7909549863827744,0.4226321701482397,null
6736012,23016200,379829,5799367,556816,261269,118560,3748074,0,334048,222768,70780,190489,1036220,1133633,766989,0,88413,245635,83563,139205,524887,22491313,201025,320815,3047,84951,116074,38407,46544,77574,38500,320056,759,121941,198115,759,0,4,3043,1,3,3043,0,9706568,12784745,3191791,6514777,5749676,7035069,n153,false,0.4651986829396146,0.6336238190059695,0,1000,false,500,0,0.025628627299344453,0.42343227646712445,null
6736012,23016200,379829,5799367,556816,261269,118560,3748074,0,334048,222768,70780,190489,1036220,1133633,766989,0,88413,245635,83563,139205,524887,22491313,201025,320815,3047,84951,116074,38407,46544,77574,38500,320056,759,121941,198115,759,0,4,3043,1,3,3043,0,9706568,12784745,3191791,6514777,5749676,7035069,n154,false,0.01880477886195741,0.9706319061825381,0,491,true,491,1,0.7166176687815751,0.9811283071950951,null
6736012,23016200,379829,5799367,556816,261269,118560,3748074,0,334048,222768,70780,190489,1036220,1133633,766989,0,88413,245635,83563,139205,524887,22491313,201025,320815,3047,84951,116074,38407,46544,77574,38500,320056,759,121941,198115,759,0,4,3043,1,3,3043,0,9706568,12784745,3191791,6514777,5749676,7035069,n157,false,0.4584812593313149,0.595932966176092,0,1000,false,0,0,0.7033557246743999,0.7510697078820116,null
6736012,23016200,379829,5799367,556816,261269,118560,3748074,0,334048,222768,70780,190489,1036220,1133633,766989,0,88413,245635,83563,139205,524887,22491313,201025,320815,3047,84951,116074,38407,46544,77574,38500,320056,759,121941,198115,759,0,4,3043,1,3,3043,0,9706568,12784745,3191791,6514777,5749676,7035069,n158,false,0.4191382146019745,0.7645508254541954,0,1000,false,0,0,0.7162644704045361,0.8835703650000867,null
6736012,23016200,379829,5799367,556816,261269,118560,3748074,0,334048,222768,70780,190489,1036220,1133633,766989,0,88413,245635,83563,139205,524887,22491313,201025,320815,3047,84951,116074,38407,46544,77574,38500,320056,759,121941,198115,759,0,4,3043,1,3,3043,0,9706568,12784745,3191791,6514777,5749676,7035069,n161,false,0.5855056062176427,0.47226567897086125,0,1000,false,0,0,0.1316710752103265,0.9050095587403939,null
6736012,23016200,379829,5799367,556816,261269,118560,3748074,0,334048,222768,70780,190489,1036220,1133633,766989,0,88413,245635,83563,139205,524887,22491313,201025,320815,3047,84951,116074,38407,46544,77574,38500,320056,759,121941,198115,759,0,4,3043,1,3,3043,0,9706568,12784745,3191791,6514777,5749676,7035069,n163,false,0.106076444559475,0.7489135928971173,0,448,false,501,3,0.2140690776486167,0.15869644037489644,null
6736012,23016200,379829,5799367,556816,261269,118560,3748074,0,334048,222768,70780,190489,1036220,1133633,766989,0,88413,245635,83563,139205,524887,22491313,201025,320815,3047,84951,116074,38407,46544,77574,38500,320056,759,121941,198115,759,0,4,3043,1,3,3043,0,9706568,12784745,3191791,6514777,5749676,7035069,n167,false,0.22682391800295496,0.7375754386740828,0,1000,false,0,0,0.6192302946389512,0.6238976391553575,null
6736012,23016200,379829,5799367,556816,261269,118560,3748074,0,334048,222768,70780,190489,1036220,1133633,766989,0,88413,245635,83563,139205,524887,22491313,201025,320815,3047,84951,116074,38407,46544,77574,38500,320056,759,121941,198115,759,0,4,3043,1,3,3043,0,9706568,12784745,3191791,6514777,5749676,7035069,n168,false,0.9379280488108115,0.6088493408210847,0,1000,false,0,0,0.46741760078626593,0.5194599134568705,null
6736012,23016200,379829,5799367,556816,261269,118560,3748074,0,334048,222768,70780,190489,1036220,1133633,766989,0,88413,245635,83563,139205,524887,22491313,201025,320815,3047,84951,116074,38407,46544,77574,38500,320056,759,121941,198115,759,0,4,3043,1,3,3043,0,9706568,12784745,3191791,6514777,5749676,7035069,n170,true,0.48388284917959967,0.7177189936837826,20,1000,false,0,0,0.8126986984193354,0.9111360767679508,null
6736012,23016200,379829,5799367,556816,261269,118560,3748074,0,334048,222768,70780,190489,1036220,1133633,766989,0,88413,245635,83563,139205,524887,22491313,201025,320815,3047,84951,116074,38407,46544,77574,38500,320056,759,121941,198115,759,0,4,3043,1,3,3043,0,9706568,12784745,3191791,6514777,5749676,7035069,n172,false,0.9753193270444648,0.9315584112436645,0,1000,false,0,0,0.261493446183713,0.8071011366034051,null
6736012,23016200,379829,5799367,556816,261269,118560,3748074,0,334048,222768,70780,190489,1036220,1133633,766989,0,88413,245635,83563,139205,524887,22491313,201025,320815,3047,84951,116074,38407,46544,77574,38500,320056,759,121941,198115,759,0,4,3043,1,3,3043,0,9706568,12784745,3191791,6514777,5749676,7035069,n174,false,0.14166675389025418,0.5573829530321894,0,998,false,500,1,0.4349774000994868,0.7954005562218402,null
6736012,23016200,379829,5799367,556816,261269,118560,3748074,0,334048,222768,70780,190489,1036220,1133633,766989,0,88413,245635,83563,139205,524887,22491313,201025,320815,3047,84951,116074,38407,46544,77574,38500,320056,759,121941,198115,759,0,4,3043,1,3,3043,0,9706568,12784745,3191791,6514777,5749676,7035069,n176,false,0.7149167353094331,0.7503582318946748,0,1000,false,0,0,0.9957121331025487,0.8117237950892882,null
6736012,23016200,379829,5799367,556816,261269,118560,3748074,0,334048,222768,70780,190489,1036220,1133633,766989,0,88413,245635,83563,139205,524887,22491313,201025,320815,3047,84951,116074,38407,46544,77574,38500,320056,759,121941,198115,759,0,4,3043,1,3,3043,0,9706568,12784745,3191791,6514777,5749676,7035069,n178,false,0.6892520104180613,0.540409132455768,0,997,false,500,1,0.6344599719639775,0.9109360853305051,null
6736012,23016200,379829,5799367,556816,261269,118560,3748074,0,334048,222768,70780,190489,1036220,1133633,766989,0,88413,245635,83563,139205,524887,22491313,201025,320815,3047,84951,116074,38407,46544,77574,38500,320056,759,121941,198115,759,0,4,3043,1,3,3043,0,9706568,12784745,3191791,6514777,5749676,7035069,n183,false,0.10988417050585922,0.6997947466643422,0,998,false,500,1,0.5753104580692182,0.2667815776694297,null
6736012,23016200,379829,5799367,556816,261269,118560,3748074,0,334048,222768,70780,190489,1036220,1133633,766989,0,88413,245635,83563,139205,524887,22491313,201025,320815,3047,84951,116074,38407,46544,77574,38500,320056,759,121941,198115,759,0,4,3043,1,3,3043,0,9706568,12784745,3191791,6514777,5749676,7035069,n186,false,0.1863481066645846,0.801810552382351,0,1000,false,0,0,0.6914646955048919,0.8676621105005713,null
6736012,23016200,379829,5799367,556816,261269,118560,3748074,0,334048,222768,70780,190489,1036220,1133633,766989,0,88413,245635,83563,139205,524887,22491313,201025,320815,3047,84951,116074,38407,46544,77574,38500,320056,759,121941,198115,759,0,4,3043,1,3,3043,0,9706568,12784745,3191791,6514777,5749676,7035069,n187,true,0.8122581623679288,0.7299725820402092,12,1000,false,0,0,0.9435075854724065,0.996479824120139,null
6736012,23016200,379829,5799367,556816,261269,118560,3748074,0,334048,222768,70780,190489,1036220,1133633,766989,0,88413,245635,83563,139205,524887,22491313,201025,320815,3047,84951,116074,38407,46544,77574,38500,320056,759,121941,198115,759,0,4,3043,1,3,3043,0,9706568,12784745,3191791,6514777,5749676,7035069,n192,true,0.08344128247331645,0.795564820313654,13,1000,false,0,0,0.4194008206841798,0.15705770993806306,null
6736012,23016200,379829,5799367,556816,261269,118560,3748074,0,334048,222768,70780,190489,1036220,1133633,766989,0,88413,245635,83563,139205,524887,22491313,201025,320815,3047,84951,116074,38407,46544,77574,38500,320056,759,121941,198115,759,0,4,3043,1,3,3043,0,9706568,12784745,3191791,6514777,5749676,7035069,n195,false,0.27577483657407276,0.6506248331743213,0,9,false,501,5,0.767920293123665,0.661759117331954,null
6736012,23016200,379829,5799367,556816,261269,118560,3748074,0,334048,222768,70780,190489,1036220,1133633,766989,0,88413,245635,83563,139205,524887,22491313,201025,320815,3047,84951,116074,38407,46544,77574,38500,320056,759,121941,198115,759,0,4,3043,1,3,3043,0,9706568,12784745,3191791,6514777,5749676,7035069,n197,false,0.27036104418788576,0.7578298016468364,0,1000,false,0,0,0.2952218585253107,0.6123248704876079,null
6736012,23016200,379829,5799367,556816,261269,118560,3748074,0,334048,222768,70780,190489,1036220,1133633,766989,0,88413,245635,83563,139205,524887,22491313,201025,320815,3047,84951,116074,38407,46544,77574,38500,320056,759,121941,198115,759,0,4,3043,1,3,3043,0,9706568,12784745,3191791,6514777,5749676,7035069,n198,false,0.018692246506257233,0.4890071300038665,0,1000,false,0,0,0.3478973685911496,0.7669975215468358,null
6736012,23016200,379829,5799367,556816,261269,118560,3748074,0,334048,222768,70780,190489,1036220,1133633,766989,0,88413,245635,83563,139205,524887,22491313,201025,320815,3047,84951,116074,38407,46544,77574,38500,320056,759,121941,198115,759,0,4,3043,1,3,3043,0,9706568,12784745,3191791,6514777,5749676,7035069,n200,true,0.595963354485791,0.6023083280304857,19,1000,false,0,0,0.6279930827862918,0.43390604704034935,null
6736012,23016200,379829,5799367,556816,261269,118560,3748074,0,334048,222768,70780,190489,1036220,1133633,766989,0,88413,245635,83563,139205,524887,22491313,201025,320815,3047,84951,116074,38407,46544,77574,38500,320056,759,121941,198115,759,0,4,3043,1,3,3043,0,9706568,12784745,3191791,6514777,5749676,7035069,n202,true,0.40798408299889133,0.7796295084132034,25,1000,false,0,0,0.40464591648254783,0.8071594740462449,null
6736012,23016200,379829,5799367,556816,261269,118560,3748074,0,334048,222768,70780,190489,1036220,1133633,766989,0,88413,245635,83563,139205,524887,22491313,201025,320815,3047,84951,116074,38407,46544,77574,38500,320056,759,121941,198115,759,0,4,3043,1,3,3043,0,9706568,12784745,3191791,6514777,5749676,7035069,n205,false,0.5221969746991908,0.571624199551256,0,990,false,500,1,0.28516408361563944,0.5656072576613492,null
6736012,23016200,379829,5799367,556816,261269,118560,3748074,0,334048,222768,70780,190489,1036220,1133633,766989,0,88413,245635,83563,139205,524887,22491313,201025,320815,3047,84951,116074,38407,46544,77574,38500,320056,759,121941,198115,759,0,4,3043,1,3,3043,0,9706568,12784745,3191791,6514777,5749676,7035069,n207,true,0.26969010709648766,0.5943895408776785,13,1000,false,0,0,0.463160793970215,0.34576316662700657,null
6736012,23016200,379829,5799367,556816,261269,118560,3748074,0,334048,222768,70780,190489,1036220,1133633,766989,0,88413,245635,83563,139205,524887,22491313,201025,320815,3047,84951,116074,38407,46544,77574,38500,320056,759,121941,198115,759,0,4,3043,1,3,3043,0,9706568,12784745,3191791,6514777,5749676,7035069,n209,true,0.08021784676545725,0.7883799733633858,20,163,false,0,1,0.18215657338581842,0.7979024316103456,null
6736012,23016200,379829,5799367,556816,261269,118560,3748074,0,334048,222768,70780,190489,1036220,1133633,766989,0,88413,245635,83563,139205,524887,22491313,201025,320815,3047,84951,116074,38407,46544,77574,38500,320056,759,121941,198115,759,0,4,3043,1,3,3043,0,9706568,12784745,3191791,6514777,5749676,7035069,n212,true,0.4823845346831629,0.4996179180729481,12,1000,false,0,0,0.4421610701477784,0.45666288107939224,null
6736012,23016200,379829,5799367,556816,261269,118560,3748074,0,334048,222768,70780,190489,1036220,1133633,766989,0,88413,245635,83563,139205,524887,22491313,201025,320815,3047,84951,116074,38407,46544,77574,38500,320056,759,121941,198115,759,0,4,3043,1,3,3043,0,9706568,12784745,3191791,6514777,5749676,7035069,n213,false,0.06282291634766576,0.7272096045431524,0,1000,false,0,0,0.3167115244812542,0.46801843104195817,null
6736012,23016200,379829,5799367,556816,261269,118560,3748074,0,334048,222768,70780,190489,1036220,1133633,766989,0,88413,245635,83563,139205,524887,22491313,201025,320815,3047,84951,116074,38407,46544,77574,38500,320056,759,121941,198115,759,0,4,3043,1,3,3043,0,9706568,12784745,3191791,6514777,5749676,7035069,n214,false,0.5850204211529308,0.995327637240273,0,1000,false,0,0,0.5680709202144114,0.5782064854281296,null
6736012,23016200,379829,5799367,556816,261269,118560,3748074,0,334048,222768,70780,190489,1036220,1133633,766989,0,88413,245635,83563,139205,524887,22491313,201025,320815,3047,84951,116074,38407,46544,77574,38500,320056,759,121941,198115,759,0,4,3043,1,3,3043,0,9706568,12784745,3191791,6514777,5749676,7035069,n221,false,0.48187442702622274,0.6910428824507778,0,1000,false,0,0,0.47018706790290127,0.7147341521778727,null
6736012,23016200,379829,5799367,556816,261269,118560,3748074,0,334048,222768,70780,190489,1036220,1133633,766989,0,88413,245635,83563,139205,524887,22491313,201025,320815,3047,84951,116074,38407,46544,77574,38500,320056,759,121941,198115,759,0,4,3043,1,3,3043,0,9706568,12784745,3191791,6514777,5749676,7035069,n223,false,0.9535349411148552,0.5287369548935528,0,1000,false,0,0,0.4896185430966292,0.8926495491722207,null
6736012,23016200,379829,5799367,556816,261269,118560,3748074,0,334048,222768,70780,190489,1036220,1133633,766989,0,88413,245635,83563,139205,524887,22491313,201025,320815,3047,84951,116074,38407,46544,77574,38500,320056,759,121941,198115,759,0,4,3043,1,3,3043,0,9706568,12784745,3191791,6514777,5749676,7035069,n224,false,0.6409418017019243,0.5396115717579084,0,1000,false,500,0,0.2625327684801415,0.5849121614082887,null
6736012,23016200,379829,5799367,556816,261269,118560,3748074,0,334048,222768,70780,190489,1036220,1133633,766989,0,88413,245635,83563,139205,524887,22491313,201025,320815,3047,84951,116074,38407,46544,77574,38500,320056,759,121941,198115,759,0,4,3043,1,3,3043,0,9706568,12784745,3191791,6514777,5749676,7035069,n225,true,0.31973905523181523,0.6124868021673884,12,1000,false,0,0,0.22945813495872752,0.9757748446350221,null
6736012,23016200,379829,5799367,556816,261269,118560,3748074,0,334048,222768,70780,190489,1036220,1133633,766989,0,88413,245635,83563,139205,524887,22491313,201025,320815,3047,84951,116074,38407,46544,77574,38500,320056,759,121941,198115,759,0,4,3043,1,3,3043,0,9706568,12784745,3191791,6514777,5749676,7035069,n227,false,0.6898827369920297,0.7896774116219453,0,1000,false,500,0,0.5890693253033549,0.627611914809818,null
6736012,23016200,379829,5799367,556816,261269,118560,3748074,0,334048,222768,70780,190489,1036220,1133633,766989,0,88413,245635,83563,139205,524887,22491313,201025,320815,3047,84951,116074,38407,46544,77574,38500,320056,759,121941,198115,759,0,4,3043,1,3,3043,0,9706568,12784745,3191791,6514777,5749676,7035069,n231,false,0.8579575916288465,0.9050642525170385,0,1000,false,0,0,0.4529939738000774,0.38190564961263385,null
6736012,23016200,379829,5799367,556816,261269,118560,3748074,0,334048,222768,70780,190489,1036220,1133633,766989,0,88413,245635,83563,139205,524887,22491313,201025,320815,3047,84951,116074,38407,46544,77574,38500,320056,759,121941,198115,759,0,4,3043,1,3,3043,0,9706568,12784745,3191791,6514777,5749676,7035069,n232,false,0.5787524138908098,0.5435993214132495,0,493,true,493,1,0.4021808997619318,0.5073988640904806,null
6736012,23016200,379829,5799367,556816,261269,118560,3748074,0,334048,222768,70780,190489,1036220,1133633,766989,0,88413,245635,83563,139205,524887,22491313,201025,320815,3047,84951,116074,38407,46544,77574,38500,320056,759,121941,198115,759,0,4,3043,1,3,3043,0,9706568,12784745,3191791,6514777,5749676,7035069,n236,false,0.4214308339283729,0.38396579246806417,0,1000,false,0,0,0.06806374590669867,0.3602979664907451,null
6736012,23016200,379829,5799367,556816,261269,118560,3748074,0,334048,222768,70780,190489,1036220,1133633,766989,0,88413,245635,83563,139205,524887,22491313,201025,320815,3047,84951,116074,38407,46544,77574,38500,320056,759,121941,198115,759,0,4,3043,1,3,3043,0,9706568,12784745,3191791,6514777,5749676,7035069,n240,false,0.9093019856469878,0.8526409944401955,0,995,false,500,1,0.36281939132043617,0.6030613056562107,null
6736012,23016200,379829,5799367,556816,261269,118560,3748074,0,334048,222768,70780,190489,1036220,1133633,766989,0,88413,245635,83563,139205,524887,22491313,201025,320815,3047,84951,116074,38407,46544,77574,38500,320056,759,121941,198115,759,0,4,3043,1,3,3043,0,9706568,12784745,3191791,6514777,5749676,7035069,n242,false,0.5716382297832974,0.6361630201016543,0,998,false,500,1,0.4769598650307638,0.2523504264099077,null
6736012,23016200,379829,5799367,556816,261269,118560,3748074,0,334048,222768,70780,190489,1036220,1133633,766989,0,88413,245635,83563,139205,524887,22491313,201025,320815,3047,84951,116074,38407,46544,77574,38500,320056,759,121941,198115,759,0,4,3043,1,3,3043,0,9706568,12784745,3191791,6514777,5749676,7035069,n244,false,0.433136466433417,0.5962337191377807,0,496,true,496,1,0.5391706996690498,0.6957862544178423,null
6736012,23016200,379829,5799367,556816,261269,118560,3748074,0,334048,222768,70780,190489,1036220,1133633,766989,0,88413,245635,83563,139205,524887,22491313,201025,320815,3047,84951,116074,38407,46544,77574,38500,320056,759,121941,198115,759,0,4,3043,1,3,3043,0,9706568,12784745,3191791,6514777,5749676,7035069,n246,false,0.9847011893309701,0.5308132096526339,0,999,false,500,1,0.3450737915319737,0.5408514262115841,null
6736012,23016200,379829,5799367,556816,261269,118560,3748074,0,334048,222768,70780,190489,1036220,1133633,766989,0,88413,245635,83563,139205,524887,22491313,201025,320815,3047,84951,116074,38407,46544,77574,38500,320056,759,121941,198115,759,0,4,3043,1,3,3043,0,9706568,12784745,3191791,6514777,5749676,7035069,n247,false,0.5502638186858184,0.6576163730516773,0,337,true,337,2,0.965025036416464,0.6938812195351587,null
6736012,23016200,379829,5799367,556816,261269,118560,3748074,0,334048,222768,70780,190489,1036220,1133633,766989,0,88413,245635,83563,139205,524887,22491313,201025,320815,3047,84951,116074,38407,46544,77574,38500,320056,759,121941,198115,759,0,4,3043,1,3,3043,0,9706568,12784745,3191791,6514777,5749676,7035069,n250,false,0.18096516912100932,0.6634008959898412,0,1000,false,0,0,0.1587482167829723,0.3395673089837816,null
6736012,23016200,379829,5799367,556816,261269,118560,3748074,0,334048,222768,70780,190489,1036220,1133633,766989,0,88413,245635,83563,139205,524887,22491313,201025,320815,3047,84951,116074,38407,46544,77574,38500,320056,759,121941,198115,759,0,4,3043,1,3,3043,0,9706568,12784745,3191791,6514777,5749676,7035069,n254,false,0.32735164237015335,0.5794189470826695,0,1000,false,0,0,0.5655834234255578,0.3783375348860447,null
6736012,23016200,379829,5799367,556816,261269,118560,3748074,0,334048,222768,70780,190489,1036220,1133633,766989,0,88413,245635,83563,139205,524887,22491313,201025,320815,3047,84951,116074,38407,46544,77574,38500,320056,759,121941,198115,759,0,4,3043,1,3,3043,0,9706568,12784745,3191791,6514777,5749676,7035069,n255,false,0.10541424184126442,0.5301155513921446,0,1000,false,0,0,0.7011034624275012,0.7848850197915525,null
6736012,23016200,379829,5799367,556816,261269,118560,3748074,0,334048,222768,70780,190489,1036220,1133633,766989,0,88413,245635,83563,139205,524887,22491313,201025,320815,3047,84951,116074,38407,46544,77574,38500,320056,759,121941,198115,759,0,4,3043,1,3,3043,0,9706568,12784745,3191791,6514777,5749676,7035069,n256,false,0.044068048194908796,0.4161437474214315,0,1000,false,0,0,0.727854367258614,0.788088845537155,null
6736012,23016200,379829,5799367,556816,261269,118560,3748074,0,334048,222768,70780,190489,1036220,1133633,766989,0,88413,245635,83563,139205,524887,22491313,201025,320815,3047,84951,116074,38407,46544,77574,38500,320056,759,121941,198115,759,0,4,3043,1,3,3043,0,9706568,12784745,3191791,6514777,5749676,7035069,n261,false,0.2580952723268753,0.698104548986913,0,695,false,500,3,0.945734526325325,0.14614461731947392,null
6736012,23016200,379829,5799367,556816,261269,118560,3748074,0,334048,222768,70780,190489,1036220,1133633,766989,0,88413,245635,83563,139205,524887,22491313,201025,320815,3047,84951,116074,38407,46544,77574,38500,320056,759,121941,198115,759,0,4,3043,1,3,3043,0,9706568,12784745,3191791,6514777,5749676,7035069,n266,false,0.6984636610014885,0.959338157481257,0,1000,false,0,0,0.9045230536450523,0.6649659142847693,null
6736012,23016200,379829,5799367,556816,261269,118560,3748074,0,334048,222768,70780,190489,1036220,1133633,766989,0,88413,245635,83563,139205,524887,22491313,201025,320815,3047,84951,116074,38407,46544,77574,38500,320056,759,121941,198115,759,0,4,3043,1,3,3043,0,9706568,12784745,3191791,6514777,5749676,7035069,n267,false,0.20191919561892263,0.5922577640676502,0,1000,false,0,0,0.6315056619344931,0.2858134242182867,null
6736012,23016200,379829,5799367,556816,261269,118560,3748074,0,334048,222768,70780,190489,1036220,1133633,766989,0,88413,245635,83563,139205,524887,22491313,201025,320815,3047,84951,116074,38407,46544,77574,38500,320056,759,121941,198115,759,0,4,3043,1,3,3043,0,9706568,12784745,3191791,6514777,5749676,7035069,n273,true,0.4233951021566632,0.8826869090512035,6,1000,false,0,0,0.34419848249222684,0.7925193632313947,null
6736012,23016200,379829,5799367,556816,261269,118560,3748074,0,334048,222768,70780,190489,1036220,1133633,766989,0,88413,245635,83563,139205,524887,22491313,201025,320815,3047,84951,116074,38407,46544,77574,38500,320056,759,121941,198115,759,0,4,3043,1,3,3043,0,9706568,12784745,3191791,6514777,5749676,7035069,n274,false,0.5016128231758535,0.7685404778219884,0,1000,false,0,0,0.2156739952399951,0.7055876013285065,null
6736012,23016200,379829,5799367,556816,261269,118560,3748074,0,334048,222768,70780,190489,1036220,1133633,766989,0,88413,245635,83563,139205,524887,22491313,201025,320815,3047,84951,116074,38407,46544,77574,38500,320056,759,121941,198115,759,0,4,3043,1,3,3043,0,9706568,12784745,3191791,6514777,5749676,7035069,n275,false,0.583707603924868,0.562392135157726,0,1000,false,0,0,0.13277611537062017,0.9628014497612124,null
6736012,23016200,379829,5799367,556816,261269,118560,3748074,0,334048,222768,70780,190489,1036220,1133633,766989,0,88413,245635,83563,139205,524887,22491313,201025,320815,3047,84951,116074,38407,46544,77574,38500,320056,759,121941,198115,759,0,4,3043,1,3,3043,0,9706568,12784745,3191791,6514777,5749676,7035069,n276,false,0.3851100962518817,0.8338031149395346,0,1000,false,500,0,0.7413042541696848,0.4658740743927722,null
6736012,23016200,379829,5799367,556816,261269,118560,3748074,0,334048,222768,70780,190489,1036220,1133633,766989,0,88413,245635,83563,139205,524887,22491313,201025,320815,3047,84951,116074,38407,46544,77574,38500,320056,759,121941,198115,759,0,4,3043,1,3,3043,0,9706568,12784745,3191791,6514777,5749676,7035069,n278,false,0.06423371586210079,0.48588110173202276,0,1000,false,0,0,0.4494597952686611,0.19242134630556185,null
6736012,23016200,379829,5799367,556816,261269,118560,3748074,0,334048,222768,70780,190489,1036220,1133633,766989,0,88413,245635,83563,139205,524887,22491313,201025,320815,3047,84951,116074,38407,46544,77574,38500,320056,759,121941,198115,759,0,4,3043,1,3,3043,0,9706568,12784745,3191791,6514777,5749676,7035069,n279,true,0.8719267247229019,0.7688647347118855,18,1000,false,0,0,0.183842715616215,0.4102871748950908,null
6736012,23016200,379829,5799367,556816,261269,118560,3748074,0,334048,222768,70780,190489,1036220,1133633,766989,0,88413,245635,83563,139205,524887,22491313,201025,320815,3047,84951,116074,38407,46544,77574,38500,320056,759,121941,198115,759,0,4,3043,1,3,3043,0,9706568,12784745,3191791,6514777,5749676,7035069,n283,false,0.4532505485573472,0.450726580891438,0,1000,false,0,0,0.780456243568221,0.7846781651017639,null
6736012,23016200,379829,5799367,556816,261269,118560,3748074,0,334048,222768,70780,190489,1036220,1133633,766989,0,88413,245635,83563,139205,524887,22491313,201025,320815,3047,84951,116074,38407,46544,77574,38500,320056,759,121941,198115,759,0,4,3043,1,3,3043,0,9706568,12784745,3191791,6514777,5749676,7035069,n287,true,0.6390746869962691,0.5331199352011853,19,1000,false,0,0,0.5588548837466345,0.6053854003899061,null
6736012,23016200,379829,5799367,556816,261269,118560,3748074,0,334048,222768,70780,190489,1036220,1133633,766989,0,88413,245635,83563,139205,524887,22491313,201025,320815,3047,84951,116074,38407,46544,77574,38500,320056,759,121941,198115,759,0,4,3043,1,3,3043,0,9706568,12784745,3191791,6514777,5749676,7035069,n289,false,0.1877820350594725,0.846114532927343,0,992,false,500,1,0.39408663982984365,0.269046345004881,null
6736012,23016200,379829,5799367,556816,261269,118560,3748074,0,334048,222768,70780,190489,1036220,1133633,766989,0,88413,245635,83563,139205,524887,22491313,201025,320815,3047,84951,116074,38407,46544,77574,38500,320056,759,121941,198115,759,0,4,3043,1,3,3043,0,9706568,12784745,3191791,6514777,5749676,7035069,n290,false,0.2229476369927705,0.5655229474433465,0,1000,false,0,0,0.09066755739106247,0.9616216583436319,null
6736012,23016200,379829,5799367,556816,261269,118560,3748074,0,334048,222768,70780,190489,1036220,1133633,766989,0,88413,245635,83563,139205,524887,22491313,201025,320815,3047,84951,116074,38407,46544,77574,38500,320056,759,121941,198115,759,0,4,3043,1,3,3043,0,9706568,12784745,3191791,6514777,5749676,7035069,n291,true,0.07548359302209363,0.8319703408322697,21,462,false,0,1,0.5206758150249008,0.39327544936389913,null
6736012,23016200,379829,5799367,556816,261269,118560,3748074,0,334048,222768,70780,190489,1036220,1133633,766989,0,88413,245635,83563,139205,524887,22491313,201025,320815,3047,84951,116074,38407,46544,77574,38500,320056,759,121941,198115,759,0,4,3043,1,3,3043,0,9706568,12784745,3191791,6514777,5749676,7035069,n295,true,0.90867593962372,0.6454183031847034,20,1000,false,0,0,0.23294950864550046,0.561385513110991,null
6736012,23016200,379829,5799367,556816,261269,118560,3748074,0,334048,222768,70780,190489,1036220,1133633,766989,0,88413,245635,83563,139205,524887,22491313,201025,320815,3047,84951,116074,38407,46544,77574,38500,320056,759,121941,198115,759,0,4,3043,1,3,3043,0,9706568,12784745,3191791,6514777,5749676,7035069,n296,true,0.018544552733843978,0.5924580040128327,22,1000,false,0,0,0.7820749513680019,0.5162290791393496,null
6736012,23016200,379829,5799367,556816,261269,118560,3748074,0,334048,222768,70780,190489,1036220,1133633,766989,0,88413,245635,83563,139205,524887,22491313,201025,320815,3047,84951,116074,38407,46544,77574,38500,320056,759,121941,198115,759,0,4,3043,1,3,3043,0,9706568,12784745,3191791,6514777,5749676,7035069,n297,false,0.9945556776744232,0.5298737025377699,0,999,false,500,1,0.03676210114308193,0.8747297387271331,null
6736012,23016200,379829,5799367,556816,261269,118560,3748074,0,334048,222768,70780,190489,1036220,1133633,766989,0,88413,245635,83563,139205,524887,22491313,201025,320815,3047,84951,116074,38407,46544,77574,38500,320056,759,121941,198115,759,0,4,3043,1,3,3043,0,9706568,12784745,3191791,6514777,5749676,7035069,n298,false,0.07937966722252177,0.752014927638804,0,999,false,500,1,0.3703565208530286,0.865860628078848,null
6736012,23016200,379829,5799367,556816,261269,118560,3748074,0,334048,222768,70780,190489,1036220,1133633,766989,0,88413,245635,83563,139205,524887,22491313,201025,320815,3047,84951,116074,38407,46544,77574,38500,320056,759,121941,198115,759,0,4,3043,1,3,3043,0,9706568,12784745,3191791,6514777,5749676,7035069,n303,false,0.9678282707375397,0.6516628179752664,0,1000,false,0,0,0.4407637917839315,0.9294349803125972,null
6736012,23016200,379829,5799367,556816,261269,118560,3748074,0,334048,222768,70780,190489,1036220,1133633,766989,0,88413,245635,83563,139205,524887,22491313,201025,320815,3047,84951,116074,38407,46544,77574,38500,320056,759,121941,198115,759,0,4,3043,1,3,3043,0,9706568,12784745,3191791,6514777,5749676,7035069,n307,false,0.6038634244060485,0.3932790360621328,0,1000,false,0,0,0.739234984614906,0.6609815375068789,null
6736012,23016200,379829,5799367,556816,261269,118560,3748074,0,334048,222768,70780,190489,1036220,1133633,766989,0,88413,245635,83563,139205,524887,22491313,201025,320815,3047,84951,116074,38407,46544,77574,38500,320056,759,121941,198115,759,0,4,3043,1,3,3043,0,9706568,12784745,3191791,6514777,5749676,7035069,n311,false,0.438387491304399,0.9133639639773894,0,1000,false,0,0,0.7002130698787379,0.7397362978758772,null
6736012,23016200,379829,5799367,556816,261269,118560,3748074,0,334048,222768,70780,190489,1036220,1133633,766989,0,88413,245635,83563,139205,524887,22491313,201025,320815,3047,84951,116074,38407,46544,77574,38500,320056,759,121941,198115,759,0,4,3043,1,3,3043,0,9706568,12784745,3191791,6514777,5749676,7035069,n312,true,0.06234573277312838,0.678390923781159,23,1000,false,0,0,0.657358225520886,0.5773371047649191,null
6736012,23016200,379829,5799367,556816,261269,118560,3748074,0,334048,222768,70780,190489,1036220,1133633,766989,0,88413,245635,83563,139205,524887,22491313,201025,320815,3047,84951,116074,38407,46544,77574,38500,320056,759,121941,198115,759,0,4,3043,1,3,3043,0,9706568,12784745,3191791,6514777,5749676,7035069,n315,false,0.1505158901282138,0.9456063978248889,0,1000,false,0,0,0.12302848716406595,0.653271628349095,null
6736012,23016200,379829,5799367,556816,261269,118560,3748074,0,334048,222768,70780,190489,1036220,1133633,766989,0,88413,245635,83563,139205,524887,22491313,201025,320815,3047,84951,116074,38407,46544,77574,38500,320056,759,121941,198115,759,0,4,3043,1,3,3043,0,9706568,12784745,3191791,6514777,5749676,7035069,n319,false,0.3841931038497257,0.7083825610144212,0,1000,false,0,0,0.39115814077571165,0.8581224301094004,null
6736012,23016200,379829,5799367,556816,261269,118560,3748074,0,334048,222768,70780,190489,1036220,1133633,766989,0,88413,245635,83563,139205,524887,22491313,201025,320815,3047,84951,116074,38407,46544,77574,38500,320056,759,121941,198115,759,0,4,3043,1,3,3043,0,9706568,12784745,3191791,6514777,5749676,7035069,n322,true,0.17901774357649036,0.8990299340568311,20,1000,false,0,0,0.008806342633513653,0.7737546257680542,null
6736012,23016200,379829,5799367,556816,261269,118560,3748074,0,334048,222768,70780,190489,1036220,1133633,766989,0,88413,245635,83563,139205,524887,22491313,201025,320815,3047,84951,116074,38407,46544,77574,38500,320056,759,121941,198115,759,0,4,3043,1,3,3043,0,9706568,12784745,3191791,6514777,5749676,7035069,n323,false,0.7658024424397107,0.4909576023895596,0,1000,false,0,0,0.5175647152534532,0.9612104030901678,null
6736012,23016200,379829,5799367,556816,261269,118560,3748074,0,334048,222768,70780,190489,1036220,1133633,766989,0,88413,245635,83563,139205,524887,22491313,201025,320815,3047,84951,116074,38407,46544,77574,38500,320056,759,121941,198115,759,0,4,3043,1,3,3043,0,9706568,12784745,3191791,6514777,5749676,7035069,n328,true,0.5130635566793779,0.46833253568734123,21,542,false,1,3,0.5107648450418514,0.9873021601539053,null
6736012,23016200,379829,5799367,556816,261269,118560,3748074,0,334048,222768,70780,190489,1036220,1133633,766989,0,88413,245635,83563,139205,524887,22491313,201025,320815,3047,84951,116074,38407,46544,77574,38500,320056,759,121941,198115,759,0,4,3043,1,3,3043,0,9706568,12784745,3191791,6514777,5749676,7035069,n330,false,0.5443479933521509,0.5594476565784882,0,1000,false,0,0,0.03008456100742829,0.7393944226131263,null
6736012,23016200,379829,5799367,556816,261269,118560,3748074,0,334048,222768,70780,190489,1036220,1133633,766989,0,88413,245635,83563,139205,524887,22491313,201025,320815,3047,84951,116074,38407,46544,77574,38500,320056,759,121941,198115,759,0,4,3043,1,3,3043,0,9706568,12784745,3191791,6514777,5749676,7035069,n334,false,0.5350045616847252,0.873983048119277,0,337,true,337,1,0.29331151023406726,0.945055689727362,null
6736012,23016200,379829,5799367,556816,261269,118560,3748074,0,334048,222768,70780,190489,1036220,1133633,766989,0,88413,245635,83563,139205,524887,22491313,201025,320815,3047,84951,116074,38407,46544,77574,38500,320056,759,121941,198115,759,0,4,3043,1,3,3043,0,9706568,12784745,3191791,6514777,5749676,7035069,n336,false,0.6765666071257601,0.7519137880499579,0,1000,false,0,0,0.4821586169273337,0.6774344919852218,null
6736012,23016200,379829,5799367,556816,261269,118560,3748074,0,334048,222768,70780,190489,1036220,1133633,766989,0,88413,245635,83563,139205,524887,22491313,201025,320815,3047,84951,116074,38407,46544,77574,38500,320056,759,121941,198115,759,0,4,3043,1,3,3043,0,9706568,12784745,3191791,6514777,5749676,7035069,n340,false,0.6198011034654324,0.6077895963277195,0,948,false,500,2,0.44160629495144077,0.710502570956199,null
6736012,23016200,379829,5799367,556816,261269,118560,3748074,0,334048,222768,70780,190489,1036220,1133633,766989,0,88413,245635,83563,139205,524887,22491313,201025,320815,3047,84951,116074,38407,46544,77574,38500,320056,759,121941,198115,759,0,4,3043,1,3,3043,0,9706568,12784745,3191791,6514777,5749676,7035069,n342,true,0.7281111615034577,0.6542201326168098,20,999,false,0,1,0.7933625137102159,0.5917813313127359,null
6736012,23016200,379829,5799367,556816,261269,118560,3748074,0,334048,222768,70780,190489,1036220,1133633,766989,0,88413,245635,83563,139205,524887,22491313,201025,320815,3047,84951,116074,38407,46544,77574,38500,320056,759,121941,198115,759,0,4,3043,1,3,3043,0,9706568,12784745,3191791,6514777,5749676,7035069,n346,false,0.8164221220708932,0.9626397696358517,0,1000,false,0,0,0.031045487605653843,0.18465385732483502,null
6736012,23016200,379829,5799367,556816,261269,118560,3748074,0,334048,222768,70780,190489,1036220,1133633,766989,0,88413,245635,83563,139205,524887,22491313,201025,320815,3047,84951,116074,38407,46544,77574,38500,320056,759,121941,198115,759,0,4,3043,1,3,3043,0,9706568,12784745,3191791,6514777,5749676,7035069,n347,false,0.14335466310050166,0.7992117418523728,0,1000,false,500,0,0.8478211961945646,0.4238704331501578,null
6736012,23016200,379829,5799367,556816,261269,118560,3748074,0,334048,222768,70780,190489,1036220,1133633,766989,0,88413,245635,83563,139205,524887,22491313,201025,320815,3047,84951,116074,38407,46544,77574,38500,320056,759,121941,198115,759,0,4,3043,1,3,3043,0,9706568,12784745,3191791,6514777,5749676,7035069,n350,false,0.4369827069949575,0.7294720222379705,0,1000,false,0,0,0.5004653837328762,0.8561535380715988,null
6736012,23016200,379829,5799367,556816,261269,118560,3748074,0,334048,222768,70780,190489,1036220,1133633,766989,0,88413,245635,83563,139205,524887,22491313,201025,320815,3047,84951,116074,38407,46544,77574,38500,320056,759,121941,198115,759,0,4,3043,1,3,3043,0,9706568,12784745,3191791,6514777,5749676,7035069,n351,false,0.3906971984873843,0.904691036616672,0,1000,false,0,0,0.13536365905467113,0.967159802994153,null
6736012,23016200,379829,5799367,556816,261269,118560,3748074,0,334048,222768,70780,190489,1036220,1133633,766989,0,88413,245635,83563,139205,524887,22491313,201025,320815,3047,84951,116074,38407,46544,77574,38500,320056,759,121941,198115,759,0,4,3043,1,3,3043,0,9706568,12784745,3191791,6514777,5749676,7035069,n361,false,0.40258617976381944,0.6737966548988231,0,1000,false,0,0,0.4407533618060482,0.8800053754391355,null
6736012,23016200,379829,5799367,556816,261269,118560,3748074,0,334048,222768,70780,190489,1036220,1133633,766989,0,88413,245635,83563,139205,524887,22491313,201025,320815,3047,84951,116074,38407,46544,77574,38500,320056,759,121941,198115,759,0,4,3043,1,3,3043,0,9706568,12784745,3191791,6514777,5749676,7035069,n363,false,0.04655656417905047,0.5255898259401581,0,1000,false,0,0,0.39389963484522916,0.9360260461656795,null
6736012,23016200,379829,5799367,556816,261269,118560,3748074,0,334048,222768,70780,190489,1036220,1133633,766989,0,88413,245635,83563,139205,524887,22491313,201025,320815,3047,84951,116074,38407,46544,77574,38500,320056,759,121941,198115,759,0,4,3043,1,3,3043,0,9706568,12784745,3191791,6514777,5749676,7035069,n367,false,0.5666431050505021,0.8129051166756505,0,453,true,453,1,0.04422265809902687,0.4055985167976581,null
6736012,23016200,379829,5799367,556816,261269,118560,3748074,0,334048,222768,70780,190489,1036220,1133633,766989,0,88413,245635,83563,139205,524887,22491313,201025,320815,3047,84951,116074,38407,46544,77574,38500,320056,759,121941,198115,759,0,4,3043,1,3,3043,0,9706568,12784745,3191791,6514777,5749676,7035069,n371,true,0.2667420401241305,0.8476777053972349,16,1000,false,0,0,0.5686637933203663,0.6548516707600839,null
6736012,23016200,379829,5799367,556816,261269,118560,3748074,0,334048,222768,70780,190489,1036220,1133633,766989,0,88413,245635,83563,139205,524887,22491313,201025,320815,3047,84951,116074,38407,46544,77574,38500,320056,759,121941,198115,759,0,4,3043,1,3,3043,0,9706568,12784745,3191791,6514777,5749676,7035069,n372,false,0.734677662137534,0.7983510348524812,0,1000,false,0,0,0.4755349088779074,0.8300201312969053,null
6736012,23016200,379829,5799367,556816,261269,118560,3748074,0,334048,222768,70780,190489,1036220,1133633,766989,0,88413,245635,83563,139205,524887,22491313,201025,320815,3047,84951,116074,38407,46544,77574,38500,320056,759,121941,198115,759,0,4,3043,1,3,3043,0,9706568,12784745,3191791,6514777,5749676,7035069,n373,true,0.9960140504340044,0.8119735235643616,12,1000,false,0,0,0.5122104033885687,0.4531288432264805,null
6736012,23016200,379829,5799367,556816,261269,118560,3748074,0,334048,222768,70780,190489,1036220,1133633,766989,0,88413,245635,83563,139205,524887,22491313,201025,320815,3047,84951,116074,38407,46544,77574,38500,320056,759,121941,198115,759,0,4,3043,1,3,3043,0,9706568,12784745,3191791,6514777,5749676,7035069,n377,false,0.18808028173855118,0.744514158246841,0,995,false,500,2,0.6875367197314719,0.7404307214260434,null
6736012,23016200,379829,5799367,556816,261269,118560,3748074,0,334048,222768,70780,190489,1036220,1133633,766989,0,88413,245635,83563,139205,524887,22491313,201025,320815,3047,84951,116074,38407,46544,77574,38500,320056,759,121941,198115,759,0,4,3043,1,3,3043,0,9706568,12784745,3191791,6514777,5749676,7035069,n378,true,0.7676931930270099,0.9232498255658972,23,1000,false,0,0,0.43750588231382503,0.9820008046591631,null
6736012,23016200,379829,5799367,556816,261269,118560,3748074,0,334048,222768,70780,190489,1036220,1133633,766989,0,88413,245635,83563,139205,524887,22491313,201025,320815,3047,84951,116074,38407,46544,77574,38500,320056,759,121941,198115,759,0,4,3043,1,3,3043,0,9706568,12784745,3191791,6514777,5749676,7035069,n387,false,0.14898725062517568,0.8079335556694368,0,1000,false,0,0,0.3528288190489358,0.5299489764819828,null
6736012,23016200,379829,5799367,556816,261269,118560,3748074,0,334048,222768,70780,190489,1036220,1133633,766989,0,88413,245635,83563,139205,524887,22491313,201025,320815,3047,84951,116074,38407,46544,77574,38500,320056,759,121941,198115,759,0,4,3043,1,3,3043,0,9706568,12784745,3191791,6514777,5749676,7035069,n390,false,0.443299843065449,0.671377803731401,0,1000,false,0,0,0.6273604041205494,0.6649164965187703,null
6736012,23016200,379829,5799367,556816,261269,118560,3748074,0,334048,222768,70780,190489,1036220,1133633,766989,0,88413,245635,83563,139205,524887,22491313,201025,320815,3047,84951,116074,38407,46544,77574,38500,320056,759,121941,198115,759,0,4,3043,1,3,3043,0,9706568,12784745,3191791,6514777,5749676,7035069,n395,false,0.7480930173299056,0.5218706832248254,0,1000,false,0,0,0.3418245795173784,0.5415687118872972,null
6736012,23016200,379829,5799367,556816,261269,118560,3748074,0,334048,222768,70780,190489,1036220,1133633,766989,0,88413,245635,83563,139205,524887,22491313,201025,320815,3047,84951,116074,38407,46544,77574,38500,320056,759,121941,198115,759,0,4,3043,1,3,3043,0,9706568,12784745,3191791,6514777,5749676,7035069,n398,false,0.006628805828687943,0.6637146883829768,0,1000,false,0,0,0.6742916019168679,0.5627494537735184,null
6736012,23016200,379829,5799367,556816,261269,118560,3748074,0,334048,222768,70780,190489,1036220,1133633,766989,0,88413,245635,83563,139205,524887,22491313,201025,320815,3047,84951,116074,38407,46544,77574,38500,320056,759,121941,198115,759,0,4,3043,1,3,3043,0,9706568,12784745,3191791,6514777,5749676,7035069,n399,false,0.058819719049225096,0.46650327628919486,0,1000,false,500,0,0.3732258806630647,0.9666404649004724,null
6736012,23016200,379829,5799367,556816,261269,118560,3748074,0,334048,222768,70780,190489,1036220,1133633,766989,0,88413,245635,83563,139205,524887,22491313,201025,320815,3047,84951,116074,38407,46544,77574,38500,320056,759,121941,198115,759,0,4,3043,1,3,3043,0,9706568,12784745,3191791,6514777,5749676,7035069,n403,false,0.07378014832061655,0.8234796073242043,0,1000,false,0,0,0.6295804581442878,0.8582870284428741,null
6736012,23016200,379829,5799367,556816,261269,118560,3748074,0,334048,222768,70780,190489,1036220,1133633,766989,0,88413,245635,83563,139205,524887,22491313,201025,320815,3047,84951,116074,38407,46544,77574,38500,320056,759,121941,198115,759,0,4,3043,1,3,3043,0,9706568,12784745,3191791,6514777,5749676,7035069,n406,false,0.18998634766652653,0.6401158774794073,0,1000,false,0,0,0.4415077672480725,0.7685105032989805,null
6736012,23016200,379829,5799367,556816,261269,118560,3748074,0,334048,222768,70780,190489,1036220,1133633,766989,0,88413,245635,83563,139205,524887,22491313,201025,320815,3047,84951,116074,38407,46544,77574,38500,320056,759,121941,198115,759,0,4,3043,1,3,3043,0,9706568,12784745,3191791,6514777,5749676,7035069,n414,true,0.22479172608690862,0.706651275171924,20,1000,false,0,0,0.8945329529408046,0.7624545159794143,null
6736012,23016200,379829,5799367,556816,261269,118560,3748074,0,334048,222768,70780,190489,1036220,1133633,766989,0,88413,245635,83563,139205,524887,22491313,201025,320815,3047,84951,116074,38407,46544,77574,38500,320056,759,121941,198115,759,0,4,3043,1,3,3043,0,9706568,12784745,3191791,6514777,5749676,7035069,n415,false,0.6413136155326694,0.6538915357345602,0,1000,false,0,0,0.6921674531059644,0.9132789451279076,null
6736012,23016200,379829,5799367,556816,261269,118560,3748074,0,334048,222768,70780,190489,1036220,1133633,766989,0,88413,245635,83563,139205,524887,22491313,201025,320815,3047,84951,116074,38407,46544,77574,38500,320056,759,121941,198115,759,0,4,3043,1,3,3043,0,9706568,12784745,3191791,6514777,5749676,7035069,n417,false,0.29003147062186574,0.5639324765740248,0,7,true,494,4,0.6186619279972331,0.2459808741378527,null
6736012,23016200,379829,5799367,556816,261269,118560,3748074,0,334048,222768,70780,190489,1036220,1133633,766989,0,88413,245635,83563,139205,524887,22491313,201025,320815,3047,84951,116074,38407,46544,77574,38500,320056,759,121941,198115,759,0,4,3043,1,3,3043,0,9706568,12784745,3191791,6514777,5749676,7035069,n419,false,0.3174023136812618,0.7084358076325086,0,417,true,417,2,0.2751682603121339,0.9548368462643653,null
6736012,23016200,379829,5799367,556816,261269,118560,3748074,0,334048,222768,70780,190489,1036220,1133633,766989,0,88413,245635,83563,139205,524887,22491313,201025,320815,3047,84951,116074,38407,46544,77574,38500,320056,759,121941,198115,759,0,4,3043,1,3,3043,0,9706568,12784745,3191791,6514777,5749676,7035069,n422,false,0.08067201850571828,0.5864579925517522,0,999,false,500,1,0.8219266783910335,0.40422967103830754,null
6736012,23016200,379829,5799367,556816,261269,118560,3748074,0,334048,222768,70780,190489,1036220,1133633,766989,0,88413,245635,83563,139205,524887,22491313,201025,320815,3047,84951,116074,38407,46544,77574,38500,320056,759,121941,198115,759,0,4,3043,1,3,3043,0,9706568,12784745,3191791,6514777,5749676,7035069,n424,false,0.8448239826685379,0.9814777463888431,0,79,true,79,2,0.5017057861531299,0.6026100497194137,null
6736012,23016200,379829,5799367,556816,261269,118560,3748074,0,334048,222768,70780,190489,1036220,1133633,766989,0,88413,245635,83563,139205,524887,22491313,201025,320815,3047,84951,116074,38407,46544,77574,38500,320056,759,121941,198115,759,0,4,3043,1,3,3043,0,9706568,12784745,3191791,6514777,5749676,7035069,n425,false,0.6400238178193002,0.5114945832241089,0,999,false,500,1,0.7408332559575208,0.43252071092805666,null
6736012,23016200,379829,5799367,556816,261269,118560,3748074,0,334048,222768,70780,190489,1036220,1133633,766989,0,88413,245635,83563,139205,524887,22491313,201025,320815,3047,84951,116074,38407,46544,77574,38500,320056,759,121941,198115,759,0,4,3043,1,3,3043,0,9706568,12784745,3191791,6514777,5749676,7035069,n429,false,0.019748430503362665,0.4536248465245639,0,1000,false,0,0,0.19767999684901472,0.34085162042354206,null
6736012,23016200,379829,5799367,556816,261269,118560,3748074,0,334048,222768,70780,190489,1036220,1133633,766989,0,88413,245635,83563,139205,524887,22491313,201025,320815,3047,84951,116074,38407,46544,77574,38500,320056,759,121941,198115,759,0,4,3043,1,3,3043,0,9706568,12784745,3191791,6514777,5749676,7035069,n432,false,0.2230429024876822,0.8759579473252637,0,1000,false,500,0,0.11968968182860434,0.37723872181405765,null
6736012,23016200,379829,5799367,556816,261269,118560,3748074,0,334048,222768,70780,190489,1036220,1133633,766989,0,88413,245635,83563,139205,524887,22491313,201025,320815,3047,84951,116074,38407,46544,77574,38500,320056,759,121941,198115,759,0,4,3043,1,3,3043,0,9706568,12784745,3191791,6514777,5749676,7035069,n433,false,0.9656278858501065,0.6952432207875855,0,1000,false,0,0,0.5358164111396453,0.8307030426977562,null
6736012,23016200,379829,5799367,556816,261269,118560,3748074,0,334048,222768,70780,190489,1036220,1133633,766989,0,88413,245635,83563,139205,524887,22491313,201025,320815,3047,84951,116074,38407,46544,77574,38500,320056,759,121941,198115,759,0,4,3043,1,3,3043,0,9706568,12784745,3191791,6514777,5749676,7035069,n434,true,0.6192252295218069,0.7288342441868327,20,1000,false,0,0,0.35375159735361994,0.8967582543775952,null
6736012,23016200,379829,5799367,556816,261269,118560,3748074,0,334048,222768,70780,190489,1036220,1133633,766989,0,88413,245635,83563,139205,524887,22491313,201025,320815,3047,84951,116074,38407,46544,77574,38500,320056,759,121941,198115,759,0,4,3043,1,3,3043,0,9706568,12784745,3191791,6514777,5749676,7035069,n437,true,0.11473369705648569,0.910993071766485,20,520,false,0,1,0.2502067190159453,0.9262868619785822,null
6736012,23016200,379829,5799367,556816,261269,118560,3748074,0,334048,222768,70780,190489,1036220,1133633,766989,0,88413,245635,83563,139205,524887,22491313,201025,320815,3047,84951,116074,38407,46544,77574,38500,320056,759,121941,198115,759,0,4,3043,1,3,3043,0,9706568,12784745,3191791,6514777,5749676,7035069,n439,true,0.10344363877444618,0.4402111894418519,20,1000,false,0,0,0.8773506243957976,0.8000991151358952,null
6736012,23016200,379829,5799367,556816,261269,118560,3748074,0,334048,222768,70780,190489,1036220,1133633,766989,0,88413,245635,83563,139205,524887,22491313,201025,320815,3047,84951,116074,38407,46544,77574,38500,320056,759,121941,198115,759,0,4,3043,1,3,3043,0,9706568,12784745,3191791,6514777,5749676,7035069,n444,false,0.3012102596408758,0.7492556174045889,0,1000,false,0,0,0.41966039163716246,0.8395254988764946,null
6736012,23016200,379829,5799367,556816,261269,118560,3748074,0,334048,222768,70780,190489,1036220,1133633,766989,0,88413,245635,83563,139205,524887,22491313,201025,320815,3047,84951,116074,38407,46544,77574,38500,320056,759,121941,198115,759,0,4,3043,1,3,3043,0,9706568,12784745,3191791,6514777,5749676,7035069,n448,false,0.8492536476588932,0.8964322267424065,0,1000,false,0,0,0.7942598103901766,0.7367830698762994,null
6736012,23016200,379829,5799367,556816,261269,118560,3748074,0,334048,222768,70780,190489,1036220,1133633,766989,0,88413,245635,83563,139205,524887,22491313,201025,320815,3047,84951,116074,38407,46544,77574,38500,320056,759,121941,198115,759,0,4,3043,1,3,3043,0,9706568,12784745,3191791,6514777,5749676,7035069,n449,false,0.5445878011926258,0.6173509581597424,0,1000,false,0,0,0.618149678362371,0.5439006749772742,null
6736012,23016200,379829,5799367,556816,261269,118560,3748074,0,334048,222768,70780,190489,1036220,1133633,766989,0,88413,245635,83563,139205,524887,22491313,201025,320815,3047,84951,116074,38407,46544,77574,38500,320056,759,121941,198115,759,0,4,3043,1,3,3043,0,9706568,12784745,3191791,6514777,5749676,7035069,n450,false,0.7688122671473829,0.8931142570999754,0,1000,false,500,0,0.0921529083803036,0.9915807051696696,null
6736012,23016200,379829,5799367,556816,261269,118560,3748074,0,334048,222768,70780,190489,1036220,1133633,766989,0,88413,245635,83563,139205,524887,22491313,201025,320815,3047,84951,116074,38407,46544,77574,38500,320056,759,121941,198115,759,0,4,3043,1,3,3043,0,9706568,12784745,3191791,6514777,5749676,7035069,n452,false,0.5510393855542101,0.8801651797218486,0,917,false,500,1,0.9936093892141393,0.3681177685012683,null
6736012,23016200,379829,5799367,556816,261269,118560,3748074,0,334048,222768,70780,190489,1036220,1133633,766989,0,88413,245635,83563,139205,524887,22491313,201025,320815,3047,84951,116074,38407,46544,77574,38500,320056,759,121941,198115,759,0,4,3043,1,3,3043,0,9706568,12784745,3191791,6514777,5749676,7035069,n456,true,0.3724469578792913,0.6230088586189735,27,1000,false,0,0,0.339675029145616,0.9308195084121298,null
6736012,23016200,379829,5799367,556816,261269,118560,3748074,0,334048,222768,70780,190489,1036220,1133633,766989,0,88413,245635,83563,139205,524887,22491313,201025,320815,3047,84951,116074,38407,46544,77574,38500,320056,759,121941,198115,759,0,4,3043,1,3,3043,0,9706568,12784745,3191791,6514777,5749676,7035069,n458,false,0.3162771832797919,0.7524326126359113,0,1000,false,500,0,0.6154885954809874,0.2595857055848828,null
6736012,23016200,379829,5799367,556816,261269,118560,3748074,0,334048,222768,70780,190489,1036220,1133633,766989,0,88413,245635,83563,139205,524887,22491313,201025,320815,3047,84951,116074,38407,46544,77574,38500,320056,759,121941,198115,759,0,4,3043,1,3,3043,0,9706568,12784745,3191791,6514777,5749676,7035069,n463,true,0.7798422261260762,0.5677123598801092,12,1000,false,0,0,0.06607310172440906,0.9857478989749087,null
6736012,23016200,379829,5799367,556816,261269,118560,3748074,0,334048,222768,70780,190489,1036220,1133633,766989,0,88413,245635,83563,139205,524887,22491313,201025,320815,3047,84951,116074,38407,46544,77574,38500,320056,759,121941,198115,759,0,4,3043,1,3,3043,0,9706568,12784745,3191791,6514777,5749676,7035069,n464,false,0.17399657212014516,0.8930180701742341,0,999,false,500,1,0.49640632417668007,0.3178929168044398,null
6736012,23016200,379829,5799367,556816,261269,118560,3748074,0,334048,222768,70780,190489,1036220,1133633,766989,0,88413,245635,83563,139205,524887,22491313,201025,320815,3047,84951,116074,38407,46544,77574,38500,320056,759,121941,198115,759,0,4,3043,1,3,3043,0,9706568,12784745,3191791,6514777,5749676,7035069,n465,false,0.49282833835453,0.7315088761915275,0,1000,false,500,0,0.05998742563785553,0.8686301483935389,null
6736012,23016200,379829,5799367,556816,261269,118560,3748074,0,334048,222768,70780,190489,1036220,1133633,766989,0,88413,245635,83563,139205,524887,22491313,201025,320815,3047,84951,116074,38407,46544,77574,38500,320056,759,121941,198115,759,0,4,3043,1,3,3043,0,9706568,12784745,3191791,6514777,5749676,7035069,n467,false,0.546394551761451,0.8883539539247611,0,1000,false,500,0,0.8333323555937282,0.9966939431038286,null
6736012,23016200,379829,5799367,556816,261269,118560,3748074,0,334048,222768,70780,190489,1036220,1133633,766989,0,88413,245635,83563,139205,524887,22491313,201025,320815,3047,84951,116074,38407,46544,77574,38500,320056,759,121941,198115,759,0,4,3043,1,3,3043,0,9706568,12784745,3191791,6514777,5749676,7035069,n468,true,0.5775076189183633,0.7815522955909899,20,1000,false,0,0,0.808287638872361,0.749770985517261,null
6736012,23016200,379829,5799367,556816,261269,118560,3748074,0,334048,222768,70780,190489,1036220,1133633,766989,0,88413,245635,83563,139205,524887,22491313,201025,320815,3047,84951,116074,38407,46544,77574,38500,320056,759,121941,198115,759,0,4,3043,1,3,3043,0,9706568,12784745,3191791,6514777,5749676,7035069,n471,false,0.2853859285990934,0.4269892432737406,0,497,true,497,1,0.25772809373656236,0.1331088407357695,null
6736012,23016200,379829,5799367,556816,261269,118560,3748074,0,334048,222768,70780,190489,1036220,1133633,766989,0,88413,245635,83563,139205,524887,22491313,201025,320815,3047,84951,116074,38407,46544,77574,38500,320056,759,121941,198115,759,0,4,3043,1,3,3043,0,9706568,12784745,3191791,6514777,5749676,7035069,n473,false,0.1333482865250312,0.7501490461099705,0,1000,false,500,0,0.5302946197917737,0.9143787358439972,null
6736012,23016200,379829,5799367,556816,261269,118560,3748074,0,334048,222768,70780,190489,1036220,1133633,766989,0,88413,245635,83563,139205,524887,22491313,201025,320815,3047,84951,116074,38407,46544,77574,38500,320056,759,121941,198115,759,0,4,3043,1,3,3043,0,9706568,12784745,3191791,6514777,5749676,7035069,n477,true,0.22527807208308487,0.7959051320116368,21,1000,false,0,0,0.4829994322690214,0.15568316573321195,null
6736012,23016200,379829,5799367,556816,261269,118560,3748074,0,334048,222768,70780,190489,1036220,1133633,766989,0,88413,245635,83563,139205,524887,22491313,201025,320815,3047,84951,116074,38407,46544,77574,38500,320056,759,121941,198115,759,0,4,3043,1,3,3043,0,9706568,12784745,3191791,6514777,5749676,7035069,n490,false,0.599021558892821,0.7476106352613925,0,998,false,500,1,0.5607437236239672,0.4847170765338509,null
6736012,23016200,379829,5799367,556816,261269,118560,3748074,0,334048,222768,70780,190489,1036220,1133633,766989,0,88413,245635,83563,139205,524887,22491313,201025,320815,3047,84951,116074,38407,46544,77574,38500,320056,759,121941,198115,759,0,4,3043,1,3,3043,0,9706568,12784745,3191791,6514777,5749676,7035069,n491,false,0.8296147075313932,0.8136497550997464,0,1000,false,0,0,0.41766706149876753,0.7645470612913537,null
6736012,23016200,379829,5799367,556816,261269,118560,3748074,0,334048,222768,70780,190489,1036220,1133633,766989,0,88413,245635,83563,139205,524887,22491313,201025,320815,3047,84951,116074,38407,46544,77574,38500,320056,759,121941,198115,759,0,4,3043,1,3,3043,0,9706568,12784745,3191791,6514777,5749676,7035069,n493,true,0.5325678621754667,0.836426791618393,20,1000,false,0,0,0.61700351793559,0.8272753949417326,null
6736012,23016200,379829,5799367,556816,261269,118560,3748074,0,334048,222768,70780,190489,1036220,1133633,766989,0,88413,245635,83563,139205,524887,22491313,201025,320815,3047,84951,116074,38407,46544,77574,38500,320056,759,121941,198115,759,0,4,3043,1,3,3043,0,9706568,12784745,3191791,6514777,5749676,7035069,n497,false,0.4749860442808441,0.7031488323670138,0,1000,false,500,0,0.7930930473317748,0.5481658106919823,null
6736012,23016200,379829,5799367,556816,261269,118560,3748074,0,334048,222768,70780,190489,1036220,1133633,766989,0,88413,245635,83563,139205,524887,22491313,201025,320815,3047,84951,116074,38407,46544,77574,38500,320056,759,121941,198115,759,0,4,3043,1,3,3043,0,9706568,12784745,3191791,6514777,5749676,7035069,n499,false,0.15688553383411688,0.28357463827887497,0,1000,false,0,0,0.8762469228532755,0.8585290141613157,null
