rtA1,rtA2,rtA1a,rtA1b,rtA1c,rtA1a1,rtA1a2,rtA1b1,rtA1b2,rtA1c1,rtA1c2,rtA1a1a,rtA1a1b,rtA1a2a,rtA1a2b,rtA1b1a,rtA1b1b,rtA1c1a,rtA1c1b,rtA1c2a,rtA1c2b,rtA2a,rtA2b,rtA2a1,rtA2a2,rtA2a3,rtA2a1A,rtA2a1B,rtA2a1A1,rtA2a1A2,rtA2a1B1,rtA2a1B2,rtA2a2A,rtA2a2B,rtA2a2A1,rtA2a2A2,rtA2a2B1,rtA2a2B2,rtA2a3A,rtA2a3B,rtA2a3A1,rtA2a3A2,rtA2a3B1,rtA2a3B2,rtA2b1,rtA2b2,rtA2b1A,rtA2b1B,rtA2b2A,rtA2b2B,id,isSmoker,willpower,health,smokedPerDay,turnsSinceLastChange,givingUp,stepsSinceGiveUp,giveUpAttempts,influenceability,sociable,$SWITCH_TABLE$simconsts$Operations
1269135,416269,695179,487294,86662,637956,57223,174819,302,73551,13111,273778,364178,32082,25141,14431,0,58106,15445,6625,6486,2672,413597,418,1323,931,154,264,62,92,205,59,571,752,114,457,752,0,19,912,4,15,912,0,81658,331939,13563,68095,123732,208207,n0,false,0.7903436277040724,0.746446853383712,0,94,false,12,11,0.4980477120012749,0.4450878813640151,null
1269135,416269,695179,487294,86662,637956,57223,174819,302,73551,13111,273778,364178,32082,25141,14431,0,58106,15445,6625,6486,2672,413597,418,1323,931,154,264,62,92,205,59,571,752,114,457,752,0,19,912,4,15,912,0,81658,331939,13563,68095,123732,208207,n1,false,0.14747660754938324,0.7542458758323816,0,58,false,14,18,0.24486701391518495,0.219915457707192,null
1269135,416269,695179,487294,86662,637956,57223,174819,302,73551,13111,273778,364178,32082,25141,14431,0,58106,15445,6625,6486,2672,413597,418,1323,931,154,264,62,92,205,59,571,752,114,457,752,0,19,912,4,15,912,0,81658,331939,13563,68095,123732,208207,n2,false,0.618372552685312,0.8003528173131926,0,234,false,16,13,0.4121270694795848,0.8972759475418117,null
1269135,416269,695179,487294,86662,637956,57223,174819,302,73551,13111,273778,364178,32082,25141,14431,0,58106,15445,6625,6486,2672,413597,418,1323,931,154,264,62,92,205,59,571,752,114,457,752,0,19,912,4,15,912,0,81658,331939,13563,68095,123732,208207,n3,true,0.007363113952956229,0.734053548110419,1,152,false,13,16,0.5144337102074323,0.07595471670217813,null
1269135,416269,695179,487294,86662,637956,57223,174819,302,73551,13111,273778,364178,32082,25141,14431,0,58106,15445,6625,6486,2672,413597,418,1323,931,154,264,62,92,205,59,571,752,114,457,752,0,19,912,4,15,912,0,81658,331939,13563,68095,123732,208207,n4,true,0.8473018459028349,0.7797815630082817,0,205,false,12,11,0.3302299236162659,0.840575071327416,null
1269135,416269,695179,487294,86662,637956,57223,174819,302,73551,13111,273778,364178,32082,25141,14431,0,58106,15445,6625,6486,2672,413597,418,1323,931,154,264,62,92,205,59,571,752,114,457,752,0,19,912,4,15,912,0,81658,331939,13563,68095,123732,208207,n6,true,0.483998973201318,0.8436641981430812,0,46,false,15,13,0.8462237315786152,0.7929599181749184,null
1269135,416269,695179,487294,86662,637956,57223,174819,302,73551,13111,273778,364178,32082,25141,14431,0,58106,15445,6625,6486,2672,413597,418,1323,931,154,264,62,92,205,59,571,752,114,457,752,0,19,912,4,15,912,0,81658,331939,13563,68095,123732,208207,n9,false,0.4412658185543565,0.3467547303406848,0,827,false,11,9,0.6984883332339332,0.36557837127056514,null
1269135,416269,695179,487294,86662,637956,57223,174819,302,73551,13111,273778,364178,32082,25141,14431,0,58106,15445,6625,6486,2672,413597,418,1323,931,154,264,62,92,205,59,571,752,114,457,752,0,19,912,4,15,912,0,81658,331939,13563,68095,123732,208207,n10,false,0.4218262885242114,0.6052875139547479,0,798,false,14,8,0.6179265606682179,0.4620361204540254,null
1269135,416269,695179,487294,86662,637956,57223,174819,302,73551,13111,273778,364178,32082,25141,14431,0,58106,15445,6625,6486,2672,413597,418,1323,931,154,264,62,92,205,59,571,752,114,457,752,0,19,912,4,15,912,0,81658,331939,13563,68095,123732,208207,n12,true,0.8747547531938171,0.46931172469547855,0,627,false,12,6,0.08411280914527236,0.5597288968719627,null
1269135,416269,695179,487294,86662,637956,57223,174819,302,73551,13111,273778,364178,32082,25141,14431,0,58106,15445,6625,6486,2672,413597,418,1323,931,154,264,62,92,205,59,571,752,114,457,752,0,19,912,4,15,912,0,81658,331939,13563,68095,123732,208207,n13,true,0.8278966828317741,0.770227106546004,0,952,false,15,11,0.032908705347140965,0.05722521380729462,null
1269135,416269,695179,487294,86662,637956,57223,174819,302,73551,13111,273778,364178,32082,25141,14431,0,58106,15445,6625,6486,2672,413597,418,1323,931,154,264,62,92,205,59,571,752,114,457,752,0,19,912,4,15,912,0,81658,331939,13563,68095,123732,208207,n15,true,0.2857423045302681,0.7453848249619409,0,753,false,12,15,0.3777788934913462,0.8952486235541306,null
1269135,416269,695179,487294,86662,637956,57223,174819,302,73551,13111,273778,364178,32082,25141,14431,0,58106,15445,6625,6486,2672,413597,418,1323,931,154,264,62,92,205,59,571,752,114,457,752,0,19,912,4,15,912,0,81658,331939,13563,68095,123732,208207,n19,true,0.5759340291098572,0.8660997797776264,1,1092,false,15,11,0.025086569532347502,0.8345130043941151,null
1269135,416269,695179,487294,86662,637956,57223,174819,302,73551,13111,273778,364178,32082,25141,14431,0,58106,15445,6625,6486,2672,413597,418,1323,931,154,264,62,92,205,59,571,752,114,457,752,0,19,912,4,15,912,0,81658,331939,13563,68095,123732,208207,n23,false,0.319831410593601,0.6869305902518238,0,856,false,13,7,0.7357288745401944,0.6071228680604048,null
1269135,416269,695179,487294,86662,637956,57223,174819,302,73551,13111,273778,364178,32082,25141,14431,0,58106,15445,6625,6486,2672,413597,418,1323,931,154,264,62,92,205,59,571,752,114,457,752,0,19,912,4,15,912,0,81658,331939,13563,68095,123732,208207,n26,false,0.6062176123610316,0.7283967725978981,0,243,false,13,7,0.8628953556936059,0.5069426793701881,null
1269135,416269,695179,487294,86662,637956,57223,174819,302,73551,13111,273778,364178,32082,25141,14431,0,58106,15445,6625,6486,2672,413597,418,1323,931,154,264,62,92,205,59,571,752,114,457,752,0,19,912,4,15,912,0,81658,331939,13563,68095,123732,208207,n29,true,0.027924578620931846,0.6845589457431854,0,900,false,11,4,0.5402437750472555,0.7207749337085737,null
1269135,416269,695179,487294,86662,637956,57223,174819,302,73551,13111,273778,364178,32082,25141,14431,0,58106,15445,6625,6486,2672,413597,418,1323,931,154,264,62,92,205,59,571,752,114,457,752,0,19,912,4,15,912,0,81658,331939,13563,68095,123732,208207,n35,true,0.09416720504005223,0.9640997661167149,0,415,false,15,22,0.06949560417371914,0.36943808839464876,null
1269135,416269,695179,487294,86662,637956,57223,174819,302,73551,13111,273778,364178,32082,25141,14431,0,58106,15445,6625,6486,2672,413597,418,1323,931,154,264,62,92,205,59,571,752,114,457,752,0,19,912,4,15,912,0,81658,331939,13563,68095,123732,208207,n36,true,0.4738618188675275,0.6715736316996999,2,1074,false,15,11,0.47895824116147556,0.47494003247339733,null
1269135,416269,695179,487294,86662,637956,57223,174819,302,73551,13111,273778,364178,32082,25141,14431,0,58106,15445,6625,6486,2672,413597,418,1323,931,154,264,62,92,205,59,571,752,114,457,752,0,19,912,4,15,912,0,81658,331939,13563,68095,123732,208207,n37,true,0.7314736713781367,0.594046994672088,0,273,false,13,10,0.22258278951592947,0.9176479534733712,null
1269135,416269,695179,487294,86662,637956,57223,174819,302,73551,13111,273778,364178,32082,25141,14431,0,58106,15445,6625,6486,2672,413597,418,1323,931,154,264,62,92,205,59,571,752,114,457,752,0,19,912,4,15,912,0,81658,331939,13563,68095,123732,208207,n39,true,0.8122858340746897,0.8209471485134687,0,39,false,14,12,0.6282187731189162,0.8741847330930175,null
1269135,416269,695179,487294,86662,637956,57223,174819,302,73551,13111,273778,364178,32082,25141,14431,0,58106,15445,6625,6486,2672,413597,418,1323,931,154,264,62,92,205,59,571,752,114,457,752,0,19,912,4,15,912,0,81658,331939,13563,68095,123732,208207,n45,true,0.5114390262393906,0.5217542564532285,0,1105,false,13,7,0.5718414816600195,0.5195569796655163,null
1269135,416269,695179,487294,86662,637956,57223,174819,302,73551,13111,273778,364178,32082,25141,14431,0,58106,15445,6625,6486,2672,413597,418,1323,931,154,264,62,92,205,59,571,752,114,457,752,0,19,912,4,15,912,0,81658,331939,13563,68095,123732,208207,n46,true,0.12389522442858555,0.5737464924266803,1,951,false,15,18,0.4548321788886257,0.8787689766806486,null
1269135,416269,695179,487294,86662,637956,57223,174819,302,73551,13111,273778,364178,32082,25141,14431,0,58106,15445,6625,6486,2672,413597,418,1323,931,154,264,62,92,205,59,571,752,114,457,752,0,19,912,4,15,912,0,81658,331939,13563,68095,123732,208207,n47,false,0.5060098952353141,0.6467698614541888,0,24,false,13,14,0.2790971915137339,0.9147152123803776,null
1269135,416269,695179,487294,86662,637956,57223,174819,302,73551,13111,273778,364178,32082,25141,14431,0,58106,15445,6625,6486,2672,413597,418,1323,931,154,264,62,92,205,59,571,752,114,457,752,0,19,912,4,15,912,0,81658,331939,13563,68095,123732,208207,n49,true,0.23137382596772743,0.7182334817296608,1,631,false,14,22,0.3207904885745507,0.863332926291588,null
1269135,416269,695179,487294,86662,637956,57223,174819,302,73551,13111,273778,364178,32082,25141,14431,0,58106,15445,6625,6486,2672,413597,418,1323,931,154,264,62,92,205,59,571,752,114,457,752,0,19,912,4,15,912,0,81658,331939,13563,68095,123732,208207,n51,false,0.14665395296803127,0.9004304758613412,0,536,false,14,15,0.6206798048686,0.9598607358584166,null
1269135,416269,695179,487294,86662,637956,57223,174819,302,73551,13111,273778,364178,32082,25141,14431,0,58106,15445,6625,6486,2672,413597,418,1323,931,154,264,62,92,205,59,571,752,114,457,752,0,19,912,4,15,912,0,81658,331939,13563,68095,123732,208207,n52,false,0.6569757733391199,0.9219078914931441,0,3062,false,13,11,0.8720173555187944,0.708859716393244,null
1269135,416269,695179,487294,86662,637956,57223,174819,302,73551,13111,273778,364178,32082,25141,14431,0,58106,15445,6625,6486,2672,413597,418,1323,931,154,264,62,92,205,59,571,752,114,457,752,0,19,912,4,15,912,0,81658,331939,13563,68095,123732,208207,n58,true,0.0854987822676031,0.8370395112446256,0,240,false,15,11,0.699463614448839,0.7601824542617892,null
1269135,416269,695179,487294,86662,637956,57223,174819,302,73551,13111,273778,364178,32082,25141,14431,0,58106,15445,6625,6486,2672,413597,418,1323,931,154,264,62,92,205,59,571,752,114,457,752,0,19,912,4,15,912,0,81658,331939,13563,68095,123732,208207,n59,true,0.33311279811123706,0.6185075822701207,1,486,false,15,11,0.5919149350998865,0.7381795607166244,null
1269135,416269,695179,487294,86662,637956,57223,174819,302,73551,13111,273778,364178,32082,25141,14431,0,58106,15445,6625,6486,2672,413597,418,1323,931,154,264,62,92,205,59,571,752,114,457,752,0,19,912,4,15,912,0,81658,331939,13563,68095,123732,208207,n64,true,0.013197530254882574,0.8627838671146082,0,334,false,12,20,0.2614899722221703,0.5418666380998519,null
1269135,416269,695179,487294,86662,637956,57223,174819,302,73551,13111,273778,364178,32082,25141,14431,0,58106,15445,6625,6486,2672,413597,418,1323,931,154,264,62,92,205,59,571,752,114,457,752,0,19,912,4,15,912,0,81658,331939,13563,68095,123732,208207,n67,false,0.13615650233159943,0.7525473943077142,0,769,false,19,20,0.021360505115272044,0.7511076302345607,null
1269135,416269,695179,487294,86662,637956,57223,174819,302,73551,13111,273778,364178,32082,25141,14431,0,58106,15445,6625,6486,2672,413597,418,1323,931,154,264,62,92,205,59,571,752,114,457,752,0,19,912,4,15,912,0,81658,331939,13563,68095,123732,208207,n68,false,0.6451712472937687,0.6056263970466423,0,1525,false,14,9,0.8131209013927272,0.9862876073582021,null
1269135,416269,695179,487294,86662,637956,57223,174819,302,73551,13111,273778,364178,32082,25141,14431,0,58106,15445,6625,6486,2672,413597,418,1323,931,154,264,62,92,205,59,571,752,114,457,752,0,19,912,4,15,912,0,81658,331939,13563,68095,123732,208207,n69,false,0.6843710202408766,0.7819191357609885,0,566,false,13,12,0.4257922805828066,0.6335859706586742,null
1269135,416269,695179,487294,86662,637956,57223,174819,302,73551,13111,273778,364178,32082,25141,14431,0,58106,15445,6625,6486,2672,413597,418,1323,931,154,264,62,92,205,59,571,752,114,457,752,0,19,912,4,15,912,0,81658,331939,13563,68095,123732,208207,n71,true,0.08033947256346825,0.6019920881467663,1,630,false,18,22,0.6485719021125951,0.8363772244808029,null
1269135,416269,695179,487294,86662,637956,57223,174819,302,73551,13111,273778,364178,32082,25141,14431,0,58106,15445,6625,6486,2672,413597,418,1323,931,154,264,62,92,205,59,571,752,114,457,752,0,19,912,4,15,912,0,81658,331939,13563,68095,123732,208207,n72,true,0.5386215147570577,0.4016578214052143,6,860,false,4,5,0.4045720711987209,0.8469634725853292,null
1269135,416269,695179,487294,86662,637956,57223,174819,302,73551,13111,273778,364178,32082,25141,14431,0,58106,15445,6625,6486,2672,413597,418,1323,931,154,264,62,92,205,59,571,752,114,457,752,0,19,912,4,15,912,0,81658,331939,13563,68095,123732,208207,n74,false,0.6891264388818471,0.7165103715753426,0,65,false,13,7,0.8197373010256191,0.6788876601211308,null
1269135,416269,695179,487294,86662,637956,57223,174819,302,73551,13111,273778,364178,32082,25141,14431,0,58106,15445,6625,6486,2672,413597,418,1323,931,154,264,62,92,205,59,571,752,114,457,752,0,19,912,4,15,912,0,81658,331939,13563,68095,123732,208207,n78,true,0.1216681253771395,0.478712513319442,0,1255,false,12,14,0.2258361918839898,0.7734101928362666,null
1269135,416269,695179,487294,86662,637956,57223,174819,302,73551,13111,273778,364178,32082,25141,14431,0,58106,15445,6625,6486,2672,413597,418,1323,931,154,264,62,92,205,59,571,752,114,457,752,0,19,912,4,15,912,0,81658,331939,13563,68095,123732,208207,n79,true,0.6168612758932522,0.6004096181639694,1,976,false,11,8,0.6880535316605382,0.665956948103032,null
1269135,416269,695179,487294,86662,637956,57223,174819,302,73551,13111,273778,364178,32082,25141,14431,0,58106,15445,6625,6486,2672,413597,418,1323,931,154,264,62,92,205,59,571,752,114,457,752,0,19,912,4,15,912,0,81658,331939,13563,68095,123732,208207,n81,false,0.7433328594870425,0.7321933938818199,0,1487,false,11,9,0.5630282546801822,0.6280536178651954,null
1269135,416269,695179,487294,86662,637956,57223,174819,302,73551,13111,273778,364178,32082,25141,14431,0,58106,15445,6625,6486,2672,413597,418,1323,931,154,264,62,92,205,59,571,752,114,457,752,0,19,912,4,15,912,0,81658,331939,13563,68095,123732,208207,n82,true,0.8663023079550436,0.8239474237372855,1,593,false,14,12,0.6889322255465605,0.4020031721611733,null
1269135,416269,695179,487294,86662,637956,57223,174819,302,73551,13111,273778,364178,32082,25141,14431,0,58106,15445,6625,6486,2672,413597,418,1323,931,154,264,62,92,205,59,571,752,114,457,752,0,19,912,4,15,912,0,81658,331939,13563,68095,123732,208207,n83,true,0.791145912068561,0.8274306941219414,0,290,false,13,7,0.4908958719341064,0.868974993855191,null
1269135,416269,695179,487294,86662,637956,57223,174819,302,73551,13111,273778,364178,32082,25141,14431,0,58106,15445,6625,6486,2672,413597,418,1323,931,154,264,62,92,205,59,571,752,114,457,752,0,19,912,4,15,912,0,81658,331939,13563,68095,123732,208207,n85,false,0.5494036556921165,0.8494161868308792,0,423,false,17,15,0.6238893474039446,0.9154262457538457,null
1269135,416269,695179,487294,86662,637956,57223,174819,302,73551,13111,273778,364178,32082,25141,14431,0,58106,15445,6625,6486,2672,413597,418,1323,931,154,264,62,92,205,59,571,752,114,457,752,0,19,912,4,15,912,0,81658,331939,13563,68095,123732,208207,n90,true,0.41954682789154024,0.7502804335674818,4,1123,false,12,16,0.4070440752599414,0.5711136415716164,null
1269135,416269,695179,487294,86662,637956,57223,174819,302,73551,13111,273778,364178,32082,25141,14431,0,58106,15445,6625,6486,2672,413597,418,1323,931,154,264,62,92,205,59,571,752,114,457,752,0,19,912,4,15,912,0,81658,331939,13563,68095,123732,208207,n93,true,0.4899415944630018,0.8819623536357968,0,170,false,18,20,0.4505259966868007,0.3229522084554141,null
1269135,416269,695179,487294,86662,637956,57223,174819,302,73551,13111,273778,364178,32082,25141,14431,0,58106,15445,6625,6486,2672,413597,418,1323,931,154,264,62,92,205,59,571,752,114,457,752,0,19,912,4,15,912,0,81658,331939,13563,68095,123732,208207,n97,true,0.37562479144889765,0.8468264141597353,1,343,false,13,9,0.6719920068839608,0.12407681276434118,null
1269135,416269,695179,487294,86662,637956,57223,174819,302,73551,13111,273778,364178,32082,25141,14431,0,58106,15445,6625,6486,2672,413597,418,1323,931,154,264,62,92,205,59,571,752,114,457,752,0,19,912,4,15,912,0,81658,331939,13563,68095,123732,208207,n98,true,0.5848887961089181,0.7892489926504942,1,755,false,18,21,0.8036535307374775,0.4898919017265134,null
1269135,416269,695179,487294,86662,637956,57223,174819,302,73551,13111,273778,364178,32082,25141,14431,0,58106,15445,6625,6486,2672,413597,418,1323,931,154,264,62,92,205,59,571,752,114,457,752,0,19,912,4,15,912,0,81658,331939,13563,68095,123732,208207,n99,false,0.20847601825373166,0.784486263677895,0,877,false,15,11,0.2979643236552203,0.2466145981396456,null
1269135,416269,695179,487294,86662,637956,57223,174819,302,73551,13111,273778,364178,32082,25141,14431,0,58106,15445,6625,6486,2672,413597,418,1323,931,154,264,62,92,205,59,571,752,114,457,752,0,19,912,4,15,912,0,81658,331939,13563,68095,123732,208207,n101,true,0.5379891148960992,0.8403535645869011,0,2806,false,11,5,0.5713281795027747,0.4819985926331248,null
1269135,416269,695179,487294,86662,637956,57223,174819,302,73551,13111,273778,364178,32082,25141,14431,0,58106,15445,6625,6486,2672,413597,418,1323,931,154,264,62,92,205,59,571,752,114,457,752,0,19,912,4,15,912,0,81658,331939,13563,68095,123732,208207,n104,true,0.1932414980721025,0.5570383213103326,2,1279,false,11,7,0.8082102153706929,0.7304395123141707,null
1269135,416269,695179,487294,86662,637956,57223,174819,302,73551,13111,273778,364178,32082,25141,14431,0,58106,15445,6625,6486,2672,413597,418,1323,931,154,264,62,92,205,59,571,752,114,457,752,0,19,912,4,15,912,0,81658,331939,13563,68095,123732,208207,n106,true,0.22874766197955212,0.7207330921892959,2,6,false,14,12,0.705003003418724,0.21054606519202523,null
1269135,416269,695179,487294,86662,637956,57223,174819,302,73551,13111,273778,364178,32082,25141,14431,0,58106,15445,6625,6486,2672,413597,418,1323,931,154,264,62,92,205,59,571,752,114,457,752,0,19,912,4,15,912,0,81658,331939,13563,68095,123732,208207,n108,true,0.8399965495687216,0.6064492377102099,0,266,false,11,9,0.5514673522817798,0.57545959427789,null
1269135,416269,695179,487294,86662,637956,57223,174819,302,73551,13111,273778,364178,32082,25141,14431,0,58106,15445,6625,6486,2672,413597,418,1323,931,154,264,62,92,205,59,571,752,114,457,752,0,19,912,4,15,912,0,81658,331939,13563,68095,123732,208207,n109,false,0.8568600649366516,0.2402020479086055,0,612,false,15,12,0.6475046204579276,0.979370823659142,null
1269135,416269,695179,487294,86662,637956,57223,174819,302,73551,13111,273778,364178,32082,25141,14431,0,58106,15445,6625,6486,2672,413597,418,1323,931,154,264,62,92,205,59,571,752,114,457,752,0,19,912,4,15,912,0,81658,331939,13563,68095,123732,208207,n110,true,0.8206172854832524,0.9039722062269651,0,1666,false,14,10,0.07690915151162742,0.7440791260259967,null
1269135,416269,695179,487294,86662,637956,57223,174819,302,73551,13111,273778,364178,32082,25141,14431,0,58106,15445,6625,6486,2672,413597,418,1323,931,154,264,62,92,205,59,571,752,114,457,752,0,19,912,4,15,912,0,81658,331939,13563,68095,123732,208207,n112,true,0.09202479778376779,0.40834798267359884,1,158,false,10,9,0.395647616894663,0.5891533792028143,null
1269135,416269,695179,487294,86662,637956,57223,174819,302,73551,13111,273778,364178,32082,25141,14431,0,58106,15445,6625,6486,2672,413597,418,1323,931,154,264,62,92,205,59,571,752,114,457,752,0,19,912,4,15,912,0,81658,331939,13563,68095,123732,208207,n113,true,0.7855654667866592,0.691971859770808,0,126,false,15,17,0.4929503034386753,0.6472497122110819,null
1269135,416269,695179,487294,86662,637956,57223,174819,302,73551,13111,273778,364178,32082,25141,14431,0,58106,15445,6625,6486,2672,413597,418,1323,931,154,264,62,92,205,59,571,752,114,457,752,0,19,912,4,15,912,0,81658,331939,13563,68095,123732,208207,n114,false,0.2407453127192823,0.5933455374211352,0,3075,false,13,7,0.5688326549002459,0.2756575275402212,null
1269135,416269,695179,487294,86662,637956,57223,174819,302,73551,13111,273778,364178,32082,25141,14431,0,58106,15445,6625,6486,2672,413597,418,1323,931,154,264,62,92,205,59,571,752,114,457,752,0,19,912,4,15,912,0,81658,331939,13563,68095,123732,208207,n115,false,0.5042890685560841,0.3888643439595747,0,2051,false,10,8,0.8846642058732026,0.5237067581714819,null
1269135,416269,695179,487294,86662,637956,57223,174819,302,73551,13111,273778,364178,32082,25141,14431,0,58106,15445,6625,6486,2672,413597,418,1323,931,154,264,62,92,205,59,571,752,114,457,752,0,19,912,4,15,912,0,81658,331939,13563,68095,123732,208207,n117,true,0.5804848271849314,0.7167310756316366,0,234,false,10,4,0.863532584356759,0.768552444625526,null
1269135,416269,695179,487294,86662,637956,57223,174819,302,73551,13111,273778,364178,32082,25141,14431,0,58106,15445,6625,6486,2672,413597,418,1323,931,154,264,62,92,205,59,571,752,114,457,752,0,19,912,4,15,912,0,81658,331939,13563,68095,123732,208207,n121,true,0.9389114258042314,0.6036293520550661,0,1821,false,16,13,0.1497983521568953,0.7592657863730822,null
1269135,416269,695179,487294,86662,637956,57223,174819,302,73551,13111,273778,364178,32082,25141,14431,0,58106,15445,6625,6486,2672,413597,418,1323,931,154,264,62,92,205,59,571,752,114,457,752,0,19,912,4,15,912,0,81658,331939,13563,68095,123732,208207,n124,true,0.25243668110244377,0.6338508720290849,0,127,false,12,5,0.39767122810870925,0.9101305824456051,null
1269135,416269,695179,487294,86662,637956,57223,174819,302,73551,13111,273778,364178,32082,25141,14431,0,58106,15445,6625,6486,2672,413597,418,1323,931,154,264,62,92,205,59,571,752,114,457,752,0,19,912,4,15,912,0,81658,331939,13563,68095,123732,208207,n127,true,0.28631060335833536,0.9334767532152317,0,1313,false,15,13,0.598427768080452,0.8086141808077997,null
1269135,416269,695179,487294,86662,637956,57223,174819,302,73551,13111,273778,364178,32082,25141,14431,0,58106,15445,6625,6486,2672,413597,418,1323,931,154,264,62,92,205,59,571,752,114,457,752,0,19,912,4,15,912,0,81658,331939,13563,68095,123732,208207,n130,false,0.9706517435284581,0.7382616363824968,0,3,false,12,5,0.7959584898293577,0.5458505287557109,null
1269135,416269,695179,487294,86662,637956,57223,174819,302,73551,13111,273778,364178,32082,25141,14431,0,58106,15445,6625,6486,2672,413597,418,1323,931,154,264,62,92,205,59,571,752,114,457,752,0,19,912,4,15,912,0,81658,331939,13563,68095,123732,208207,n136,false,0.12815303521625462,0.5939075681502801,0,1292,false,13,7,0.3344253746917968,0.4609477386316378,null
1269135,416269,695179,487294,86662,637956,57223,174819,302,73551,13111,273778,364178,32082,25141,14431,0,58106,15445,6625,6486,2672,413597,418,1323,931,154,264,62,92,205,59,571,752,114,457,752,0,19,912,4,15,912,0,81658,331939,13563,68095,123732,208207,n137,false,0.7007809437028325,0.7246796747413721,0,743,false,14,12,0.7787183713553759,0.7778141439083079,null
1269135,416269,695179,487294,86662,637956,57223,174819,302,73551,13111,273778,364178,32082,25141,14431,0,58106,15445,6625,6486,2672,413597,418,1323,931,154,264,62,92,205,59,571,752,114,457,752,0,19,912,4,15,912,0,81658,331939,13563,68095,123732,208207,n139,true,0.7816376139044755,0.7335778942691583,11,1364,false,12,14,0.5661933212431788,0.8512187503031523,null
1269135,416269,695179,487294,86662,637956,57223,174819,302,73551,13111,273778,364178,32082,25141,14431,0,58106,15445,6625,6486,2672,413597,418,1323,931,154,264,62,92,205,59,571,752,114,457,752,0,19,912,4,15,912,0,81658,331939,13563,68095,123732,208207,n141,true,0.38208605021779235,0.6781016754125846,0,4563,false,6,5,0.43196456512351344,0.8608105690972766,null
1269135,416269,695179,487294,86662,637956,57223,174819,302,73551,13111,273778,364178,32082,25141,14431,0,58106,15445,6625,6486,2672,413597,418,1323,931,154,264,62,92,205,59,571,752,114,457,752,0,19,912,4,15,912,0,81658,331939,13563,68095,123732,208207,n148,true,0.47642355277409937,0.6152142051220261,1,2666,false,10,2,0.9651445960508905,0.6299370951628419,null
1269135,416269,695179,487294,86662,637956,57223,174819,302,73551,13111,273778,364178,32082,25141,14431,0,58106,15445,6625,6486,2672,413597,418,1323,931,154,264,62,92,205,59,571,752,114,457,752,0,19,912,4,15,912,0,81658,331939,13563,68095,123732,208207,n150,true,0.15568101287113617,0.7131649234345382,2,166,false,15,11,0.9404931917302273,0.7035212465165157,null
1269135,416269,695179,487294,86662,637956,57223,174819,302,73551,13111,273778,364178,32082,25141,14431,0,58106,15445,6625,6486,2672,413597,418,1323,931,154,264,62,92,205,59,571,752,114,457,752,0,19,912,4,15,912,0,81658,331939,13563,68095,123732,208207,n151,true,0.35280874798997364,0.868087879135263,0,806,false,15,12,0.7909549863827744,0.4226321701482397,null
1269135,416269,695179,487294,86662,637956,57223,174819,302,73551,13111,273778,364178,32082,25141,14431,0,58106,15445,6625,6486,2672,413597,418,1323,931,154,264,62,92,205,59,571,752,114,457,752,0,19,912,4,15,912,0,81658,331939,13563,68095,123732,208207,n153,false,0.4653615301144738,0.6336238190059695,0,148,false,18,17,0.025628627299344453,0.42343227646712445,null
1269135,416269,695179,487294,86662,637956,57223,174819,302,73551,13111,273778,364178,32082,25141,14431,0,58106,15445,6625,6486,2672,413597,418,1323,931,154,264,62,92,205,59,571,752,114,457,752,0,19,912,4,15,912,0,81658,331939,13563,68095,123732,208207,n154,false,0.019474401437540683,0.9706319061825381,0,2488,false,16,18,0.7166176687815751,0.9811283071950951,null
1269135,416269,695179,487294,86662,637956,57223,174819,302,73551,13111,273778,364178,32082,25141,14431,0,58106,15445,6625,6486,2672,413597,418,1323,931,154,264,62,92,205,59,571,752,114,457,752,0,19,912,4,15,912,0,81658,331939,13563,68095,123732,208207,n157,true,0.4552740074153486,0.595932966176092,0,2630,false,10,6,0.7033557246743999,0.7510697078820116,null
1269135,416269,695179,487294,86662,637956,57223,174819,302,73551,13111,273778,364178,32082,25141,14431,0,58106,15445,6625,6486,2672,413597,418,1323,931,154,264,62,92,205,59,571,752,114,457,752,0,19,912,4,15,912,0,81658,331939,13563,68095,123732,208207,n158,true,0.4350846223094526,0.7645508254541954,3,303,false,12,7,0.7162644704045361,0.8835703650000867,null
1269135,416269,695179,487294,86662,637956,57223,174819,302,73551,13111,273778,364178,32082,25141,14431,0,58106,15445,6625,6486,2672,413597,418,1323,931,154,264,62,92,205,59,571,752,114,457,752,0,19,912,4,15,912,0,81658,331939,13563,68095,123732,208207,n161,true,0.58599177511357,0.47226567897086125,0,579,false,17,19,0.1316710752103265,0.9050095587403939,null
1269135,416269,695179,487294,86662,637956,57223,174819,302,73551,13111,273778,364178,32082,25141,14431,0,58106,15445,6625,6486,2672,413597,418,1323,931,154,264,62,92,205,59,571,752,114,457,752,0,19,912,4,15,912,0,81658,331939,13563,68095,123732,208207,n163,true,0.10594605131870599,0.7489135928971173,0,205,false,16,23,0.2140690776486167,0.15869644037489644,null
1269135,416269,695179,487294,86662,637956,57223,174819,302,73551,13111,273778,364178,32082,25141,14431,0,58106,15445,6625,6486,2672,413597,418,1323,931,154,264,62,92,205,59,571,752,114,457,752,0,19,912,4,15,912,0,81658,331939,13563,68095,123732,208207,n167,false,0.23320872918559038,0.7375754386740828,0,1628,false,13,6,0.6192302946389512,0.6238976391553575,null
1269135,416269,695179,487294,86662,637956,57223,174819,302,73551,13111,273778,364178,32082,25141,14431,0,58106,15445,6625,6486,2672,413597,418,1323,931,154,264,62,92,205,59,571,752,114,457,752,0,19,912,4,15,912,0,81658,331939,13563,68095,123732,208207,n168,false,0.9539804265455327,0.6088493408210847,0,789,false,15,12,0.46741760078626593,0.5194599134568705,null
1269135,416269,695179,487294,86662,637956,57223,174819,302,73551,13111,273778,364178,32082,25141,14431,0,58106,15445,6625,6486,2672,413597,418,1323,931,154,264,62,92,205,59,571,752,114,457,752,0,19,912,4,15,912,0,81658,331939,13563,68095,123732,208207,n170,true,0.4839167218016465,0.7177189936837826,5,2151,false,12,8,0.8126986984193354,0.9111360767679508,null
1269135,416269,695179,487294,86662,637956,57223,174819,302,73551,13111,273778,364178,32082,25141,14431,0,58106,15445,6625,6486,2672,413597,418,1323,931,154,264,62,92,205,59,571,752,114,457,752,0,19,912,4,15,912,0,81658,331939,13563,68095,123732,208207,n172,true,0.9760413264530473,0.9315584112436645,1,2218,false,13,10,0.261493446183713,0.8071011366034051,null
1269135,416269,695179,487294,86662,637956,57223,174819,302,73551,13111,273778,364178,32082,25141,14431,0,58106,15445,6625,6486,2672,413597,418,1323,931,154,264,62,92,205,59,571,752,114,457,752,0,19,912,4,15,912,0,81658,331939,13563,68095,123732,208207,n174,true,0.14213928812250254,0.5573829530321894,0,951,false,13,8,0.4349774000994868,0.7954005562218402,null
1269135,416269,695179,487294,86662,637956,57223,174819,302,73551,13111,273778,364178,32082,25141,14431,0,58106,15445,6625,6486,2672,413597,418,1323,931,154,264,62,92,205,59,571,752,114,457,752,0,19,912,4,15,912,0,81658,331939,13563,68095,123732,208207,n176,true,0.7282584425136154,0.7503582318946748,0,719,false,16,13,0.9957121331025487,0.8117237950892882,null
1269135,416269,695179,487294,86662,637956,57223,174819,302,73551,13111,273778,364178,32082,25141,14431,0,58106,15445,6625,6486,2672,413597,418,1323,931,154,264,62,92,205,59,571,752,114,457,752,0,19,912,4,15,912,0,81658,331939,13563,68095,123732,208207,n178,false,0.6958310724790991,0.540409132455768,0,774,false,13,8,0.6344599719639775,0.9109360853305051,null
1269135,416269,695179,487294,86662,637956,57223,174819,302,73551,13111,273778,364178,32082,25141,14431,0,58106,15445,6625,6486,2672,413597,418,1323,931,154,264,62,92,205,59,571,752,114,457,752,0,19,912,4,15,912,0,81658,331939,13563,68095,123732,208207,n183,false,0.11250601620616808,0.6997947466643422,0,2480,false,12,6,0.5753104580692182,0.2667815776694297,null
1269135,416269,695179,487294,86662,637956,57223,174819,302,73551,13111,273778,364178,32082,25141,14431,0,58106,15445,6625,6486,2672,413597,418,1323,931,154,264,62,92,205,59,571,752,114,457,752,0,19,912,4,15,912,0,81658,331939,13563,68095,123732,208207,n186,true,0.18760645262189146,0.801810552382351,1,2080,false,11,9,0.6914646955048919,0.8676621105005713,null
1269135,416269,695179,487294,86662,637956,57223,174819,302,73551,13111,273778,364178,32082,25141,14431,0,58106,15445,6625,6486,2672,413597,418,1323,931,154,264,62,92,205,59,571,752,114,457,752,0,19,912,4,15,912,0,81658,331939,13563,68095,123732,208207,n187,true,0.8479723321122254,0.7299725820402092,0,130,false,13,9,0.9435075854724065,0.996479824120139,null
1269135,416269,695179,487294,86662,637956,57223,174819,302,73551,13111,273778,364178,32082,25141,14431,0,58106,15445,6625,6486,2672,413597,418,1323,931,154,264,62,92,205,59,571,752,114,457,752,0,19,912,4,15,912,0,81658,331939,13563,68095,123732,208207,n192,true,0.08364763611768053,0.795564820313654,0,714,false,19,24,0.4194008206841798,0.15705770993806306,null
1269135,416269,695179,487294,86662,637956,57223,174819,302,73551,13111,273778,364178,32082,25141,14431,0,58106,15445,6625,6486,2672,413597,418,1323,931,154,264,62,92,205,59,571,752,114,457,752,0,19,912,4,15,912,0,81658,331939,13563,68095,123732,208207,n195,false,0.28471952239637205,0.6506248331743213,0,1449,false,12,6,0.767920293123665,0.661759117331954,null
1269135,416269,695179,487294,86662,637956,57223,174819,302,73551,13111,273778,364178,32082,25141,14431,0,58106,15445,6625,6486,2672,413597,418,1323,931,154,264,62,92,205,59,571,752,114,457,752,0,19,912,4,15,912,0,81658,331939,13563,68095,123732,208207,n197,false,0.2738329372415973,0.7578298016468364,0,52,false,15,11,0.2952218585253107,0.6123248704876079,null
1269135,416269,695179,487294,86662,637956,57223,174819,302,73551,13111,273778,364178,32082,25141,14431,0,58106,15445,6625,6486,2672,413597,418,1323,931,154,264,62,92,205,59,571,752,114,457,752,0,19,912,4,15,912,0,81658,331939,13563,68095,123732,208207,n198,true,0.018623399557889945,0.4890071300038665,9,798,false,11,11,0.3478973685911496,0.7669975215468358,null
1269135,416269,695179,487294,86662,637956,57223,174819,302,73551,13111,273778,364178,32082,25141,14431,0,58106,15445,6625,6486,2672,413597,418,1323,931,154,264,62,92,205,59,571,752,114,457,752,0,19,912,4,15,912,0,81658,331939,13563,68095,123732,208207,n200,true,0.5982442762852063,0.6023083280304857,0,115,false,17,20,0.6279930827862918,0.43390604704034935,null
1269135,416269,695179,487294,86662,637956,57223,174819,302,73551,13111,273778,364178,32082,25141,14431,0,58106,15445,6625,6486,2672,413597,418,1323,931,154,264,62,92,205,59,571,752,114,457,752,0,19,912,4,15,912,0,81658,331939,13563,68095,123732,208207,n202,true,0.4090584877839011,0.7796295084132034,11,1651,false,13,17,0.40464591648254783,0.8071594740462449,null
1269135,416269,695179,487294,86662,637956,57223,174819,302,73551,13111,273778,364178,32082,25141,14431,0,58106,15445,6625,6486,2672,413597,418,1323,931,154,264,62,92,205,59,571,752,114,457,752,0,19,912,4,15,912,0,81658,331939,13563,68095,123732,208207,n205,true,0.5229860838128916,0.571624199551256,0,1425,false,13,12,0.28516408361563944,0.5656072576613492,null
1269135,416269,695179,487294,86662,637956,57223,174819,302,73551,13111,273778,364178,32082,25141,14431,0,58106,15445,6625,6486,2672,413597,418,1323,931,154,264,62,92,205,59,571,752,114,457,752,0,19,912,4,15,912,0,81658,331939,13563,68095,123732,208207,n207,true,0.2696981978266682,0.5943895408776785,1,2835,false,11,7,0.463160793970215,0.34576316662700657,null
1269135,416269,695179,487294,86662,637956,57223,174819,302,73551,13111,273778,364178,32082,25141,14431,0,58106,15445,6625,6486,2672,413597,418,1323,931,154,264,62,92,205,59,571,752,114,457,752,0,19,912,4,15,912,0,81658,331939,13563,68095,123732,208207,n209,true,0.08035352885109343,0.7883799733633858,0,752,false,16,13,0.18215657338581842,0.7979024316103456,null
1269135,416269,695179,487294,86662,637956,57223,174819,302,73551,13111,273778,364178,32082,25141,14431,0,58106,15445,6625,6486,2672,413597,418,1323,931,154,264,62,92,205,59,571,752,114,457,752,0,19,912,4,15,912,0,81658,331939,13563,68095,123732,208207,n212,true,0.48514196380590746,0.4996179180729481,0,506,false,12,10,0.4421610701477784,0.45666288107939224,null
1269135,416269,695179,487294,86662,637956,57223,174819,302,73551,13111,273778,364178,32082,25141,14431,0,58106,15445,6625,6486,2672,413597,418,1323,931,154,264,62,92,205,59,571,752,114,457,752,0,19,912,4,15,912,0,81658,331939,13563,68095,123732,208207,n213,true,0.06262846781136268,0.7272096045431524,1,47,false,12,19,0.3167115244812542,0.46801843104195817,null
1269135,416269,695179,487294,86662,637956,57223,174819,302,73551,13111,273778,364178,32082,25141,14431,0,58106,15445,6625,6486,2672,413597,418,1323,931,154,264,62,92,205,59,571,752,114,457,752,0,19,912,4,15,912,0,81658,331939,13563,68095,123732,208207,n214,true,0.5828074010854692,0.995327637240273,0,1892,false,11,5,0.5680709202144114,0.5782064854281296,null
1269135,416269,695179,487294,86662,637956,57223,174819,302,73551,13111,273778,364178,32082,25141,14431,0,58106,15445,6625,6486,2672,413597,418,1323,931,154,264,62,92,205,59,571,752,114,457,752,0,19,912,4,15,912,0,81658,331939,13563,68095,123732,208207,n221,false,0.48475011202267604,0.6910428824507778,0,897,false,11,11,0.47018706790290127,0.7147341521778727,null
1269135,416269,695179,487294,86662,637956,57223,174819,302,73551,13111,273778,364178,32082,25141,14431,0,58106,15445,6625,6486,2672,413597,418,1323,931,154,264,62,92,205,59,571,752,114,457,752,0,19,912,4,15,912,0,81658,331939,13563,68095,123732,208207,n223,false,0.9664272280768992,0.5287369548935528,0,957,false,18,16,0.4896185430966292,0.8926495491722207,null
1269135,416269,695179,487294,86662,637956,57223,174819,302,73551,13111,273778,364178,32082,25141,14431,0,58106,15445,6625,6486,2672,413597,418,1323,931,154,264,62,92,205,59,571,752,114,457,752,0,19,912,4,15,912,0,81658,331939,13563,68095,123732,208207,n224,true,0.6405125164115456,0.5396115717579084,4,266,false,14,9,0.2625327684801415,0.5849121614082887,null
1269135,416269,695179,487294,86662,637956,57223,174819,302,73551,13111,273778,364178,32082,25141,14431,0,58106,15445,6625,6486,2672,413597,418,1323,931,154,264,62,92,205,59,571,752,114,457,752,0,19,912,4,15,912,0,81658,331939,13563,68095,123732,208207,n225,true,0.32063557461326664,0.6124868021673884,0,252,false,19,21,0.22945813495872752,0.9757748446350221,null
1269135,416269,695179,487294,86662,637956,57223,174819,302,73551,13111,273778,364178,32082,25141,14431,0,58106,15445,6625,6486,2672,413597,418,1323,931,154,264,62,92,205,59,571,752,114,457,752,0,19,912,4,15,912,0,81658,331939,13563,68095,123732,208207,n227,false,0.7026448306681301,0.7896774116219453,0,380,false,15,13,0.5890693253033549,0.627611914809818,null
1269135,416269,695179,487294,86662,637956,57223,174819,302,73551,13111,273778,364178,32082,25141,14431,0,58106,15445,6625,6486,2672,413597,418,1323,931,154,264,62,92,205,59,571,752,114,457,752,0,19,912,4,15,912,0,81658,331939,13563,68095,123732,208207,n231,true,0.858120618071539,0.9050642525170385,0,840,false,12,9,0.4529939738000774,0.38190564961263385,null
1269135,416269,695179,487294,86662,637956,57223,174819,302,73551,13111,273778,364178,32082,25141,14431,0,58106,15445,6625,6486,2672,413597,418,1323,931,154,264,62,92,205,59,571,752,114,457,752,0,19,912,4,15,912,0,81658,331939,13563,68095,123732,208207,n232,true,0.5776538335478413,0.5435993214132495,12,332,false,10,14,0.4021808997619318,0.5073988640904806,null
1269135,416269,695179,487294,86662,637956,57223,174819,302,73551,13111,273778,364178,32082,25141,14431,0,58106,15445,6625,6486,2672,413597,418,1323,931,154,264,62,92,205,59,571,752,114,457,752,0,19,912,4,15,912,0,81658,331939,13563,68095,123732,208207,n236,true,0.4219073175508428,0.38396579246806417,0,371,false,15,11,0.06806374590669867,0.3602979664907451,null
1269135,416269,695179,487294,86662,637956,57223,174819,302,73551,13111,273778,364178,32082,25141,14431,0,58106,15445,6625,6486,2672,413597,418,1323,931,154,264,62,92,205,59,571,752,114,457,752,0,19,912,4,15,912,0,81658,331939,13563,68095,123732,208207,n240,true,0.9136040142186014,0.8526409944401955,0,204,false,11,9,0.36281939132043617,0.6030613056562107,null
1269135,416269,695179,487294,86662,637956,57223,174819,302,73551,13111,273778,364178,32082,25141,14431,0,58106,15445,6625,6486,2672,413597,418,1323,931,154,264,62,92,205,59,571,752,114,457,752,0,19,912,4,15,912,0,81658,331939,13563,68095,123732,208207,n242,true,0.5738776990874445,0.6361630201016543,0,662,false,21,24,0.4769598650307638,0.2523504264099077,null
1269135,416269,695179,487294,86662,637956,57223,174819,302,73551,13111,273778,364178,32082,25141,14431,0,58106,15445,6625,6486,2672,413597,418,1323,931,154,264,62,92,205,59,571,752,114,457,752,0,19,912,4,15,912,0,81658,331939,13563,68095,123732,208207,n244,true,0.43494640711831567,0.5962337191377807,0,236,false,13,13,0.5391706996690498,0.6957862544178423,null
1269135,416269,695179,487294,86662,637956,57223,174819,302,73551,13111,273778,364178,32082,25141,14431,0,58106,15445,6625,6486,2672,413597,418,1323,931,154,264,62,92,205,59,571,752,114,457,752,0,19,912,4,15,912,0,81658,331939,13563,68095,123732,208207,n246,true,0.9816631735061089,0.5308132096526339,0,239,false,12,12,0.3450737915319737,0.5408514262115841,null
1269135,416269,695179,487294,86662,637956,57223,174819,302,73551,13111,273778,364178,32082,25141,14431,0,58106,15445,6625,6486,2672,413597,418,1323,931,154,264,62,92,205,59,571,752,114,457,752,0,19,912,4,15,912,0,81658,331939,13563,68095,123732,208207,n247,false,0.5693456181021797,0.6576163730516773,0,183,false,12,6,0.965025036416464,0.6938812195351587,null
1269135,416269,695179,487294,86662,637956,57223,174819,302,73551,13111,273778,364178,32082,25141,14431,0,58106,15445,6625,6486,2672,413597,418,1323,931,154,264,62,92,205,59,571,752,114,457,752,0,19,912,4,15,912,0,81658,331939,13563,68095,123732,208207,n250,true,0.18077706408104804,0.6634008959898412,0,898,false,10,8,0.1587482167829723,0.3395673089837816,null
1269135,416269,695179,487294,86662,637956,57223,174819,302,73551,13111,273778,364178,32082,25141,14431,0,58106,15445,6625,6486,2672,413597,418,1323,931,154,264,62,92,205,59,571,752,114,457,752,0,19,912,4,15,912,0,81658,331939,13563,68095,123732,208207,n254,false,0.33195681395063864,0.5794189470826695,0,1228,false,15,11,0.5655834234255578,0.3783375348860447,null
1269135,416269,695179,487294,86662,637956,57223,174819,302,73551,13111,273778,364178,32082,25141,14431,0,58106,15445,6625,6486,2672,413597,418,1323,931,154,264,62,92,205,59,571,752,114,457,752,0,19,912,4,15,912,0,81658,331939,13563,68095,123732,208207,n255,true,0.10554081416353148,0.5301155513921446,0,38,false,17,15,0.7011034624275012,0.7848850197915525,null
1269135,416269,695179,487294,86662,637956,57223,174819,302,73551,13111,273778,364178,32082,25141,14431,0,58106,15445,6625,6486,2672,413597,418,1323,931,154,264,62,92,205,59,571,752,114,457,752,0,19,912,4,15,912,0,81658,331939,13563,68095,123732,208207,n256,false,0.04386053813637709,0.4161437474214315,0,243,false,15,11,0.727854367258614,0.788088845537155,null
1269135,416269,695179,487294,86662,637956,57223,174819,302,73551,13111,273778,364178,32082,25141,14431,0,58106,15445,6625,6486,2672,413597,418,1323,931,154,264,62,92,205,59,571,752,114,457,752,0,19,912,4,15,912,0,81658,331939,13563,68095,123732,208207,n261,true,0.2634434374467252,0.698104548986913,0,467,false,15,11,0.945734526325325,0.14614461731947392,null
1269135,416269,695179,487294,86662,637956,57223,174819,302,73551,13111,273778,364178,32082,25141,14431,0,58106,15445,6625,6486,2672,413597,418,1323,931,154,264,62,92,205,59,571,752,114,457,752,0,19,912,4,15,912,0,81658,331939,13563,68095,123732,208207,n266,false,0.6999879645587108,0.959338157481257,0,1026,false,17,17,0.9045230536450523,0.6649659142847693,null
1269135,416269,695179,487294,86662,637956,57223,174819,302,73551,13111,273778,364178,32082,25141,14431,0,58106,15445,6625,6486,2672,413597,418,1323,931,154,264,62,92,205,59,571,752,114,457,752,0,19,912,4,15,912,0,81658,331939,13563,68095,123732,208207,n267,true,0.2006651556105702,0.5922577640676502,0,61,false,17,22,0.6315056619344931,0.2858134242182867,null
1269135,416269,695179,487294,86662,637956,57223,174819,302,73551,13111,273778,364178,32082,25141,14431,0,58106,15445,6625,6486,2672,413597,418,1323,931,154,264,62,92,205,59,571,752,114,457,752,0,19,912,4,15,912,0,81658,331939,13563,68095,123732,208207,n273,false,0.42967783931666503,0.8826869090512035,0,1071,false,12,5,0.34419848249222684,0.7925193632313947,null
1269135,416269,695179,487294,86662,637956,57223,174819,302,73551,13111,273778,364178,32082,25141,14431,0,58106,15445,6625,6486,2672,413597,418,1323,931,154,264,62,92,205,59,571,752,114,457,752,0,19,912,4,15,912,0,81658,331939,13563,68095,123732,208207,n274,false,0.501758311111362,0.7685404778219884,0,1255,false,11,14,0.2156739952399951,0.7055876013285065,null
1269135,416269,695179,487294,86662,637956,57223,174819,302,73551,13111,273778,364178,32082,25141,14431,0,58106,15445,6625,6486,2672,413597,418,1323,931,154,264,62,92,205,59,571,752,114,457,752,0,19,912,4,15,912,0,81658,331939,13563,68095,123732,208207,n275,true,0.5874846670188468,0.562392135157726,0,1106,false,13,8,0.13277611537062017,0.9628014497612124,null
1269135,416269,695179,487294,86662,637956,57223,174819,302,73551,13111,273778,364178,32082,25141,14431,0,58106,15445,6625,6486,2672,413597,418,1323,931,154,264,62,92,205,59,571,752,114,457,752,0,19,912,4,15,912,0,81658,331939,13563,68095,123732,208207,n276,true,0.3836341162883054,0.8338031149395346,0,238,false,18,20,0.7413042541696848,0.4658740743927722,null
1269135,416269,695179,487294,86662,637956,57223,174819,302,73551,13111,273778,364178,32082,25141,14431,0,58106,15445,6625,6486,2672,413597,418,1323,931,154,264,62,92,205,59,571,752,114,457,752,0,19,912,4,15,912,0,81658,331939,13563,68095,123732,208207,n278,true,0.06453632337779407,0.48588110173202276,0,170,false,12,6,0.4494597952686611,0.19242134630556185,null
1269135,416269,695179,487294,86662,637956,57223,174819,302,73551,13111,273778,364178,32082,25141,14431,0,58106,15445,6625,6486,2672,413597,418,1323,931,154,264,62,92,205,59,571,752,114,457,752,0,19,912,4,15,912,0,81658,331939,13563,68095,123732,208207,n279,true,0.8719267246357092,0.7688647347118855,1,394,false,12,21,0.183842715616215,0.4102871748950908,null
1269135,416269,695179,487294,86662,637956,57223,174819,302,73551,13111,273778,364178,32082,25141,14431,0,58106,15445,6625,6486,2672,413597,418,1323,931,154,264,62,92,205,59,571,752,114,457,752,0,19,912,4,15,912,0,81658,331939,13563,68095,123732,208207,n283,true,0.4557776274685612,0.450726580891438,0,1485,false,14,15,0.780456243568221,0.7846781651017639,null
1269135,416269,695179,487294,86662,637956,57223,174819,302,73551,13111,273778,364178,32082,25141,14431,0,58106,15445,6625,6486,2672,413597,418,1323,931,154,264,62,92,205,59,571,752,114,457,752,0,19,912,4,15,912,0,81658,331939,13563,68095,123732,208207,n287,true,0.639081077615323,0.5331199352011853,13,6274,false,3,3,0.5588548837466345,0.6053854003899061,null
1269135,416269,695179,487294,86662,637956,57223,174819,302,73551,13111,273778,364178,32082,25141,14431,0,58106,15445,6625,6486,2672,413597,418,1323,931,154,264,62,92,205,59,571,752,114,457,752,0,19,912,4,15,912,0,81658,331939,13563,68095,123732,208207,n289,true,0.18704737401300128,0.846114532927343,2,2530,false,6,6,0.39408663982984365,0.269046345004881,null
1269135,416269,695179,487294,86662,637956,57223,174819,302,73551,13111,273778,364178,32082,25141,14431,0,58106,15445,6625,6486,2672,413597,418,1323,931,154,264,62,92,205,59,571,752,114,457,752,0,19,912,4,15,912,0,81658,331939,13563,68095,123732,208207,n290,true,0.22366891849639878,0.5655229474433465,0,371,false,12,6,0.09066755739106247,0.9616216583436319,null
1269135,416269,695179,487294,86662,637956,57223,174819,302,73551,13111,273778,364178,32082,25141,14431,0,58106,15445,6625,6486,2672,413597,418,1323,931,154,264,62,92,205,59,571,752,114,457,752,0,19,912,4,15,912,0,81658,331939,13563,68095,123732,208207,n291,true,0.07584981724567551,0.8319703408322697,0,1426,false,20,25,0.5206758150249008,0.39327544936389913,null
1269135,416269,695179,487294,86662,637956,57223,174819,302,73551,13111,273778,364178,32082,25141,14431,0,58106,15445,6625,6486,2672,413597,418,1323,931,154,264,62,92,205,59,571,752,114,457,752,0,19,912,4,15,912,0,81658,331939,13563,68095,123732,208207,n295,false,0.9111144450872061,0.6454183031847034,0,1118,false,10,3,0.23294950864550046,0.561385513110991,null
1269135,416269,695179,487294,86662,637956,57223,174819,302,73551,13111,273778,364178,32082,25141,14431,0,58106,15445,6625,6486,2672,413597,418,1323,931,154,264,62,92,205,59,571,752,114,457,752,0,19,912,4,15,912,0,81658,331939,13563,68095,123732,208207,n296,true,0.018544181837226083,0.5924580040128327,1,642,false,10,8,0.7820749513680019,0.5162290791393496,null
1269135,416269,695179,487294,86662,637956,57223,174819,302,73551,13111,273778,364178,32082,25141,14431,0,58106,15445,6625,6486,2672,413597,418,1323,931,154,264,62,92,205,59,571,752,114,457,752,0,19,912,4,15,912,0,81658,331939,13563,68095,123732,208207,n297,true,0.9948938824053579,0.5298737025377699,0,322,false,16,23,0.03676210114308193,0.8747297387271331,null
1269135,416269,695179,487294,86662,637956,57223,174819,302,73551,13111,273778,364178,32082,25141,14431,0,58106,15445,6625,6486,2672,413597,418,1323,931,154,264,62,92,205,59,571,752,114,457,752,0,19,912,4,15,912,0,81658,331939,13563,68095,123732,208207,n298,true,0.0792250284268059,0.752014927638804,2,1937,false,10,14,0.3703565208530286,0.865860628078848,null
1269135,416269,695179,487294,86662,637956,57223,174819,302,73551,13111,273778,364178,32082,25141,14431,0,58106,15445,6625,6486,2672,413597,418,1323,931,154,264,62,92,205,59,571,752,114,457,752,0,19,912,4,15,912,0,81658,331939,13563,68095,123732,208207,n303,true,0.9772520640055934,0.6516628179752664,0,1466,false,14,11,0.4407637917839315,0.9294349803125972,null
1269135,416269,695179,487294,86662,637956,57223,174819,302,73551,13111,273778,364178,32082,25141,14431,0,58106,15445,6625,6486,2672,413597,418,1323,931,154,264,62,92,205,59,571,752,114,457,752,0,19,912,4,15,912,0,81658,331939,13563,68095,123732,208207,n307,true,0.6008817010968198,0.3932790360621328,2,439,false,10,8,0.739234984614906,0.6609815375068789,null
1269135,416269,695179,487294,86662,637956,57223,174819,302,73551,13111,273778,364178,32082,25141,14431,0,58106,15445,6625,6486,2672,413597,418,1323,931,154,264,62,92,205,59,571,752,114,457,752,0,19,912,4,15,912,0,81658,331939,13563,68095,123732,208207,n311,true,0.4369694212618296,0.9133639639773894,0,2197,false,11,8,0.7002130698787379,0.7397362978758772,null
1269135,416269,695179,487294,86662,637956,57223,174819,302,73551,13111,273778,364178,32082,25141,14431,0,58106,15445,6625,6486,2672,413597,418,1323,931,154,264,62,92,205,59,571,752,114,457,752,0,19,912,4,15,912,0,81658,331939,13563,68095,123732,208207,n312,true,0.06326455096607873,0.678390923781159,0,231,false,17,16,0.657358225520886,0.5773371047649191,null
1269135,416269,695179,487294,86662,637956,57223,174819,302,73551,13111,273778,364178,32082,25141,14431,0,58106,15445,6625,6486,2672,413597,418,1323,931,154,264,62,92,205,59,571,752,114,457,752,0,19,912,4,15,912,0,81658,331939,13563,68095,123732,208207,n315,true,0.1503474075415422,0.9456063978248889,0,1139,false,6,8,0.12302848716406595,0.653271628349095,null
1269135,416269,695179,487294,86662,637956,57223,174819,302,73551,13111,273778,364178,32082,25141,14431,0,58106,15445,6625,6486,2672,413597,418,1323,931,154,264,62,92,205,59,571,752,114,457,752,0,19,912,4,15,912,0,81658,331939,13563,68095,123732,208207,n319,false,0.38999160985416204,0.7083825610144212,0,870,false,13,7,0.39115814077571165,0.8581224301094004,null
1269135,416269,695179,487294,86662,637956,57223,174819,302,73551,13111,273778,364178,32082,25141,14431,0,58106,15445,6625,6486,2672,413597,418,1323,931,154,264,62,92,205,59,571,752,114,457,752,0,19,912,4,15,912,0,81658,331939,13563,68095,123732,208207,n322,true,0.17902132394926365,0.8990299340568311,2,1137,false,10,16,0.008806342633513653,0.7737546257680542,null
1269135,416269,695179,487294,86662,637956,57223,174819,302,73551,13111,273778,364178,32082,25141,14431,0,58106,15445,6625,6486,2672,413597,418,1323,931,154,264,62,92,205,59,571,752,114,457,752,0,19,912,4,15,912,0,81658,331939,13563,68095,123732,208207,n323,true,0.7618382434263768,0.4909576023895596,2,1873,false,7,6,0.5175647152534532,0.9612104030901678,null
1269135,416269,695179,487294,86662,637956,57223,174819,302,73551,13111,273778,364178,32082,25141,14431,0,58106,15445,6625,6486,2672,413597,418,1323,931,154,264,62,92,205,59,571,752,114,457,752,0,19,912,4,15,912,0,81658,331939,13563,68095,123732,208207,n328,true,0.518328741990391,0.46833253568734123,1,245,false,16,15,0.5107648450418514,0.9873021601539053,null
1269135,416269,695179,487294,86662,637956,57223,174819,302,73551,13111,273778,364178,32082,25141,14431,0,58106,15445,6625,6486,2672,413597,418,1323,931,154,264,62,92,205,59,571,752,114,457,752,0,19,912,4,15,912,0,81658,331939,13563,68095,123732,208207,n330,true,0.5443969865768113,0.5594476565784882,0,254,false,11,12,0.03008456100742829,0.7393944226131263,null
1269135,416269,695179,487294,86662,637956,57223,174819,302,73551,13111,273778,364178,32082,25141,14431,0,58106,15445,6625,6486,2672,413597,418,1323,931,154,264,62,92,205,59,571,752,114,457,752,0,19,912,4,15,912,0,81658,331939,13563,68095,123732,208207,n334,true,0.5378207073058978,0.873983048119277,0,333,false,14,9,0.29331151023406726,0.945055689727362,null
1269135,416269,695179,487294,86662,637956,57223,174819,302,73551,13111,273778,364178,32082,25141,14431,0,58106,15445,6625,6486,2672,413597,418,1323,931,154,264,62,92,205,59,571,752,114,457,752,0,19,912,4,15,912,0,81658,331939,13563,68095,123732,208207,n336,false,0.6767493035884509,0.7519137880499579,0,283,false,18,17,0.4821586169273337,0.6774344919852218,null
1269135,416269,695179,487294,86662,637956,57223,174819,302,73551,13111,273778,364178,32082,25141,14431,0,58106,15445,6625,6486,2672,413597,418,1323,931,154,264,62,92,205,59,571,752,114,457,752,0,19,912,4,15,912,0,81658,331939,13563,68095,123732,208207,n340,true,0.6340250800289428,0.6077895963277195,0,182,false,13,8,0.44160629495144077,0.710502570956199,null
1269135,416269,695179,487294,86662,637956,57223,174819,302,73551,13111,273778,364178,32082,25141,14431,0,58106,15445,6625,6486,2672,413597,418,1323,931,154,264,62,92,205,59,571,752,114,457,752,0,19,912,4,15,912,0,81658,331939,13563,68095,123732,208207,n342,true,0.7427010667692804,0.6542201326168098,0,744,false,16,17,0.7933625137102159,0.5917813313127359,null
1269135,416269,695179,487294,86662,637956,57223,174819,302,73551,13111,273778,364178,32082,25141,14431,0,58106,15445,6625,6486,2672,413597,418,1323,931,154,264,62,92,205,59,571,752,114,457,752,0,19,912,4,15,912,0,81658,331939,13563,68095,123732,208207,n346,true,0.8161772333938515,0.9626397696358517,1,592,false,14,25,0.031045487605653843,0.18465385732483502,null
1269135,416269,695179,487294,86662,637956,57223,174819,302,73551,13111,273778,364178,32082,25141,14431,0,58106,15445,6625,6486,2672,413597,418,1323,931,154,264,62,92,205,59,571,752,114,457,752,0,19,912,4,15,912,0,81658,331939,13563,68095,123732,208207,n347,true,0.14490258180060803,0.7992117418523728,0,596,false,14,12,0.8478211961945646,0.4238704331501578,null
1269135,416269,695179,487294,86662,637956,57223,174819,302,73551,13111,273778,364178,32082,25141,14431,0,58106,15445,6625,6486,2672,413597,418,1323,931,154,264,62,92,205,59,571,752,114,457,752,0,19,912,4,15,912,0,81658,331939,13563,68095,123732,208207,n350,true,0.43773496002319967,0.7294720222379705,0,204,false,14,18,0.5004653837328762,0.8561535380715988,null
1269135,416269,695179,487294,86662,637956,57223,174819,302,73551,13111,273778,364178,32082,25141,14431,0,58106,15445,6625,6486,2672,413597,418,1323,931,154,264,62,92,205,59,571,752,114,457,752,0,19,912,4,15,912,0,81658,331939,13563,68095,123732,208207,n351,false,0.39316634814688906,0.904691036616672,0,1610,false,15,15,0.13536365905467113,0.967159802994153,null
1269135,416269,695179,487294,86662,637956,57223,174819,302,73551,13111,273778,364178,32082,25141,14431,0,58106,15445,6625,6486,2672,413597,418,1323,931,154,264,62,92,205,59,571,752,114,457,752,0,19,912,4,15,912,0,81658,331939,13563,68095,123732,208207,n361,true,0.40214760200858735,0.6737966548988231,0,2365,false,10,7,0.4407533618060482,0.8800053754391355,null
1269135,416269,695179,487294,86662,637956,57223,174819,302,73551,13111,273778,364178,32082,25141,14431,0,58106,15445,6625,6486,2672,413597,418,1323,931,154,264,62,92,205,59,571,752,114,457,752,0,19,912,4,15,912,0,81658,331939,13563,68095,123732,208207,n363,true,0.046493290585320646,0.5255898259401581,0,418,false,20,21,0.39389963484522916,0.9360260461656795,null
1269135,416269,695179,487294,86662,637956,57223,174819,302,73551,13111,273778,364178,32082,25141,14431,0,58106,15445,6625,6486,2672,413597,418,1323,931,154,264,62,92,205,59,571,752,114,457,752,0,19,912,4,15,912,0,81658,331939,13563,68095,123732,208207,n367,true,0.5669264959712226,0.8129051166756505,2,845,false,13,7,0.04422265809902687,0.4055985167976581,null
1269135,416269,695179,487294,86662,637956,57223,174819,302,73551,13111,273778,364178,32082,25141,14431,0,58106,15445,6625,6486,2672,413597,418,1323,931,154,264,62,92,205,59,571,752,114,457,752,0,19,912,4,15,912,0,81658,331939,13563,68095,123732,208207,n371,false,0.2687447411744485,0.8476777053972349,0,3307,false,17,18,0.5686637933203663,0.6548516707600839,null
1269135,416269,695179,487294,86662,637956,57223,174819,302,73551,13111,273778,364178,32082,25141,14431,0,58106,15445,6625,6486,2672,413597,418,1323,931,154,264,62,92,205,59,571,752,114,457,752,0,19,912,4,15,912,0,81658,331939,13563,68095,123732,208207,n372,true,0.749294239429952,0.7983510348524812,0,761,false,15,11,0.4755349088779074,0.8300201312969053,null
1269135,416269,695179,487294,86662,637956,57223,174819,302,73551,13111,273778,364178,32082,25141,14431,0,58106,15445,6625,6486,2672,413597,418,1323,931,154,264,62,92,205,59,571,752,114,457,752,0,19,912,4,15,912,0,81658,331939,13563,68095,123732,208207,n373,true,0.9960339706154077,0.8119735235643616,0,210,false,13,15,0.5122104033885687,0.4531288432264805,null
1269135,416269,695179,487294,86662,637956,57223,174819,302,73551,13111,273778,364178,32082,25141,14431,0,58106,15445,6625,6486,2672,413597,418,1323,931,154,264,62,92,205,59,571,752,114,457,752,0,19,912,4,15,912,0,81658,331939,13563,68095,123732,208207,n377,true,0.18757502810261795,0.744514158246841,1,2216,false,13,8,0.6875367197314719,0.7404307214260434,null
1269135,416269,695179,487294,86662,637956,57223,174819,302,73551,13111,273778,364178,32082,25141,14431,0,58106,15445,6625,6486,2672,413597,418,1323,931,154,264,62,92,205,59,571,752,114,457,752,0,19,912,4,15,912,0,81658,331939,13563,68095,123732,208207,n378,true,0.7710861784618334,0.9232498255658972,1,371,false,19,23,0.43750588231382503,0.9820008046591631,null
1269135,416269,695179,487294,86662,637956,57223,174819,302,73551,13111,273778,364178,32082,25141,14431,0,58106,15445,6625,6486,2672,413597,418,1323,931,154,264,62,92,205,59,571,752,114,457,752,0,19,912,4,15,912,0,81658,331939,13563,68095,123732,208207,n387,true,0.1501628987365114,0.8079335556694368,0,29,false,15,12,0.3528288190489358,0.5299489764819828,null
1269135,416269,695179,487294,86662,637956,57223,174819,302,73551,13111,273778,364178,32082,25141,14431,0,58106,15445,6625,6486,2672,413597,418,1323,931,154,264,62,92,205,59,571,752,114,457,752,0,19,912,4,15,912,0,81658,331939,13563,68095,123732,208207,n390,false,0.4498059712974131,0.671377803731401,0,2373,false,13,7,0.6273604041205494,0.6649164965187703,null
1269135,416269,695179,487294,86662,637956,57223,174819,302,73551,13111,273778,364178,32082,25141,14431,0,58106,15445,6625,6486,2672,413597,418,1323,931,154,264,62,92,205,59,571,752,114,457,752,0,19,912,4,15,912,0,81658,331939,13563,68095,123732,208207,n395,false,0.7549467970348015,0.5218706832248254,0,645,false,14,9,0.3418245795173784,0.5415687118872972,null
1269135,416269,695179,487294,86662,637956,57223,174819,302,73551,13111,273778,364178,32082,25141,14431,0,58106,15445,6625,6486,2672,413597,418,1323,931,154,264,62,92,205,59,571,752,114,457,752,0,19,912,4,15,912,0,81658,331939,13563,68095,123732,208207,n398,true,0.0065962723600082,0.6637146883829768,1,864,false,17,15,0.6742916019168679,0.5627494537735184,null
1269135,416269,695179,487294,86662,637956,57223,174819,302,73551,13111,273778,364178,32082,25141,14431,0,58106,15445,6625,6486,2672,413597,418,1323,931,154,264,62,92,205,59,571,752,114,457,752,0,19,912,4,15,912,0,81658,331939,13563,68095,123732,208207,n399,true,0.05866229400371113,0.46650327628919486,1,335,false,16,20,0.3732258806630647,0.9666404649004724,null
1269135,416269,695179,487294,86662,637956,57223,174819,302,73551,13111,273778,364178,32082,25141,14431,0,58106,15445,6625,6486,2672,413597,418,1323,931,154,264,62,92,205,59,571,752,114,457,752,0,19,912,4,15,912,0,81658,331939,13563,68095,123732,208207,n403,true,0.07418705502515922,0.8234796073242043,0,251,false,14,13,0.6295804581442878,0.8582870284428741,null
1269135,416269,695179,487294,86662,637956,57223,174819,302,73551,13111,273778,364178,32082,25141,14431,0,58106,15445,6625,6486,2672,413597,418,1323,931,154,264,62,92,205,59,571,752,114,457,752,0,19,912,4,15,912,0,81658,331939,13563,68095,123732,208207,n406,true,0.18922792381314216,0.6401158774794073,0,840,false,15,19,0.4415077672480725,0.7685105032989805,null
1269135,416269,695179,487294,86662,637956,57223,174819,302,73551,13111,273778,364178,32082,25141,14431,0,58106,15445,6625,6486,2672,413597,418,1323,931,154,264,62,92,205,59,571,752,114,457,752,0,19,912,4,15,912,0,81658,331939,13563,68095,123732,208207,n414,true,0.22482319890680033,0.706651275171924,0,21,false,13,8,0.8945329529408046,0.7624545159794143,null
1269135,416269,695179,487294,86662,637956,57223,174819,302,73551,13111,273778,364178,32082,25141,14431,0,58106,15445,6625,6486,2672,413597,418,1323,931,154,264,62,92,205,59,571,752,114,457,752,0,19,912,4,15,912,0,81658,331939,13563,68095,123732,208207,n415,true,0.6445733154288151,0.6538915357345602,0,206,false,12,7,0.6921674531059644,0.9132789451279076,null
1269135,416269,695179,487294,86662,637956,57223,174819,302,73551,13111,273778,364178,32082,25141,14431,0,58106,15445,6625,6486,2672,413597,418,1323,931,154,264,62,92,205,59,571,752,114,457,752,0,19,912,4,15,912,0,81658,331939,13563,68095,123732,208207,n417,true,0.2888216752705816,0.5639324765740248,2,1379,false,8,5,0.6186619279972331,0.2459808741378527,null
1269135,416269,695179,487294,86662,637956,57223,174819,302,73551,13111,273778,364178,32082,25141,14431,0,58106,15445,6625,6486,2672,413597,418,1323,931,154,264,62,92,205,59,571,752,114,457,752,0,19,912,4,15,912,0,81658,331939,13563,68095,123732,208207,n419,true,0.3177421141552206,0.7084358076325086,3,130,false,17,16,0.2751682603121339,0.9548368462643653,null
1269135,416269,695179,487294,86662,637956,57223,174819,302,73551,13111,273778,364178,32082,25141,14431,0,58106,15445,6625,6486,2672,413597,418,1323,931,154,264,62,92,205,59,571,752,114,457,752,0,19,912,4,15,912,0,81658,331939,13563,68095,123732,208207,n422,true,0.08006203868863702,0.5864579925517522,0,181,false,13,12,0.8219266783910335,0.40422967103830754,null
1269135,416269,695179,487294,86662,637956,57223,174819,302,73551,13111,273778,364178,32082,25141,14431,0,58106,15445,6625,6486,2672,413597,418,1323,931,154,264,62,92,205,59,571,752,114,457,752,0,19,912,4,15,912,0,81658,331939,13563,68095,123732,208207,n424,true,0.8696389768398088,0.9814777463888431,0,291,false,13,7,0.5017057861531299,0.6026100497194137,null
1269135,416269,695179,487294,86662,637956,57223,174819,302,73551,13111,273778,364178,32082,25141,14431,0,58106,15445,6625,6486,2672,413597,418,1323,931,154,264,62,92,205,59,571,752,114,457,752,0,19,912,4,15,912,0,81658,331939,13563,68095,123732,208207,n425,true,0.6538613223621585,0.5114945832241089,0,995,false,14,10,0.7408332559575208,0.43252071092805666,null
1269135,416269,695179,487294,86662,637956,57223,174819,302,73551,13111,273778,364178,32082,25141,14431,0,58106,15445,6625,6486,2672,413597,418,1323,931,154,264,62,92,205,59,571,752,114,457,752,0,19,912,4,15,912,0,81658,331939,13563,68095,123732,208207,n429,false,0.019903069797323657,0.4536248465245639,0,1601,false,16,12,0.19767999684901472,0.34085162042354206,null
1269135,416269,695179,487294,86662,637956,57223,174819,302,73551,13111,273778,364178,32082,25141,14431,0,58106,15445,6625,6486,2672,413597,418,1323,931,154,264,62,92,205,59,571,752,114,457,752,0,19,912,4,15,912,0,81658,331939,13563,68095,123732,208207,n432,true,0.22275759161467296,0.8759579473252637,1,362,false,9,16,0.11968968182860434,0.37723872181405765,null
1269135,416269,695179,487294,86662,637956,57223,174819,302,73551,13111,273778,364178,32082,25141,14431,0,58106,15445,6625,6486,2672,413597,418,1323,931,154,264,62,92,205,59,571,752,114,457,752,0,19,912,4,15,912,0,81658,331939,13563,68095,123732,208207,n433,false,0.995214605244752,0.6952432207875855,0,1355,false,11,4,0.5358164111396453,0.8307030426977562,null
1269135,416269,695179,487294,86662,637956,57223,174819,302,73551,13111,273778,364178,32082,25141,14431,0,58106,15445,6625,6486,2672,413597,418,1323,931,154,264,62,92,205,59,571,752,114,457,752,0,19,912,4,15,912,0,81658,331939,13563,68095,123732,208207,n434,true,0.6221984184839868,0.7288342441868327,2,992,false,12,16,0.35375159735361994,0.8967582543775952,null
1269135,416269,695179,487294,86662,637956,57223,174819,302,73551,13111,273778,364178,32082,25141,14431,0,58106,15445,6625,6486,2672,413597,418,1323,931,154,264,62,92,205,59,571,752,114,457,752,0,19,912,4,15,912,0,81658,331939,13563,68095,123732,208207,n437,true,0.11531456475576495,0.910993071766485,0,55,false,17,15,0.2502067190159453,0.9262868619785822,null
1269135,416269,695179,487294,86662,637956,57223,174819,302,73551,13111,273778,364178,32082,25141,14431,0,58106,15445,6625,6486,2672,413597,418,1323,931,154,264,62,92,205,59,571,752,114,457,752,0,19,912,4,15,912,0,81658,331939,13563,68095,123732,208207,n439,true,0.10348295456805123,0.4402111894418519,1,969,false,13,11,0.8773506243957976,0.8000991151358952,null
1269135,416269,695179,487294,86662,637956,57223,174819,302,73551,13111,273778,364178,32082,25141,14431,0,58106,15445,6625,6486,2672,413597,418,1323,931,154,264,62,92,205,59,571,752,114,457,752,0,19,912,4,15,912,0,81658,331939,13563,68095,123732,208207,n444,true,0.3025082458169769,0.7492556174045889,0,294,false,15,14,0.41966039163716246,0.8395254988764946,null
1269135,416269,695179,487294,86662,637956,57223,174819,302,73551,13111,273778,364178,32082,25141,14431,0,58106,15445,6625,6486,2672,413597,418,1323,931,154,264,62,92,205,59,571,752,114,457,752,0,19,912,4,15,912,0,81658,331939,13563,68095,123732,208207,n448,false,0.8754847645588385,0.8964322267424065,0,613,false,16,13,0.7942598103901766,0.7367830698762994,null
1269135,416269,695179,487294,86662,637956,57223,174819,302,73551,13111,273778,364178,32082,25141,14431,0,58106,15445,6625,6486,2672,413597,418,1323,931,154,264,62,92,205,59,571,752,114,457,752,0,19,912,4,15,912,0,81658,331939,13563,68095,123732,208207,n449,true,0.5493793222669989,0.6173509581597424,0,1146,false,13,14,0.618149678362371,0.5439006749772742,null
1269135,416269,695179,487294,86662,637956,57223,174819,302,73551,13111,273778,364178,32082,25141,14431,0,58106,15445,6625,6486,2672,413597,418,1323,931,154,264,62,92,205,59,571,752,114,457,752,0,19,912,4,15,912,0,81658,331939,13563,68095,123732,208207,n450,false,0.7708368945048302,0.8931142570999754,0,2239,false,10,12,0.0921529083803036,0.9915807051696696,null
1269135,416269,695179,487294,86662,637956,57223,174819,302,73551,13111,273778,364178,32082,25141,14431,0,58106,15445,6625,6486,2672,413597,418,1323,931,154,264,62,92,205,59,571,752,114,457,752,0,19,912,4,15,912,0,81658,331939,13563,68095,123732,208207,n452,false,0.5575634045953768,0.8801651797218486,0,1140,false,18,17,0.9936093892141393,0.3681177685012683,null
1269135,416269,695179,487294,86662,637956,57223,174819,302,73551,13111,273778,364178,32082,25141,14431,0,58106,15445,6625,6486,2672,413597,418,1323,931,154,264,62,92,205,59,571,752,114,457,752,0,19,912,4,15,912,0,81658,331939,13563,68095,123732,208207,n456,true,0.37751660886930416,0.6230088586189735,0,988,false,16,13,0.339675029145616,0.9308195084121298,null
1269135,416269,695179,487294,86662,637956,57223,174819,302,73551,13111,273778,364178,32082,25141,14431,0,58106,15445,6625,6486,2672,413597,418,1323,931,154,264,62,92,205,59,571,752,114,457,752,0,19,912,4,15,912,0,81658,331939,13563,68095,123732,208207,n458,false,0.31733213638903035,0.7524326126359113,0,670,false,14,12,0.6154885954809874,0.2595857055848828,null
1269135,416269,695179,487294,86662,637956,57223,174819,302,73551,13111,273778,364178,32082,25141,14431,0,58106,15445,6625,6486,2672,413597,418,1323,931,154,264,62,92,205,59,571,752,114,457,752,0,19,912,4,15,912,0,81658,331939,13563,68095,123732,208207,n463,true,0.7806224545002356,0.5677123598801092,0,1290,false,12,6,0.06607310172440906,0.9857478989749087,null
1269135,416269,695179,487294,86662,637956,57223,174819,302,73551,13111,273778,364178,32082,25141,14431,0,58106,15445,6625,6486,2672,413597,418,1323,931,154,264,62,92,205,59,571,752,114,457,752,0,19,912,4,15,912,0,81658,331939,13563,68095,123732,208207,n464,false,0.17809292811296032,0.8930180701742341,0,2228,false,13,7,0.49640632417668007,0.3178929168044398,null
1269135,416269,695179,487294,86662,637956,57223,174819,302,73551,13111,273778,364178,32082,25141,14431,0,58106,15445,6625,6486,2672,413597,418,1323,931,154,264,62,92,205,59,571,752,114,457,752,0,19,912,4,15,912,0,81658,331939,13563,68095,123732,208207,n465,true,0.49322275675014476,0.7315088761915275,0,3040,false,11,5,0.05998742563785553,0.8686301483935389,null
1269135,416269,695179,487294,86662,637956,57223,174819,302,73551,13111,273778,364178,32082,25141,14431,0,58106,15445,6625,6486,2672,413597,418,1323,931,154,264,62,92,205,59,571,752,114,457,752,0,19,912,4,15,912,0,81658,331939,13563,68095,123732,208207,n467,true,0.5473132613507884,0.8883539539247611,0,240,false,13,10,0.8333323555937282,0.9966939431038286,null
1269135,416269,695179,487294,86662,637956,57223,174819,302,73551,13111,273778,364178,32082,25141,14431,0,58106,15445,6625,6486,2672,413597,418,1323,931,154,264,62,92,205,59,571,752,114,457,752,0,19,912,4,15,912,0,81658,331939,13563,68095,123732,208207,n468,true,0.5775133937057958,0.7815522955909899,0,1957,false,12,11,0.808287638872361,0.749770985517261,null
1269135,416269,695179,487294,86662,637956,57223,174819,302,73551,13111,273778,364178,32082,25141,14431,0,58106,15445,6625,6486,2672,413597,418,1323,931,154,264,62,92,205,59,571,752,114,457,752,0,19,912,4,15,912,0,81658,331939,13563,68095,123732,208207,n471,true,0.2857085953003218,0.4269892432737406,1,1378,false,13,11,0.25772809373656236,0.1331088407357695,null
1269135,416269,695179,487294,86662,637956,57223,174819,302,73551,13111,273778,364178,32082,25141,14431,0,58106,15445,6625,6486,2672,413597,418,1323,931,154,264,62,92,205,59,571,752,114,457,752,0,19,912,4,15,912,0,81658,331939,13563,68095,123732,208207,n473,false,0.1337957500905068,0.7501490461099705,0,887,false,11,11,0.5302946197917737,0.9143787358439972,null
1269135,416269,695179,487294,86662,637956,57223,174819,302,73551,13111,273778,364178,32082,25141,14431,0,58106,15445,6625,6486,2672,413597,418,1323,931,154,264,62,92,205,59,571,752,114,457,752,0,19,912,4,15,912,0,81658,331939,13563,68095,123732,208207,n477,true,0.2252803248638057,0.7959051320116368,1,1386,false,8,10,0.4829994322690214,0.15568316573321195,null
1269135,416269,695179,487294,86662,637956,57223,174819,302,73551,13111,273778,364178,32082,25141,14431,0,58106,15445,6625,6486,2672,413597,418,1323,931,154,264,62,92,205,59,571,752,114,457,752,0,19,912,4,15,912,0,81658,331939,13563,68095,123732,208207,n490,true,0.6031208278662268,0.7476106352613925,0,741,false,10,9,0.5607437236239672,0.4847170765338509,null
1269135,416269,695179,487294,86662,637956,57223,174819,302,73551,13111,273778,364178,32082,25141,14431,0,58106,15445,6625,6486,2672,413597,418,1323,931,154,264,62,92,205,59,571,752,114,457,752,0,19,912,4,15,912,0,81658,331939,13563,68095,123732,208207,n491,false,0.8313670335242709,0.8136497550997464,0,1349,false,16,13,0.41766706149876753,0.7645470612913537,null
1269135,416269,695179,487294,86662,637956,57223,174819,302,73551,13111,273778,364178,32082,25141,14431,0,58106,15445,6625,6486,2672,413597,418,1323,931,154,264,62,92,205,59,571,752,114,457,752,0,19,912,4,15,912,0,81658,331939,13563,68095,123732,208207,n493,true,0.5446918474979401,0.836426791618393,11,1872,false,12,6,0.61700351793559,0.8272753949417326,null
1269135,416269,695179,487294,86662,637956,57223,174819,302,73551,13111,273778,364178,32082,25141,14431,0,58106,15445,6625,6486,2672,413597,418,1323,931,154,264,62,92,205,59,571,752,114,457,752,0,19,912,4,15,912,0,81658,331939,13563,68095,123732,208207,n497,true,0.47227217039573827,0.7031488323670138,1,1101,false,12,6,0.7930930473317748,0.5481658106919823,null
1269135,416269,695179,487294,86662,637956,57223,174819,302,73551,13111,273778,364178,32082,25141,14431,0,58106,15445,6625,6486,2672,413597,418,1323,931,154,264,62,92,205,59,571,752,114,457,752,0,19,912,4,15,912,0,81658,331939,13563,68095,123732,208207,n499,true,0.15620144323571067,0.28357463827887497,0,822,false,12,8,0.8762469228532755,0.8585290141613157,null
