rtA1,rtA2,rtA1a,rtA1b,rtA1c,rtA1a1,rtA1a2,rtA1b1,rtA1b2,rtA1c1,rtA1c2,rtA1a1a,rtA1a1b,rtA1a2a,rtA1a2b,rtA1b1a,rtA1b1b,rtA1c1a,rtA1c1b,rtA1c2a,rtA1c2b,rtA2a,rtA2b,rtA2a1,rtA2a2,rtA2a3,rtA2a1A,rtA2a1B,rtA2a1A1,rtA2a1A2,rtA2a1B1,rtA2a1B2,rtA2a2A,rtA2a2B,rtA2a2A1,rtA2a2A2,rtA2a2B1,rtA2a2B2,rtA2a3A,rtA2a3B,rtA2a3A1,rtA2a3A2,rtA2a3B1,rtA2a3B2,rtA2b1,rtA2b2,rtA2b1A,rtA2b1B,rtA2b2A,rtA2b2B,id,isSmoker,willpower,health,smokedPerDay,turnsSinceLastChange,givingUp,stepsSinceGiveUp,giveUpAttempts,influenceability,sociable,$SWITCH_TABLE$simconsts$Operations
651006,6497394,94829,411580,144597,52450,42379,296126,0,85249,59348,21542,30908,57254,100579,104641,0,20800,64449,28820,30528,190999,6306395,25997,163879,1123,9609,16388,2699,6910,12373,4015,163813,66,73024,90789,66,0,483,640,483,0,640,0,2686847,3619548,661542,2025305,1119642,2499906,n0,false,0.11502293790479652,0.047694786891948615,0,14800,false,0,0,0.5117748778184,0.8577409198037502,null
651006,6497394,94829,411580,144597,52450,42379,296126,0,85249,59348,21542,30908,57254,100579,104641,0,20800,64449,28820,30528,190999,6306395,25997,163879,1123,9609,16388,2699,6910,12373,4015,163813,66,73024,90789,66,0,483,640,483,0,640,0,2686847,3619548,661542,2025305,1119642,2499906,n1,false,0.8595546308421752,0.05469061215570792,0,8826,false,501,5,0.40143425519935405,0.9753578610324072,null
651006,6497394,94829,411580,144597,52450,42379,296126,0,85249,59348,21542,30908,57254,100579,104641,0,20800,64449,28820,30528,190999,6306395,25997,163879,1123,9609,16388,2699,6910,12373,4015,163813,66,73024,90789,66,0,483,640,483,0,640,0,2686847,3619548,661542,2025305,1119642,2499906,n2,false,0.9999975687827537,0.7392728904621162,0,386,false,503,10,0.9225866052313503,0.9797835554088377,null
651006,6497394,94829,411580,144597,52450,42379,296126,0,85249,59348,21542,30908,57254,100579,104641,0,20800,64449,28820,30528,190999,6306395,25997,163879,1123,9609,16388,2699,6910,12373,4015,163813,66,73024,90789,66,0,483,640,483,0,640,0,2686847,3619548,661542,2025305,1119642,2499906,n3,false,0.259507959985644,0.2568792183847191,0,9333,false,501,3,0.3982061250912049,0.7710605642068167,null
651006,6497394,94829,411580,144597,52450,42379,296126,0,85249,59348,21542,30908,57254,100579,104641,0,20800,64449,28820,30528,190999,6306395,25997,163879,1123,9609,16388,2699,6910,12373,4015,163813,66,73024,90789,66,0,483,640,483,0,640,0,2686847,3619548,661542,2025305,1119642,2499906,n4,false,0.9723179288672881,0.4203668396408206,0,1010,false,502,5,0.8069559154340089,0.5027079353017593,null
651006,6497394,94829,411580,144597,52450,42379,296126,0,85249,59348,21542,30908,57254,100579,104641,0,20800,64449,28820,30528,190999,6306395,25997,163879,1123,9609,16388,2699,6910,12373,4015,163813,66,73024,90789,66,0,483,640,483,0,640,0,2686847,3619548,661542,2025305,1119642,2499906,n14,true,0.9566979835990804,0.8977051430859821,14,2619,false,500,5,0.10664059953705152,0.12785865770516924,null
651006,6497394,94829,411580,144597,52450,42379,296126,0,85249,59348,21542,30908,57254,100579,104641,0,20800,64449,28820,30528,190999,6306395,25997,163879,1123,9609,16388,2699,6910,12373,4015,163813,66,73024,90789,66,0,483,640,483,0,640,0,2686847,3619548,661542,2025305,1119642,2499906,n16,true,0.7141727510852104,0.7817453284220409,11,8495,false,501,3,0.9072625606208943,0.8258033188236475,null
651006,6497394,94829,411580,144597,52450,42379,296126,0,85249,59348,21542,30908,57254,100579,104641,0,20800,64449,28820,30528,190999,6306395,25997,163879,1123,9609,16388,2699,6910,12373,4015,163813,66,73024,90789,66,0,483,640,483,0,640,0,2686847,3619548,661542,2025305,1119642,2499906,n18,false,0.33389323880070015,0.9543441858380892,0,14298,false,500,2,0.7749439607313651,0.5728431407416128,null
651006,6497394,94829,411580,144597,52450,42379,296126,0,85249,59348,21542,30908,57254,100579,104641,0,20800,64449,28820,30528,190999,6306395,25997,163879,1123,9609,16388,2699,6910,12373,4015,163813,66,73024,90789,66,0,483,640,483,0,640,0,2686847,3619548,661542,2025305,1119642,2499906,n25,true,0.4994334703760651,0.7239378393410623,7,406,false,0,1,0.6142179911332477,0.8390550368993457,null
651006,6497394,94829,411580,144597,52450,42379,296126,0,85249,59348,21542,30908,57254,100579,104641,0,20800,64449,28820,30528,190999,6306395,25997,163879,1123,9609,16388,2699,6910,12373,4015,163813,66,73024,90789,66,0,483,640,483,0,640,0,2686847,3619548,661542,2025305,1119642,2499906,n32,false,0.6837323478447568,0.7569208813282833,0,1247,false,501,3,0.2578348905454051,0.5986974436520303,null
651006,6497394,94829,411580,144597,52450,42379,296126,0,85249,59348,21542,30908,57254,100579,104641,0,20800,64449,28820,30528,190999,6306395,25997,163879,1123,9609,16388,2699,6910,12373,4015,163813,66,73024,90789,66,0,483,640,483,0,640,0,2686847,3619548,661542,2025305,1119642,2499906,n33,false,0.9059312785153878,0.23715710006062363,0,9081,false,501,3,0.7941281160447452,0.13421987189629492,null
651006,6497394,94829,411580,144597,52450,42379,296126,0,85249,59348,21542,30908,57254,100579,104641,0,20800,64449,28820,30528,190999,6306395,25997,163879,1123,9609,16388,2699,6910,12373,4015,163813,66,73024,90789,66,0,483,640,483,0,640,0,2686847,3619548,661542,2025305,1119642,2499906,n39,false,0.9999995370539541,0.3742342452634029,0,9180,false,501,4,0.9879977071627621,0.49791172651322296,null
651006,6497394,94829,411580,144597,52450,42379,296126,0,85249,59348,21542,30908,57254,100579,104641,0,20800,64449,28820,30528,190999,6306395,25997,163879,1123,9609,16388,2699,6910,12373,4015,163813,66,73024,90789,66,0,483,640,483,0,640,0,2686847,3619548,661542,2025305,1119642,2499906,n50,false,0.5734098773987051,0.12225183587339528,0,10011,false,501,4,0.8986496346104113,0.22435883378523291,null
651006,6497394,94829,411580,144597,52450,42379,296126,0,85249,59348,21542,30908,57254,100579,104641,0,20800,64449,28820,30528,190999,6306395,25997,163879,1123,9609,16388,2699,6910,12373,4015,163813,66,73024,90789,66,0,483,640,483,0,640,0,2686847,3619548,661542,2025305,1119642,2499906,n56,false,0.0445232842033684,0.4831657725172904,0,14800,false,500,0,0.9320270466079562,0.4602487639801996,null
651006,6497394,94829,411580,144597,52450,42379,296126,0,85249,59348,21542,30908,57254,100579,104641,0,20800,64449,28820,30528,190999,6306395,25997,163879,1123,9609,16388,2699,6910,12373,4015,163813,66,73024,90789,66,0,483,640,483,0,640,0,2686847,3619548,661542,2025305,1119642,2499906,n74,false,0.6821442226134531,0.1465130106581929,0,14800,false,0,0,0.24280532291067214,0.46266175650838226,null
651006,6497394,94829,411580,144597,52450,42379,296126,0,85249,59348,21542,30908,57254,100579,104641,0,20800,64449,28820,30528,190999,6306395,25997,163879,1123,9609,16388,2699,6910,12373,4015,163813,66,73024,90789,66,0,483,640,483,0,640,0,2686847,3619548,661542,2025305,1119642,2499906,n75,false,0.48519046194968546,0.11002161993458692,0,14800,false,0,0,0.5358621090638653,0.0012566822843410597,null
651006,6497394,94829,411580,144597,52450,42379,296126,0,85249,59348,21542,30908,57254,100579,104641,0,20800,64449,28820,30528,190999,6306395,25997,163879,1123,9609,16388,2699,6910,12373,4015,163813,66,73024,90789,66,0,483,640,483,0,640,0,2686847,3619548,661542,2025305,1119642,2499906,n88,false,0.5324398690562041,0.6347085815441742,0,790,false,500,2,0.8452027875042821,0.2642558092234977,null
651006,6497394,94829,411580,144597,52450,42379,296126,0,85249,59348,21542,30908,57254,100579,104641,0,20800,64449,28820,30528,190999,6306395,25997,163879,1123,9609,16388,2699,6910,12373,4015,163813,66,73024,90789,66,0,483,640,483,0,640,0,2686847,3619548,661542,2025305,1119642,2499906,n89,false,0.20294335942986091,0.7247863710342703,0,2617,false,501,4,0.7351933436711826,0.7599988884301723,null
651006,6497394,94829,411580,144597,52450,42379,296126,0,85249,59348,21542,30908,57254,100579,104641,0,20800,64449,28820,30528,190999,6306395,25997,163879,1123,9609,16388,2699,6910,12373,4015,163813,66,73024,90789,66,0,483,640,483,0,640,0,2686847,3619548,661542,2025305,1119642,2499906,n98,false,0.9999967699928659,0.3015928890281916,0,12561,false,500,2,0.715441950981204,0.4800933876900464,null
651006,6497394,94829,411580,144597,52450,42379,296126,0,85249,59348,21542,30908,57254,100579,104641,0,20800,64449,28820,30528,190999,6306395,25997,163879,1123,9609,16388,2699,6910,12373,4015,163813,66,73024,90789,66,0,483,640,483,0,640,0,2686847,3619548,661542,2025305,1119642,2499906,n109,true,0.5632058793643754,0.6707569196982617,0,5312,false,500,2,0.9563492688858981,0.7125160104267754,null
651006,6497394,94829,411580,144597,52450,42379,296126,0,85249,59348,21542,30908,57254,100579,104641,0,20800,64449,28820,30528,190999,6306395,25997,163879,1123,9609,16388,2699,6910,12373,4015,163813,66,73024,90789,66,0,483,640,483,0,640,0,2686847,3619548,661542,2025305,1119642,2499906,n118,false,0.175045412506045,0.09574458005141107,0,14800,false,0,0,0.6597458408706142,0.4094658572807797,null
651006,6497394,94829,411580,144597,52450,42379,296126,0,85249,59348,21542,30908,57254,100579,104641,0,20800,64449,28820,30528,190999,6306395,25997,163879,1123,9609,16388,2699,6910,12373,4015,163813,66,73024,90789,66,0,483,640,483,0,640,0,2686847,3619548,661542,2025305,1119642,2499906,n124,false,0.2348328289130651,0.37826770044663255,0,14800,false,0,0,0.5488198123071498,0.8695754105314559,null
651006,6497394,94829,411580,144597,52450,42379,296126,0,85249,59348,21542,30908,57254,100579,104641,0,20800,64449,28820,30528,190999,6306395,25997,163879,1123,9609,16388,2699,6910,12373,4015,163813,66,73024,90789,66,0,483,640,483,0,640,0,2686847,3619548,661542,2025305,1119642,2499906,n125,false,0.5140531596163401,0.5078279984865486,0,14795,false,500,1,0.27026871860013324,0.939250480293737,null
651006,6497394,94829,411580,144597,52450,42379,296126,0,85249,59348,21542,30908,57254,100579,104641,0,20800,64449,28820,30528,190999,6306395,25997,163879,1123,9609,16388,2699,6910,12373,4015,163813,66,73024,90789,66,0,483,640,483,0,640,0,2686847,3619548,661542,2025305,1119642,2499906,n131,false,0.4695608627180583,0.3410898223322935,0,2631,false,500,2,0.8622751925137412,0.1551927082788318,null
651006,6497394,94829,411580,144597,52450,42379,296126,0,85249,59348,21542,30908,57254,100579,104641,0,20800,64449,28820,30528,190999,6306395,25997,163879,1123,9609,16388,2699,6910,12373,4015,163813,66,73024,90789,66,0,483,640,483,0,640,0,2686847,3619548,661542,2025305,1119642,2499906,n146,false,0.9999975396579078,0.5234125101815108,0,10711,false,500,1,0.962690852710334,0.06945326413984143,null
651006,6497394,94829,411580,144597,52450,42379,296126,0,85249,59348,21542,30908,57254,100579,104641,0,20800,64449,28820,30528,190999,6306395,25997,163879,1123,9609,16388,2699,6910,12373,4015,163813,66,73024,90789,66,0,483,640,483,0,640,0,2686847,3619548,661542,2025305,1119642,2499906,n147,true,0.7653605356870014,0.6065457477660183,13,9432,false,0,1,0.2047347639306497,0.8878837078897043,null
651006,6497394,94829,411580,144597,52450,42379,296126,0,85249,59348,21542,30908,57254,100579,104641,0,20800,64449,28820,30528,190999,6306395,25997,163879,1123,9609,16388,2699,6910,12373,4015,163813,66,73024,90789,66,0,483,640,483,0,640,0,2686847,3619548,661542,2025305,1119642,2499906,n157,false,0.2105569016213353,0.4878894214648966,0,12220,false,500,2,0.5314212737386921,0.719138281483415,null
651006,6497394,94829,411580,144597,52450,42379,296126,0,85249,59348,21542,30908,57254,100579,104641,0,20800,64449,28820,30528,190999,6306395,25997,163879,1123,9609,16388,2699,6910,12373,4015,163813,66,73024,90789,66,0,483,640,483,0,640,0,2686847,3619548,661542,2025305,1119642,2499906,n159,false,0.352744628846475,0.8383791584447065,0,5018,false,505,10,0.11939059425448317,0.060216916802353304,null
651006,6497394,94829,411580,144597,52450,42379,296126,0,85249,59348,21542,30908,57254,100579,104641,0,20800,64449,28820,30528,190999,6306395,25997,163879,1123,9609,16388,2699,6910,12373,4015,163813,66,73024,90789,66,0,483,640,483,0,640,0,2686847,3619548,661542,2025305,1119642,2499906,n161,false,0.3375278244465884,0.14894409814285903,0,731,false,502,5,0.8254268421830724,0.500301369396241,null
651006,6497394,94829,411580,144597,52450,42379,296126,0,85249,59348,21542,30908,57254,100579,104641,0,20800,64449,28820,30528,190999,6306395,25997,163879,1123,9609,16388,2699,6910,12373,4015,163813,66,73024,90789,66,0,483,640,483,0,640,0,2686847,3619548,661542,2025305,1119642,2499906,n162,false,0.3281896469045805,0.1391426652962765,0,1009,false,502,5,0.5909247162061629,0.9204754691994316,null
651006,6497394,94829,411580,144597,52450,42379,296126,0,85249,59348,21542,30908,57254,100579,104641,0,20800,64449,28820,30528,190999,6306395,25997,163879,1123,9609,16388,2699,6910,12373,4015,163813,66,73024,90789,66,0,483,640,483,0,640,0,2686847,3619548,661542,2025305,1119642,2499906,n164,false,0.6476686369738939,0.8888334021095672,0,7275,false,501,3,0.40293179460775186,0.043533609671242424,null
651006,6497394,94829,411580,144597,52450,42379,296126,0,85249,59348,21542,30908,57254,100579,104641,0,20800,64449,28820,30528,190999,6306395,25997,163879,1123,9609,16388,2699,6910,12373,4015,163813,66,73024,90789,66,0,483,640,483,0,640,0,2686847,3619548,661542,2025305,1119642,2499906,n165,false,0.7492249642291281,0.05986004778303067,0,14800,false,0,0,0.98622643874937,0.9934407395764492,null
651006,6497394,94829,411580,144597,52450,42379,296126,0,85249,59348,21542,30908,57254,100579,104641,0,20800,64449,28820,30528,190999,6306395,25997,163879,1123,9609,16388,2699,6910,12373,4015,163813,66,73024,90789,66,0,483,640,483,0,640,0,2686847,3619548,661542,2025305,1119642,2499906,n169,false,0.7925135623765777,0.3837592126425437,0,14800,false,0,0,0.35623834503418395,0.538600660894921,null
651006,6497394,94829,411580,144597,52450,42379,296126,0,85249,59348,21542,30908,57254,100579,104641,0,20800,64449,28820,30528,190999,6306395,25997,163879,1123,9609,16388,2699,6910,12373,4015,163813,66,73024,90789,66,0,483,640,483,0,640,0,2686847,3619548,661542,2025305,1119642,2499906,n170,false,0.615882387347948,0.5668011975686954,0,12494,false,500,2,0.7680891138962301,0.18282943278173236,null
651006,6497394,94829,411580,144597,52450,42379,296126,0,85249,59348,21542,30908,57254,100579,104641,0,20800,64449,28820,30528,190999,6306395,25997,163879,1123,9609,16388,2699,6910,12373,4015,163813,66,73024,90789,66,0,483,640,483,0,640,0,2686847,3619548,661542,2025305,1119642,2499906,n174,false,0.12312412805454202,0.886218637108406,0,14366,false,500,1,0.7022510583685948,0.41476667497194597,null
651006,6497394,94829,411580,144597,52450,42379,296126,0,85249,59348,21542,30908,57254,100579,104641,0,20800,64449,28820,30528,190999,6306395,25997,163879,1123,9609,16388,2699,6910,12373,4015,163813,66,73024,90789,66,0,483,640,483,0,640,0,2686847,3619548,661542,2025305,1119642,2499906,n181,false,0.7111894448173827,0.4698098969997465,0,7470,false,500,2,0.9330948591292093,0.8882645551149141,null
651006,6497394,94829,411580,144597,52450,42379,296126,0,85249,59348,21542,30908,57254,100579,104641,0,20800,64449,28820,30528,190999,6306395,25997,163879,1123,9609,16388,2699,6910,12373,4015,163813,66,73024,90789,66,0,483,640,483,0,640,0,2686847,3619548,661542,2025305,1119642,2499906,n187,false,0.31840990480551196,0.08003067231054084,0,14798,false,500,1,0.5500312356906651,0.24628055583528252,null
651006,6497394,94829,411580,144597,52450,42379,296126,0,85249,59348,21542,30908,57254,100579,104641,0,20800,64449,28820,30528,190999,6306395,25997,163879,1123,9609,16388,2699,6910,12373,4015,163813,66,73024,90789,66,0,483,640,483,0,640,0,2686847,3619548,661542,2025305,1119642,2499906,n191,false,0.9777825419647708,0.3376985299442903,0,974,false,502,5,0.791856966281769,0.3921930487315047,null
651006,6497394,94829,411580,144597,52450,42379,296126,0,85249,59348,21542,30908,57254,100579,104641,0,20800,64449,28820,30528,190999,6306395,25997,163879,1123,9609,16388,2699,6910,12373,4015,163813,66,73024,90789,66,0,483,640,483,0,640,0,2686847,3619548,661542,2025305,1119642,2499906,n193,false,0.8940209252551726,0.7758671115615389,0,8158,false,501,4,0.8082673758554699,0.15517048329247962,null
651006,6497394,94829,411580,144597,52450,42379,296126,0,85249,59348,21542,30908,57254,100579,104641,0,20800,64449,28820,30528,190999,6306395,25997,163879,1123,9609,16388,2699,6910,12373,4015,163813,66,73024,90789,66,0,483,640,483,0,640,0,2686847,3619548,661542,2025305,1119642,2499906,n199,false,0.8591645621731997,0.4179898121876684,0,13381,false,501,3,0.37516283819298246,0.012798235841823602,null
651006,6497394,94829,411580,144597,52450,42379,296126,0,85249,59348,21542,30908,57254,100579,104641,0,20800,64449,28820,30528,190999,6306395,25997,163879,1123,9609,16388,2699,6910,12373,4015,163813,66,73024,90789,66,0,483,640,483,0,640,0,2686847,3619548,661542,2025305,1119642,2499906,n201,false,0.4221329079173903,0.8093432382682383,0,13333,false,500,2,0.8710308543971178,0.9062116013648812,null
651006,6497394,94829,411580,144597,52450,42379,296126,0,85249,59348,21542,30908,57254,100579,104641,0,20800,64449,28820,30528,190999,6306395,25997,163879,1123,9609,16388,2699,6910,12373,4015,163813,66,73024,90789,66,0,483,640,483,0,640,0,2686847,3619548,661542,2025305,1119642,2499906,n210,false,0.707083648457523,0.26789987995408276,0,1415,false,500,2,0.3322629186052114,0.4311850585228717,null
651006,6497394,94829,411580,144597,52450,42379,296126,0,85249,59348,21542,30908,57254,100579,104641,0,20800,64449,28820,30528,190999,6306395,25997,163879,1123,9609,16388,2699,6910,12373,4015,163813,66,73024,90789,66,0,483,640,483,0,640,0,2686847,3619548,661542,2025305,1119642,2499906,n213,false,0.3026259348944077,0.4099160065990376,0,12481,false,500,2,0.9422828181639074,0.08574359109564544,null
651006,6497394,94829,411580,144597,52450,42379,296126,0,85249,59348,21542,30908,57254,100579,104641,0,20800,64449,28820,30528,190999,6306395,25997,163879,1123,9609,16388,2699,6910,12373,4015,163813,66,73024,90789,66,0,483,640,483,0,640,0,2686847,3619548,661542,2025305,1119642,2499906,n216,false,0.54494532144708,0.4704025860977159,0,2377,false,501,2,0.8585978214626362,0.5461226362270672,null
651006,6497394,94829,411580,144597,52450,42379,296126,0,85249,59348,21542,30908,57254,100579,104641,0,20800,64449,28820,30528,190999,6306395,25997,163879,1123,9609,16388,2699,6910,12373,4015,163813,66,73024,90789,66,0,483,640,483,0,640,0,2686847,3619548,661542,2025305,1119642,2499906,n218,false,0.9214636322132126,0.3602707923896456,0,13583,false,500,1,0.5861237315306826,0.11501668202424342,null
651006,6497394,94829,411580,144597,52450,42379,296126,0,85249,59348,21542,30908,57254,100579,104641,0,20800,64449,28820,30528,190999,6306395,25997,163879,1123,9609,16388,2699,6910,12373,4015,163813,66,73024,90789,66,0,483,640,483,0,640,0,2686847,3619548,661542,2025305,1119642,2499906,n224,true,0.42205993688250804,0.7311487886675472,13,4846,false,0,1,0.6993437330330162,0.42297484087304654,null
651006,6497394,94829,411580,144597,52450,42379,296126,0,85249,59348,21542,30908,57254,100579,104641,0,20800,64449,28820,30528,190999,6306395,25997,163879,1123,9609,16388,2699,6910,12373,4015,163813,66,73024,90789,66,0,483,640,483,0,640,0,2686847,3619548,661542,2025305,1119642,2499906,n225,false,0.316944644770405,0.245564239587024,0,14800,false,0,0,0.11379322629632871,0.4573984472423925,null
651006,6497394,94829,411580,144597,52450,42379,296126,0,85249,59348,21542,30908,57254,100579,104641,0,20800,64449,28820,30528,190999,6306395,25997,163879,1123,9609,16388,2699,6910,12373,4015,163813,66,73024,90789,66,0,483,640,483,0,640,0,2686847,3619548,661542,2025305,1119642,2499906,n228,false,0.1028312730204239,0.5343152313048293,0,4983,false,502,6,0.9419285565294817,0.9618103733589127,null
651006,6497394,94829,411580,144597,52450,42379,296126,0,85249,59348,21542,30908,57254,100579,104641,0,20800,64449,28820,30528,190999,6306395,25997,163879,1123,9609,16388,2699,6910,12373,4015,163813,66,73024,90789,66,0,483,640,483,0,640,0,2686847,3619548,661542,2025305,1119642,2499906,n231,false,0.8359317516749134,0.8342962135788448,0,11959,false,501,3,0.5718051685693843,0.17153503927620628,null
651006,6497394,94829,411580,144597,52450,42379,296126,0,85249,59348,21542,30908,57254,100579,104641,0,20800,64449,28820,30528,190999,6306395,25997,163879,1123,9609,16388,2699,6910,12373,4015,163813,66,73024,90789,66,0,483,640,483,0,640,0,2686847,3619548,661542,2025305,1119642,2499906,n233,false,0.24906825494632653,0.5118106505933478,0,7970,false,501,4,0.08361720764569947,0.19353071780529074,null
651006,6497394,94829,411580,144597,52450,42379,296126,0,85249,59348,21542,30908,57254,100579,104641,0,20800,64449,28820,30528,190999,6306395,25997,163879,1123,9609,16388,2699,6910,12373,4015,163813,66,73024,90789,66,0,483,640,483,0,640,0,2686847,3619548,661542,2025305,1119642,2499906,n236,false,0.1924519920953697,0.05819427791409171,0,14800,false,0,0,0.18241942540289247,0.9829294570285056,null
651006,6497394,94829,411580,144597,52450,42379,296126,0,85249,59348,21542,30908,57254,100579,104641,0,20800,64449,28820,30528,190999,6306395,25997,163879,1123,9609,16388,2699,6910,12373,4015,163813,66,73024,90789,66,0,483,640,483,0,640,0,2686847,3619548,661542,2025305,1119642,2499906,n238,false,0.8449705615625288,0.774560637212576,0,9401,false,500,2,0.7400986925826208,0.9464779165730628,null
651006,6497394,94829,411580,144597,52450,42379,296126,0,85249,59348,21542,30908,57254,100579,104641,0,20800,64449,28820,30528,190999,6306395,25997,163879,1123,9609,16388,2699,6910,12373,4015,163813,66,73024,90789,66,0,483,640,483,0,640,0,2686847,3619548,661542,2025305,1119642,2499906,n241,false,0.5619215851886981,0.7942425980298543,0,4582,false,500,2,0.9644009132978945,0.8207829245493439,null
651006,6497394,94829,411580,144597,52450,42379,296126,0,85249,59348,21542,30908,57254,100579,104641,0,20800,64449,28820,30528,190999,6306395,25997,163879,1123,9609,16388,2699,6910,12373,4015,163813,66,73024,90789,66,0,483,640,483,0,640,0,2686847,3619548,661542,2025305,1119642,2499906,n245,false,0.501047959074386,0.6360627731322575,0,11303,false,501,3,0.7958017902624922,0.042293404278985425,null
651006,6497394,94829,411580,144597,52450,42379,296126,0,85249,59348,21542,30908,57254,100579,104641,0,20800,64449,28820,30528,190999,6306395,25997,163879,1123,9609,16388,2699,6910,12373,4015,163813,66,73024,90789,66,0,483,640,483,0,640,0,2686847,3619548,661542,2025305,1119642,2499906,n252,true,0.7217155643121608,0.7322193577175814,0,2103,false,501,5,0.8525801171050358,0.169719490428637,null
651006,6497394,94829,411580,144597,52450,42379,296126,0,85249,59348,21542,30908,57254,100579,104641,0,20800,64449,28820,30528,190999,6306395,25997,163879,1123,9609,16388,2699,6910,12373,4015,163813,66,73024,90789,66,0,483,640,483,0,640,0,2686847,3619548,661542,2025305,1119642,2499906,n258,false,0.8897725427244929,0.7379849001761526,0,14800,false,0,0,0.49429484767312787,0.09965131376583836,null
651006,6497394,94829,411580,144597,52450,42379,296126,0,85249,59348,21542,30908,57254,100579,104641,0,20800,64449,28820,30528,190999,6306395,25997,163879,1123,9609,16388,2699,6910,12373,4015,163813,66,73024,90789,66,0,483,640,483,0,640,0,2686847,3619548,661542,2025305,1119642,2499906,n260,false,0.8035542550488278,0.24006990628354574,0,14800,false,0,0,0.5427724987891539,0.7100301748793284,null
651006,6497394,94829,411580,144597,52450,42379,296126,0,85249,59348,21542,30908,57254,100579,104641,0,20800,64449,28820,30528,190999,6306395,25997,163879,1123,9609,16388,2699,6910,12373,4015,163813,66,73024,90789,66,0,483,640,483,0,640,0,2686847,3619548,661542,2025305,1119642,2499906,n266,false,0.9642725121984588,0.7376620757980122,0,8253,false,500,2,0.8850793440503993,0.781966569737341,null
651006,6497394,94829,411580,144597,52450,42379,296126,0,85249,59348,21542,30908,57254,100579,104641,0,20800,64449,28820,30528,190999,6306395,25997,163879,1123,9609,16388,2699,6910,12373,4015,163813,66,73024,90789,66,0,483,640,483,0,640,0,2686847,3619548,661542,2025305,1119642,2499906,n268,false,0.19311465207296832,0.6622850410547376,0,8598,false,500,2,0.369810116432322,0.31241164521738257,null
651006,6497394,94829,411580,144597,52450,42379,296126,0,85249,59348,21542,30908,57254,100579,104641,0,20800,64449,28820,30528,190999,6306395,25997,163879,1123,9609,16388,2699,6910,12373,4015,163813,66,73024,90789,66,0,483,640,483,0,640,0,2686847,3619548,661542,2025305,1119642,2499906,n276,false,0.34466449804275545,0.011802447471842448,0,6946,false,502,6,0.4653388410751398,0.6157739017272322,null
651006,6497394,94829,411580,144597,52450,42379,296126,0,85249,59348,21542,30908,57254,100579,104641,0,20800,64449,28820,30528,190999,6306395,25997,163879,1123,9609,16388,2699,6910,12373,4015,163813,66,73024,90789,66,0,483,640,483,0,640,0,2686847,3619548,661542,2025305,1119642,2499906,n277,false,0.4176839555829161,0.38009698159586947,0,8146,false,501,4,0.8444541520601221,0.044780476714170514,null
651006,6497394,94829,411580,144597,52450,42379,296126,0,85249,59348,21542,30908,57254,100579,104641,0,20800,64449,28820,30528,190999,6306395,25997,163879,1123,9609,16388,2699,6910,12373,4015,163813,66,73024,90789,66,0,483,640,483,0,640,0,2686847,3619548,661542,2025305,1119642,2499906,n281,false,0.5524970648308386,0.4498291958289683,0,2192,false,502,5,0.8873320460094979,0.9133408803891443,null
651006,6497394,94829,411580,144597,52450,42379,296126,0,85249,59348,21542,30908,57254,100579,104641,0,20800,64449,28820,30528,190999,6306395,25997,163879,1123,9609,16388,2699,6910,12373,4015,163813,66,73024,90789,66,0,483,640,483,0,640,0,2686847,3619548,661542,2025305,1119642,2499906,n287,false,0.05771601844461267,0.05038388826293205,0,2383,false,502,6,0.49099897082906196,0.4734974776489548,null
651006,6497394,94829,411580,144597,52450,42379,296126,0,85249,59348,21542,30908,57254,100579,104641,0,20800,64449,28820,30528,190999,6306395,25997,163879,1123,9609,16388,2699,6910,12373,4015,163813,66,73024,90789,66,0,483,640,483,0,640,0,2686847,3619548,661542,2025305,1119642,2499906,n289,false,0.5760870555026488,0.6879777667348043,0,8890,false,500,2,0.9119346917593765,0.7567909105789367,null
651006,6497394,94829,411580,144597,52450,42379,296126,0,85249,59348,21542,30908,57254,100579,104641,0,20800,64449,28820,30528,190999,6306395,25997,163879,1123,9609,16388,2699,6910,12373,4015,163813,66,73024,90789,66,0,483,640,483,0,640,0,2686847,3619548,661542,2025305,1119642,2499906,n290,false,0.7391757970981863,0.30911963795917263,0,14797,false,500,1,0.689390928672065,0.7218117838083709,null
651006,6497394,94829,411580,144597,52450,42379,296126,0,85249,59348,21542,30908,57254,100579,104641,0,20800,64449,28820,30528,190999,6306395,25997,163879,1123,9609,16388,2699,6910,12373,4015,163813,66,73024,90789,66,0,483,640,483,0,640,0,2686847,3619548,661542,2025305,1119642,2499906,n292,false,0.958312991098642,0.21642535644048622,0,974,false,500,2,0.8664745425754018,0.7969380042229988,null
651006,6497394,94829,411580,144597,52450,42379,296126,0,85249,59348,21542,30908,57254,100579,104641,0,20800,64449,28820,30528,190999,6306395,25997,163879,1123,9609,16388,2699,6910,12373,4015,163813,66,73024,90789,66,0,483,640,483,0,640,0,2686847,3619548,661542,2025305,1119642,2499906,n295,false,0.035733434958938506,0.7389485401760346,0,5316,false,500,2,0.803221056658161,0.51518448955127,null
651006,6497394,94829,411580,144597,52450,42379,296126,0,85249,59348,21542,30908,57254,100579,104641,0,20800,64449,28820,30528,190999,6306395,25997,163879,1123,9609,16388,2699,6910,12373,4015,163813,66,73024,90789,66,0,483,640,483,0,640,0,2686847,3619548,661542,2025305,1119642,2499906,n304,false,0.447903489189628,0.13433636393974857,0,14800,false,0,0,0.34661311371924863,0.601759863712573,null
651006,6497394,94829,411580,144597,52450,42379,296126,0,85249,59348,21542,30908,57254,100579,104641,0,20800,64449,28820,30528,190999,6306395,25997,163879,1123,9609,16388,2699,6910,12373,4015,163813,66,73024,90789,66,0,483,640,483,0,640,0,2686847,3619548,661542,2025305,1119642,2499906,n310,false,0.7091742805523095,0.5362492009561202,0,5442,false,501,2,0.8936009979095052,0.9095984771443824,null
651006,6497394,94829,411580,144597,52450,42379,296126,0,85249,59348,21542,30908,57254,100579,104641,0,20800,64449,28820,30528,190999,6306395,25997,163879,1123,9609,16388,2699,6910,12373,4015,163813,66,73024,90789,66,0,483,640,483,0,640,0,2686847,3619548,661542,2025305,1119642,2499906,n316,false,0.8051262900578926,0.19931792815121607,0,9805,false,501,4,0.835548215123753,0.5296074328310051,null
651006,6497394,94829,411580,144597,52450,42379,296126,0,85249,59348,21542,30908,57254,100579,104641,0,20800,64449,28820,30528,190999,6306395,25997,163879,1123,9609,16388,2699,6910,12373,4015,163813,66,73024,90789,66,0,483,640,483,0,640,0,2686847,3619548,661542,2025305,1119642,2499906,n323,false,0.9999971877067072,0.923531741791908,0,14800,false,0,0,0.9079794484653563,0.6613250076564999,null
651006,6497394,94829,411580,144597,52450,42379,296126,0,85249,59348,21542,30908,57254,100579,104641,0,20800,64449,28820,30528,190999,6306395,25997,163879,1123,9609,16388,2699,6910,12373,4015,163813,66,73024,90789,66,0,483,640,483,0,640,0,2686847,3619548,661542,2025305,1119642,2499906,n331,false,0.9712247509481555,0.779189967781595,0,2825,false,501,2,0.8492899622314295,0.23809634092763166,null
651006,6497394,94829,411580,144597,52450,42379,296126,0,85249,59348,21542,30908,57254,100579,104641,0,20800,64449,28820,30528,190999,6306395,25997,163879,1123,9609,16388,2699,6910,12373,4015,163813,66,73024,90789,66,0,483,640,483,0,640,0,2686847,3619548,661542,2025305,1119642,2499906,n335,false,0.23018385769687397,0.5445679326673737,0,4254,false,501,3,0.7014633512844901,0.19577688952417716,null
651006,6497394,94829,411580,144597,52450,42379,296126,0,85249,59348,21542,30908,57254,100579,104641,0,20800,64449,28820,30528,190999,6306395,25997,163879,1123,9609,16388,2699,6910,12373,4015,163813,66,73024,90789,66,0,483,640,483,0,640,0,2686847,3619548,661542,2025305,1119642,2499906,n337,true,0.6001180463093964,0.6417501237123058,6,14800,false,0,0,0.18549912559594572,0.4063822039406248,null
651006,6497394,94829,411580,144597,52450,42379,296126,0,85249,59348,21542,30908,57254,100579,104641,0,20800,64449,28820,30528,190999,6306395,25997,163879,1123,9609,16388,2699,6910,12373,4015,163813,66,73024,90789,66,0,483,640,483,0,640,0,2686847,3619548,661542,2025305,1119642,2499906,n339,false,0.08906523603942917,0.6313120650203631,0,9807,false,501,6,0.6455528067650249,0.7719707770513765,null
651006,6497394,94829,411580,144597,52450,42379,296126,0,85249,59348,21542,30908,57254,100579,104641,0,20800,64449,28820,30528,190999,6306395,25997,163879,1123,9609,16388,2699,6910,12373,4015,163813,66,73024,90789,66,0,483,640,483,0,640,0,2686847,3619548,661542,2025305,1119642,2499906,n341,false,0.49711176988335937,0.9789821799820533,0,933,false,501,4,0.718468722135875,0.7224891449621581,null
651006,6497394,94829,411580,144597,52450,42379,296126,0,85249,59348,21542,30908,57254,100579,104641,0,20800,64449,28820,30528,190999,6306395,25997,163879,1123,9609,16388,2699,6910,12373,4015,163813,66,73024,90789,66,0,483,640,483,0,640,0,2686847,3619548,661542,2025305,1119642,2499906,n342,false,0.6655343622409613,0.5470798071191683,0,10876,false,500,1,0.8514359279906024,0.4227232287425087,null
651006,6497394,94829,411580,144597,52450,42379,296126,0,85249,59348,21542,30908,57254,100579,104641,0,20800,64449,28820,30528,190999,6306395,25997,163879,1123,9609,16388,2699,6910,12373,4015,163813,66,73024,90789,66,0,483,640,483,0,640,0,2686847,3619548,661542,2025305,1119642,2499906,n344,false,0.8519342386846042,0.7052696235760414,0,10433,false,500,1,0.8563372915343843,0.354170982838969,null
651006,6497394,94829,411580,144597,52450,42379,296126,0,85249,59348,21542,30908,57254,100579,104641,0,20800,64449,28820,30528,190999,6306395,25997,163879,1123,9609,16388,2699,6910,12373,4015,163813,66,73024,90789,66,0,483,640,483,0,640,0,2686847,3619548,661542,2025305,1119642,2499906,n348,true,0.8809096458961315,0.7323798535541284,0,9159,false,500,3,0.6239071105025022,0.4539733846688302,null
651006,6497394,94829,411580,144597,52450,42379,296126,0,85249,59348,21542,30908,57254,100579,104641,0,20800,64449,28820,30528,190999,6306395,25997,163879,1123,9609,16388,2699,6910,12373,4015,163813,66,73024,90789,66,0,483,640,483,0,640,0,2686847,3619548,661542,2025305,1119642,2499906,n358,false,0.28779734107934984,0.2702716953238236,0,1010,false,500,2,0.7988942645391203,0.319803544367928,null
651006,6497394,94829,411580,144597,52450,42379,296126,0,85249,59348,21542,30908,57254,100579,104641,0,20800,64449,28820,30528,190999,6306395,25997,163879,1123,9609,16388,2699,6910,12373,4015,163813,66,73024,90789,66,0,483,640,483,0,640,0,2686847,3619548,661542,2025305,1119642,2499906,n360,false,0.826634470904922,0.8409430005269436,0,14800,false,0,0,0.633412715125556,0.5757469737855329,null
651006,6497394,94829,411580,144597,52450,42379,296126,0,85249,59348,21542,30908,57254,100579,104641,0,20800,64449,28820,30528,190999,6306395,25997,163879,1123,9609,16388,2699,6910,12373,4015,163813,66,73024,90789,66,0,483,640,483,0,640,0,2686847,3619548,661542,2025305,1119642,2499906,n363,false,0.16505227773659042,0.866799358762541,0,9572,false,501,3,0.6042996658159472,0.8986014447347811,null
651006,6497394,94829,411580,144597,52450,42379,296126,0,85249,59348,21542,30908,57254,100579,104641,0,20800,64449,28820,30528,190999,6306395,25997,163879,1123,9609,16388,2699,6910,12373,4015,163813,66,73024,90789,66,0,483,640,483,0,640,0,2686847,3619548,661542,2025305,1119642,2499906,n364,false,0.663773766408317,0.3461954471617929,0,4767,false,503,8,0.6772195787078008,0.8133882627531174,null
651006,6497394,94829,411580,144597,52450,42379,296126,0,85249,59348,21542,30908,57254,100579,104641,0,20800,64449,28820,30528,190999,6306395,25997,163879,1123,9609,16388,2699,6910,12373,4015,163813,66,73024,90789,66,0,483,640,483,0,640,0,2686847,3619548,661542,2025305,1119642,2499906,n366,false,0.39977479941559385,0.7271846449070134,0,5319,false,502,5,0.5939221266485136,0.5239709355298945,null
651006,6497394,94829,411580,144597,52450,42379,296126,0,85249,59348,21542,30908,57254,100579,104641,0,20800,64449,28820,30528,190999,6306395,25997,163879,1123,9609,16388,2699,6910,12373,4015,163813,66,73024,90789,66,0,483,640,483,0,640,0,2686847,3619548,661542,2025305,1119642,2499906,n373,false,0.6003482031614019,0.4263975998502456,0,14800,false,500,0,0.6287236170566293,0.07445863858407409,null
651006,6497394,94829,411580,144597,52450,42379,296126,0,85249,59348,21542,30908,57254,100579,104641,0,20800,64449,28820,30528,190999,6306395,25997,163879,1123,9609,16388,2699,6910,12373,4015,163813,66,73024,90789,66,0,483,640,483,0,640,0,2686847,3619548,661542,2025305,1119642,2499906,n377,true,0.7933540653677745,0.8674713685540447,0,1214,false,0,1,0.6894057063904732,0.12075337121580454,null
651006,6497394,94829,411580,144597,52450,42379,296126,0,85249,59348,21542,30908,57254,100579,104641,0,20800,64449,28820,30528,190999,6306395,25997,163879,1123,9609,16388,2699,6910,12373,4015,163813,66,73024,90789,66,0,483,640,483,0,640,0,2686847,3619548,661542,2025305,1119642,2499906,n381,true,0.9001276805954931,0.7292168381366273,18,7028,false,500,1,0.5638579805089661,0.6981997082475606,null
651006,6497394,94829,411580,144597,52450,42379,296126,0,85249,59348,21542,30908,57254,100579,104641,0,20800,64449,28820,30528,190999,6306395,25997,163879,1123,9609,16388,2699,6910,12373,4015,163813,66,73024,90789,66,0,483,640,483,0,640,0,2686847,3619548,661542,2025305,1119642,2499906,n387,false,0.3647491022468678,0.20775278804976505,0,1165,false,503,7,0.7207346014047028,0.9549311303495702,null
651006,6497394,94829,411580,144597,52450,42379,296126,0,85249,59348,21542,30908,57254,100579,104641,0,20800,64449,28820,30528,190999,6306395,25997,163879,1123,9609,16388,2699,6910,12373,4015,163813,66,73024,90789,66,0,483,640,483,0,640,0,2686847,3619548,661542,2025305,1119642,2499906,n391,false,0.9370848316827913,0.1413063044714914,0,9512,false,501,2,0.7163211935437827,0.7764480690844306,null
651006,6497394,94829,411580,144597,52450,42379,296126,0,85249,59348,21542,30908,57254,100579,104641,0,20800,64449,28820,30528,190999,6306395,25997,163879,1123,9609,16388,2699,6910,12373,4015,163813,66,73024,90789,66,0,483,640,483,0,640,0,2686847,3619548,661542,2025305,1119642,2499906,n393,false,0.9999984443033696,0.5993210911761632,0,14800,false,0,0,0.5193499139259657,0.5414081137901574,null
651006,6497394,94829,411580,144597,52450,42379,296126,0,85249,59348,21542,30908,57254,100579,104641,0,20800,64449,28820,30528,190999,6306395,25997,163879,1123,9609,16388,2699,6910,12373,4015,163813,66,73024,90789,66,0,483,640,483,0,640,0,2686847,3619548,661542,2025305,1119642,2499906,n400,false,0.8058545161433112,0.9228909388597275,0,8443,false,501,4,0.820938409258319,0.09048299598738196,null
651006,6497394,94829,411580,144597,52450,42379,296126,0,85249,59348,21542,30908,57254,100579,104641,0,20800,64449,28820,30528,190999,6306395,25997,163879,1123,9609,16388,2699,6910,12373,4015,163813,66,73024,90789,66,0,483,640,483,0,640,0,2686847,3619548,661542,2025305,1119642,2499906,n402,false,0.5396981667148564,0.6617000835554324,0,13880,false,500,2,0.349166964352157,0.5405168706546288,null
651006,6497394,94829,411580,144597,52450,42379,296126,0,85249,59348,21542,30908,57254,100579,104641,0,20800,64449,28820,30528,190999,6306395,25997,163879,1123,9609,16388,2699,6910,12373,4015,163813,66,73024,90789,66,0,483,640,483,0,640,0,2686847,3619548,661542,2025305,1119642,2499906,n405,false,0.15406441693750736,0.24728823668853456,0,4250,false,502,6,0.8031723857981095,0.589719145674035,null
651006,6497394,94829,411580,144597,52450,42379,296126,0,85249,59348,21542,30908,57254,100579,104641,0,20800,64449,28820,30528,190999,6306395,25997,163879,1123,9609,16388,2699,6910,12373,4015,163813,66,73024,90789,66,0,483,640,483,0,640,0,2686847,3619548,661542,2025305,1119642,2499906,n411,false,0.5470977284724166,0.6113396639949897,0,13413,false,500,2,0.3685704197878664,0.6747650777373373,null
651006,6497394,94829,411580,144597,52450,42379,296126,0,85249,59348,21542,30908,57254,100579,104641,0,20800,64449,28820,30528,190999,6306395,25997,163879,1123,9609,16388,2699,6910,12373,4015,163813,66,73024,90789,66,0,483,640,483,0,640,0,2686847,3619548,661542,2025305,1119642,2499906,n416,false,0.8498537198090302,0.9078728918006316,0,2654,false,501,4,0.8204739179188568,0.5781419385194991,null
651006,6497394,94829,411580,144597,52450,42379,296126,0,85249,59348,21542,30908,57254,100579,104641,0,20800,64449,28820,30528,190999,6306395,25997,163879,1123,9609,16388,2699,6910,12373,4015,163813,66,73024,90789,66,0,483,640,483,0,640,0,2686847,3619548,661542,2025305,1119642,2499906,n418,false,0.5430642282415087,0.4101999919602683,0,653,false,501,4,0.8361263989527755,0.24414637026605834,null
651006,6497394,94829,411580,144597,52450,42379,296126,0,85249,59348,21542,30908,57254,100579,104641,0,20800,64449,28820,30528,190999,6306395,25997,163879,1123,9609,16388,2699,6910,12373,4015,163813,66,73024,90789,66,0,483,640,483,0,640,0,2686847,3619548,661542,2025305,1119642,2499906,n423,false,0.2732659431661852,0.755398214010564,0,7215,false,501,3,0.2957337525727448,0.9403362737722508,null
651006,6497394,94829,411580,144597,52450,42379,296126,0,85249,59348,21542,30908,57254,100579,104641,0,20800,64449,28820,30528,190999,6306395,25997,163879,1123,9609,16388,2699,6910,12373,4015,163813,66,73024,90789,66,0,483,640,483,0,640,0,2686847,3619548,661542,2025305,1119642,2499906,n425,false,0.9277670961829159,0.6899427285498956,0,11502,false,500,2,0.6581804522826857,0.16925897509132515,null
651006,6497394,94829,411580,144597,52450,42379,296126,0,85249,59348,21542,30908,57254,100579,104641,0,20800,64449,28820,30528,190999,6306395,25997,163879,1123,9609,16388,2699,6910,12373,4015,163813,66,73024,90789,66,0,483,640,483,0,640,0,2686847,3619548,661542,2025305,1119642,2499906,n426,false,0.19214981877832096,0.2727051129424477,0,4700,false,500,4,0.39623398977208446,0.9812985696199857,null
651006,6497394,94829,411580,144597,52450,42379,296126,0,85249,59348,21542,30908,57254,100579,104641,0,20800,64449,28820,30528,190999,6306395,25997,163879,1123,9609,16388,2699,6910,12373,4015,163813,66,73024,90789,66,0,483,640,483,0,640,0,2686847,3619548,661542,2025305,1119642,2499906,n432,false,0.9246399122572403,0.9401402660022963,0,14800,false,0,0,0.07573042168955235,0.4332074737901931,null
651006,6497394,94829,411580,144597,52450,42379,296126,0,85249,59348,21542,30908,57254,100579,104641,0,20800,64449,28820,30528,190999,6306395,25997,163879,1123,9609,16388,2699,6910,12373,4015,163813,66,73024,90789,66,0,483,640,483,0,640,0,2686847,3619548,661542,2025305,1119642,2499906,n437,false,0.7543881561560674,0.599772818647066,0,7053,false,501,3,0.9497828911618784,0.9782511433457233,null
651006,6497394,94829,411580,144597,52450,42379,296126,0,85249,59348,21542,30908,57254,100579,104641,0,20800,64449,28820,30528,190999,6306395,25997,163879,1123,9609,16388,2699,6910,12373,4015,163813,66,73024,90789,66,0,483,640,483,0,640,0,2686847,3619548,661542,2025305,1119642,2499906,n442,false,0.2619360879997807,0.9244134659385758,0,14298,false,500,1,0.2456592216171789,0.1417743656186673,null
651006,6497394,94829,411580,144597,52450,42379,296126,0,85249,59348,21542,30908,57254,100579,104641,0,20800,64449,28820,30528,190999,6306395,25997,163879,1123,9609,16388,2699,6910,12373,4015,163813,66,73024,90789,66,0,483,640,483,0,640,0,2686847,3619548,661542,2025305,1119642,2499906,n444,false,0.4181966091261249,0.08930291278668334,0,3634,false,500,2,0.586855183990273,0.7148613088920314,null
651006,6497394,94829,411580,144597,52450,42379,296126,0,85249,59348,21542,30908,57254,100579,104641,0,20800,64449,28820,30528,190999,6306395,25997,163879,1123,9609,16388,2699,6910,12373,4015,163813,66,73024,90789,66,0,483,640,483,0,640,0,2686847,3619548,661542,2025305,1119642,2499906,n448,false,0.1601931829068371,0.5378626767318391,0,974,false,502,6,0.9918248962722402,0.33056036323356824,null
651006,6497394,94829,411580,144597,52450,42379,296126,0,85249,59348,21542,30908,57254,100579,104641,0,20800,64449,28820,30528,190999,6306395,25997,163879,1123,9609,16388,2699,6910,12373,4015,163813,66,73024,90789,66,0,483,640,483,0,640,0,2686847,3619548,661542,2025305,1119642,2499906,n453,false,0.658538164865651,0.29463315455259903,0,1540,false,502,6,0.4228618536990202,0.2268913732731067,null
651006,6497394,94829,411580,144597,52450,42379,296126,0,85249,59348,21542,30908,57254,100579,104641,0,20800,64449,28820,30528,190999,6306395,25997,163879,1123,9609,16388,2699,6910,12373,4015,163813,66,73024,90789,66,0,483,640,483,0,640,0,2686847,3619548,661542,2025305,1119642,2499906,n455,false,0.9570802796136294,0.19733864078733077,0,14800,false,0,0,0.7630540770211787,0.3634329905696592,null
651006,6497394,94829,411580,144597,52450,42379,296126,0,85249,59348,21542,30908,57254,100579,104641,0,20800,64449,28820,30528,190999,6306395,25997,163879,1123,9609,16388,2699,6910,12373,4015,163813,66,73024,90789,66,0,483,640,483,0,640,0,2686847,3619548,661542,2025305,1119642,2499906,n458,false,0.23096970800975422,0.07332252811322748,0,1489,false,500,2,0.8178252383215988,0.0915876251532457,null
651006,6497394,94829,411580,144597,52450,42379,296126,0,85249,59348,21542,30908,57254,100579,104641,0,20800,64449,28820,30528,190999,6306395,25997,163879,1123,9609,16388,2699,6910,12373,4015,163813,66,73024,90789,66,0,483,640,483,0,640,0,2686847,3619548,661542,2025305,1119642,2499906,n459,false,0.15235205906466853,0.8222261736401973,0,12075,false,500,2,0.5442478873347296,0.7517114006202522,null
651006,6497394,94829,411580,144597,52450,42379,296126,0,85249,59348,21542,30908,57254,100579,104641,0,20800,64449,28820,30528,190999,6306395,25997,163879,1123,9609,16388,2699,6910,12373,4015,163813,66,73024,90789,66,0,483,640,483,0,640,0,2686847,3619548,661542,2025305,1119642,2499906,n461,false,0.6802496503201175,0.09606661568729302,0,3813,false,501,3,0.32993664387428456,0.005966033173425922,null
651006,6497394,94829,411580,144597,52450,42379,296126,0,85249,59348,21542,30908,57254,100579,104641,0,20800,64449,28820,30528,190999,6306395,25997,163879,1123,9609,16388,2699,6910,12373,4015,163813,66,73024,90789,66,0,483,640,483,0,640,0,2686847,3619548,661542,2025305,1119642,2499906,n469,true,0.8566165247826859,0.8823480108738617,13,13369,false,0,1,0.830677421511786,0.17482890876590818,null
651006,6497394,94829,411580,144597,52450,42379,296126,0,85249,59348,21542,30908,57254,100579,104641,0,20800,64449,28820,30528,190999,6306395,25997,163879,1123,9609,16388,2699,6910,12373,4015,163813,66,73024,90789,66,0,483,640,483,0,640,0,2686847,3619548,661542,2025305,1119642,2499906,n470,false,0.9999965044596605,0.8357536113438091,0,14800,false,0,0,0.6248383514251965,0.6796439295660305,null
651006,6497394,94829,411580,144597,52450,42379,296126,0,85249,59348,21542,30908,57254,100579,104641,0,20800,64449,28820,30528,190999,6306395,25997,163879,1123,9609,16388,2699,6910,12373,4015,163813,66,73024,90789,66,0,483,640,483,0,640,0,2686847,3619548,661542,2025305,1119642,2499906,n472,true,0.18501012852418736,0.29134856870213954,12,868,false,500,5,0.5034852783887975,0.7769951820165264,null
651006,6497394,94829,411580,144597,52450,42379,296126,0,85249,59348,21542,30908,57254,100579,104641,0,20800,64449,28820,30528,190999,6306395,25997,163879,1123,9609,16388,2699,6910,12373,4015,163813,66,73024,90789,66,0,483,640,483,0,640,0,2686847,3619548,661542,2025305,1119642,2499906,n476,false,0.31673430890606935,0.5947115138689201,0,5057,false,500,2,0.8062261354365035,0.9306020120952042,null
651006,6497394,94829,411580,144597,52450,42379,296126,0,85249,59348,21542,30908,57254,100579,104641,0,20800,64449,28820,30528,190999,6306395,25997,163879,1123,9609,16388,2699,6910,12373,4015,163813,66,73024,90789,66,0,483,640,483,0,640,0,2686847,3619548,661542,2025305,1119642,2499906,n477,false,0.2769047178580357,0.5312550177596518,0,1771,false,501,4,0.4907642822281814,0.3742808321944387,null
651006,6497394,94829,411580,144597,52450,42379,296126,0,85249,59348,21542,30908,57254,100579,104641,0,20800,64449,28820,30528,190999,6306395,25997,163879,1123,9609,16388,2699,6910,12373,4015,163813,66,73024,90789,66,0,483,640,483,0,640,0,2686847,3619548,661542,2025305,1119642,2499906,n478,false,0.28837754504166246,0.8088634661836986,0,1672,false,501,2,0.9990566300715766,0.5374534996891001,null
651006,6497394,94829,411580,144597,52450,42379,296126,0,85249,59348,21542,30908,57254,100579,104641,0,20800,64449,28820,30528,190999,6306395,25997,163879,1123,9609,16388,2699,6910,12373,4015,163813,66,73024,90789,66,0,483,640,483,0,640,0,2686847,3619548,661542,2025305,1119642,2499906,n488,false,0.10017344946054048,0.5939062984633291,0,7092,false,500,2,0.6019222609722554,0.6142833055140927,null
651006,6497394,94829,411580,144597,52450,42379,296126,0,85249,59348,21542,30908,57254,100579,104641,0,20800,64449,28820,30528,190999,6306395,25997,163879,1123,9609,16388,2699,6910,12373,4015,163813,66,73024,90789,66,0,483,640,483,0,640,0,2686847,3619548,661542,2025305,1119642,2499906,n489,false,0.6829128464957407,0.004773146962301467,0,10354,false,500,2,0.8671199483882607,0.17761636211561005,null
651006,6497394,94829,411580,144597,52450,42379,296126,0,85249,59348,21542,30908,57254,100579,104641,0,20800,64449,28820,30528,190999,6306395,25997,163879,1123,9609,16388,2699,6910,12373,4015,163813,66,73024,90789,66,0,483,640,483,0,640,0,2686847,3619548,661542,2025305,1119642,2499906,n490,false,0.961522804108884,0.6744406109900799,0,6154,false,500,2,0.2625817190145229,0.0926816308984032,null
651006,6497394,94829,411580,144597,52450,42379,296126,0,85249,59348,21542,30908,57254,100579,104641,0,20800,64449,28820,30528,190999,6306395,25997,163879,1123,9609,16388,2699,6910,12373,4015,163813,66,73024,90789,66,0,483,640,483,0,640,0,2686847,3619548,661542,2025305,1119642,2499906,n505,false,0.5255090090649147,0.9937834253216601,0,14800,false,0,0,0.8178951643443366,0.7739895814809578,null
651006,6497394,94829,411580,144597,52450,42379,296126,0,85249,59348,21542,30908,57254,100579,104641,0,20800,64449,28820,30528,190999,6306395,25997,163879,1123,9609,16388,2699,6910,12373,4015,163813,66,73024,90789,66,0,483,640,483,0,640,0,2686847,3619548,661542,2025305,1119642,2499906,n510,false,0.7581493663102531,0.41200796757741126,0,11397,false,502,4,0.9083507858839484,0.7524331368825388,null
651006,6497394,94829,411580,144597,52450,42379,296126,0,85249,59348,21542,30908,57254,100579,104641,0,20800,64449,28820,30528,190999,6306395,25997,163879,1123,9609,16388,2699,6910,12373,4015,163813,66,73024,90789,66,0,483,640,483,0,640,0,2686847,3619548,661542,2025305,1119642,2499906,n514,false,0.7251836225276141,0.5767040592246071,0,11468,false,500,2,0.9825798356941255,0.2735639562120529,null
651006,6497394,94829,411580,144597,52450,42379,296126,0,85249,59348,21542,30908,57254,100579,104641,0,20800,64449,28820,30528,190999,6306395,25997,163879,1123,9609,16388,2699,6910,12373,4015,163813,66,73024,90789,66,0,483,640,483,0,640,0,2686847,3619548,661542,2025305,1119642,2499906,n520,false,0.5803570720196013,0.4847207619670557,0,3279,false,501,4,0.8627628925958004,0.5961904374663943,null
651006,6497394,94829,411580,144597,52450,42379,296126,0,85249,59348,21542,30908,57254,100579,104641,0,20800,64449,28820,30528,190999,6306395,25997,163879,1123,9609,16388,2699,6910,12373,4015,163813,66,73024,90789,66,0,483,640,483,0,640,0,2686847,3619548,661542,2025305,1119642,2499906,n526,false,0.29258657588504317,0.5522818224922563,0,7089,false,501,4,0.4095364203420707,0.8045067627009612,null
651006,6497394,94829,411580,144597,52450,42379,296126,0,85249,59348,21542,30908,57254,100579,104641,0,20800,64449,28820,30528,190999,6306395,25997,163879,1123,9609,16388,2699,6910,12373,4015,163813,66,73024,90789,66,0,483,640,483,0,640,0,2686847,3619548,661542,2025305,1119642,2499906,n532,true,0.9585844535587886,0.721393185906524,13,14800,false,0,0,0.5345335343716564,0.8945812348078357,null
651006,6497394,94829,411580,144597,52450,42379,296126,0,85249,59348,21542,30908,57254,100579,104641,0,20800,64449,28820,30528,190999,6306395,25997,163879,1123,9609,16388,2699,6910,12373,4015,163813,66,73024,90789,66,0,483,640,483,0,640,0,2686847,3619548,661542,2025305,1119642,2499906,n542,false,0.8130279262519963,0.002075203490979116,0,14800,false,0,0,0.9315953833739353,0.6963485237223587,null
651006,6497394,94829,411580,144597,52450,42379,296126,0,85249,59348,21542,30908,57254,100579,104641,0,20800,64449,28820,30528,190999,6306395,25997,163879,1123,9609,16388,2699,6910,12373,4015,163813,66,73024,90789,66,0,483,640,483,0,640,0,2686847,3619548,661542,2025305,1119642,2499906,n551,false,0.8571486036220306,0.22525478557362205,0,6812,false,500,2,0.7031298354566021,0.2277835024112027,null
651006,6497394,94829,411580,144597,52450,42379,296126,0,85249,59348,21542,30908,57254,100579,104641,0,20800,64449,28820,30528,190999,6306395,25997,163879,1123,9609,16388,2699,6910,12373,4015,163813,66,73024,90789,66,0,483,640,483,0,640,0,2686847,3619548,661542,2025305,1119642,2499906,n553,false,0.3701026754111585,0.1413242434426727,0,4574,false,501,4,0.4720566361787492,0.5411866587023992,null
651006,6497394,94829,411580,144597,52450,42379,296126,0,85249,59348,21542,30908,57254,100579,104641,0,20800,64449,28820,30528,190999,6306395,25997,163879,1123,9609,16388,2699,6910,12373,4015,163813,66,73024,90789,66,0,483,640,483,0,640,0,2686847,3619548,661542,2025305,1119642,2499906,n554,false,0.7303722897243603,0.31794760285325074,0,10617,false,501,3,0.8583541636850454,0.49543758461711573,null
651006,6497394,94829,411580,144597,52450,42379,296126,0,85249,59348,21542,30908,57254,100579,104641,0,20800,64449,28820,30528,190999,6306395,25997,163879,1123,9609,16388,2699,6910,12373,4015,163813,66,73024,90789,66,0,483,640,483,0,640,0,2686847,3619548,661542,2025305,1119642,2499906,n559,false,0.8384533246307015,0.32415102957667263,0,1080,false,503,6,0.027624488986763396,0.7061320639727058,null
651006,6497394,94829,411580,144597,52450,42379,296126,0,85249,59348,21542,30908,57254,100579,104641,0,20800,64449,28820,30528,190999,6306395,25997,163879,1123,9609,16388,2699,6910,12373,4015,163813,66,73024,90789,66,0,483,640,483,0,640,0,2686847,3619548,661542,2025305,1119642,2499906,n562,false,0.49830857044086646,0.599437680946774,0,563,false,501,4,0.9933576976598754,0.23788139632246807,null
651006,6497394,94829,411580,144597,52450,42379,296126,0,85249,59348,21542,30908,57254,100579,104641,0,20800,64449,28820,30528,190999,6306395,25997,163879,1123,9609,16388,2699,6910,12373,4015,163813,66,73024,90789,66,0,483,640,483,0,640,0,2686847,3619548,661542,2025305,1119642,2499906,n565,false,0.20249303170979865,0.44263339908169363,0,2884,false,500,2,0.9571662178995326,0.1204834789838447,null
651006,6497394,94829,411580,144597,52450,42379,296126,0,85249,59348,21542,30908,57254,100579,104641,0,20800,64449,28820,30528,190999,6306395,25997,163879,1123,9609,16388,2699,6910,12373,4015,163813,66,73024,90789,66,0,483,640,483,0,640,0,2686847,3619548,661542,2025305,1119642,2499906,n567,false,0.4841286797207775,0.2929349509816532,0,14800,false,0,0,0.7774639873045621,0.5865076627681758,null
651006,6497394,94829,411580,144597,52450,42379,296126,0,85249,59348,21542,30908,57254,100579,104641,0,20800,64449,28820,30528,190999,6306395,25997,163879,1123,9609,16388,2699,6910,12373,4015,163813,66,73024,90789,66,0,483,640,483,0,640,0,2686847,3619548,661542,2025305,1119642,2499906,n568,false,0.5667560357507955,0.07868586953900147,0,3418,false,500,2,0.9682632955564126,0.5338080674561821,null
651006,6497394,94829,411580,144597,52450,42379,296126,0,85249,59348,21542,30908,57254,100579,104641,0,20800,64449,28820,30528,190999,6306395,25997,163879,1123,9609,16388,2699,6910,12373,4015,163813,66,73024,90789,66,0,483,640,483,0,640,0,2686847,3619548,661542,2025305,1119642,2499906,n573,false,0.9999993976016439,0.26491981220888494,0,5616,false,500,2,0.726894299457086,0.41532191043935546,null
651006,6497394,94829,411580,144597,52450,42379,296126,0,85249,59348,21542,30908,57254,100579,104641,0,20800,64449,28820,30528,190999,6306395,25997,163879,1123,9609,16388,2699,6910,12373,4015,163813,66,73024,90789,66,0,483,640,483,0,640,0,2686847,3619548,661542,2025305,1119642,2499906,n576,false,0.13387276410826884,0.9194978863385341,0,1477,false,502,6,0.7700017265361752,0.10064558794536238,null
651006,6497394,94829,411580,144597,52450,42379,296126,0,85249,59348,21542,30908,57254,100579,104641,0,20800,64449,28820,30528,190999,6306395,25997,163879,1123,9609,16388,2699,6910,12373,4015,163813,66,73024,90789,66,0,483,640,483,0,640,0,2686847,3619548,661542,2025305,1119642,2499906,n585,false,0.8020710578712681,0.2573421061417476,0,8808,false,500,1,0.9987434566990121,0.5541654646581615,null
651006,6497394,94829,411580,144597,52450,42379,296126,0,85249,59348,21542,30908,57254,100579,104641,0,20800,64449,28820,30528,190999,6306395,25997,163879,1123,9609,16388,2699,6910,12373,4015,163813,66,73024,90789,66,0,483,640,483,0,640,0,2686847,3619548,661542,2025305,1119642,2499906,n587,false,0.811120260026582,0.6781249888082846,0,11817,false,500,2,0.9322914283054989,0.1687163860175176,null
651006,6497394,94829,411580,144597,52450,42379,296126,0,85249,59348,21542,30908,57254,100579,104641,0,20800,64449,28820,30528,190999,6306395,25997,163879,1123,9609,16388,2699,6910,12373,4015,163813,66,73024,90789,66,0,483,640,483,0,640,0,2686847,3619548,661542,2025305,1119642,2499906,n597,false,0.9999980317380542,0.47939574573211363,0,5443,false,500,2,0.7298856391840381,0.3833284842688631,null
651006,6497394,94829,411580,144597,52450,42379,296126,0,85249,59348,21542,30908,57254,100579,104641,0,20800,64449,28820,30528,190999,6306395,25997,163879,1123,9609,16388,2699,6910,12373,4015,163813,66,73024,90789,66,0,483,640,483,0,640,0,2686847,3619548,661542,2025305,1119642,2499906,n602,false,0.8752241162070542,0.5629447412425925,0,14800,false,0,0,0.9688087289145685,0.2100139611204046,null
651006,6497394,94829,411580,144597,52450,42379,296126,0,85249,59348,21542,30908,57254,100579,104641,0,20800,64449,28820,30528,190999,6306395,25997,163879,1123,9609,16388,2699,6910,12373,4015,163813,66,73024,90789,66,0,483,640,483,0,640,0,2686847,3619548,661542,2025305,1119642,2499906,n607,false,0.7942020325230476,0.1761524428746457,0,791,false,501,4,0.6766031100372405,0.5322947655201067,null
651006,6497394,94829,411580,144597,52450,42379,296126,0,85249,59348,21542,30908,57254,100579,104641,0,20800,64449,28820,30528,190999,6306395,25997,163879,1123,9609,16388,2699,6910,12373,4015,163813,66,73024,90789,66,0,483,640,483,0,640,0,2686847,3619548,661542,2025305,1119642,2499906,n611,false,0.14393422837612876,0.3269827259880642,0,8410,false,501,2,0.7935661863653489,0.7356490876960936,null
651006,6497394,94829,411580,144597,52450,42379,296126,0,85249,59348,21542,30908,57254,100579,104641,0,20800,64449,28820,30528,190999,6306395,25997,163879,1123,9609,16388,2699,6910,12373,4015,163813,66,73024,90789,66,0,483,640,483,0,640,0,2686847,3619548,661542,2025305,1119642,2499906,n612,false,0.6063338970989156,0.7138397457394344,0,2617,false,501,4,0.3734949380317477,0.058730899877553755,null
651006,6497394,94829,411580,144597,52450,42379,296126,0,85249,59348,21542,30908,57254,100579,104641,0,20800,64449,28820,30528,190999,6306395,25997,163879,1123,9609,16388,2699,6910,12373,4015,163813,66,73024,90789,66,0,483,640,483,0,640,0,2686847,3619548,661542,2025305,1119642,2499906,n616,false,0.8006929998698393,0.5175995530916417,0,3630,false,500,2,0.9372035450103767,0.2140386330126024,null
651006,6497394,94829,411580,144597,52450,42379,296126,0,85249,59348,21542,30908,57254,100579,104641,0,20800,64449,28820,30528,190999,6306395,25997,163879,1123,9609,16388,2699,6910,12373,4015,163813,66,73024,90789,66,0,483,640,483,0,640,0,2686847,3619548,661542,2025305,1119642,2499906,n621,false,0.9999981789891237,0.4777296042616025,0,8970,false,501,3,0.7046667773281822,0.048876299881723706,null
651006,6497394,94829,411580,144597,52450,42379,296126,0,85249,59348,21542,30908,57254,100579,104641,0,20800,64449,28820,30528,190999,6306395,25997,163879,1123,9609,16388,2699,6910,12373,4015,163813,66,73024,90789,66,0,483,640,483,0,640,0,2686847,3619548,661542,2025305,1119642,2499906,n623,false,0.3370404236124915,0.4404708307268451,0,3758,false,501,4,0.9641613124344581,0.6039859566946466,null
651006,6497394,94829,411580,144597,52450,42379,296126,0,85249,59348,21542,30908,57254,100579,104641,0,20800,64449,28820,30528,190999,6306395,25997,163879,1123,9609,16388,2699,6910,12373,4015,163813,66,73024,90789,66,0,483,640,483,0,640,0,2686847,3619548,661542,2025305,1119642,2499906,n627,false,0.10713235684873083,0.6920255025683804,0,356,false,502,6,0.850415363180053,0.448474658067289,null
651006,6497394,94829,411580,144597,52450,42379,296126,0,85249,59348,21542,30908,57254,100579,104641,0,20800,64449,28820,30528,190999,6306395,25997,163879,1123,9609,16388,2699,6910,12373,4015,163813,66,73024,90789,66,0,483,640,483,0,640,0,2686847,3619548,661542,2025305,1119642,2499906,n628,true,0.6838223792855991,0.2316601274095838,13,7324,false,500,2,0.9416907882447181,0.9141199341403898,null
651006,6497394,94829,411580,144597,52450,42379,296126,0,85249,59348,21542,30908,57254,100579,104641,0,20800,64449,28820,30528,190999,6306395,25997,163879,1123,9609,16388,2699,6910,12373,4015,163813,66,73024,90789,66,0,483,640,483,0,640,0,2686847,3619548,661542,2025305,1119642,2499906,n629,false,0.8784441527995976,0.04869344022729305,0,639,false,504,9,0.736454696494078,0.08762383717682487,null
651006,6497394,94829,411580,144597,52450,42379,296126,0,85249,59348,21542,30908,57254,100579,104641,0,20800,64449,28820,30528,190999,6306395,25997,163879,1123,9609,16388,2699,6910,12373,4015,163813,66,73024,90789,66,0,483,640,483,0,640,0,2686847,3619548,661542,2025305,1119642,2499906,n634,false,0.7380989342488344,0.987388984826433,0,3302,false,502,4,0.8442063138997338,0.24200186806722435,null
651006,6497394,94829,411580,144597,52450,42379,296126,0,85249,59348,21542,30908,57254,100579,104641,0,20800,64449,28820,30528,190999,6306395,25997,163879,1123,9609,16388,2699,6910,12373,4015,163813,66,73024,90789,66,0,483,640,483,0,640,0,2686847,3619548,661542,2025305,1119642,2499906,n635,false,0.6790151359892422,0.6209284003627288,0,14791,false,500,1,0.7589602098142397,0.12073830484711512,null
651006,6497394,94829,411580,144597,52450,42379,296126,0,85249,59348,21542,30908,57254,100579,104641,0,20800,64449,28820,30528,190999,6306395,25997,163879,1123,9609,16388,2699,6910,12373,4015,163813,66,73024,90789,66,0,483,640,483,0,640,0,2686847,3619548,661542,2025305,1119642,2499906,n640,false,0.8901390792208483,0.6372570750253288,0,14799,false,500,1,0.5318972252065086,0.5431066178813466,null
651006,6497394,94829,411580,144597,52450,42379,296126,0,85249,59348,21542,30908,57254,100579,104641,0,20800,64449,28820,30528,190999,6306395,25997,163879,1123,9609,16388,2699,6910,12373,4015,163813,66,73024,90789,66,0,483,640,483,0,640,0,2686847,3619548,661542,2025305,1119642,2499906,n641,false,0.09974175398066068,0.5990584815063851,0,4,false,501,4,0.5056268424200545,0.18534675555329538,null
651006,6497394,94829,411580,144597,52450,42379,296126,0,85249,59348,21542,30908,57254,100579,104641,0,20800,64449,28820,30528,190999,6306395,25997,163879,1123,9609,16388,2699,6910,12373,4015,163813,66,73024,90789,66,0,483,640,483,0,640,0,2686847,3619548,661542,2025305,1119642,2499906,n642,false,0.5949063403815605,0.58748635138042,0,8674,false,500,2,0.7646647258312402,0.7231042153550176,null
651006,6497394,94829,411580,144597,52450,42379,296126,0,85249,59348,21542,30908,57254,100579,104641,0,20800,64449,28820,30528,190999,6306395,25997,163879,1123,9609,16388,2699,6910,12373,4015,163813,66,73024,90789,66,0,483,640,483,0,640,0,2686847,3619548,661542,2025305,1119642,2499906,n654,false,0.9999969459062948,0.0468470605461212,0,206,false,502,6,0.4898185307688112,0.3810330689462952,null
651006,6497394,94829,411580,144597,52450,42379,296126,0,85249,59348,21542,30908,57254,100579,104641,0,20800,64449,28820,30528,190999,6306395,25997,163879,1123,9609,16388,2699,6910,12373,4015,163813,66,73024,90789,66,0,483,640,483,0,640,0,2686847,3619548,661542,2025305,1119642,2499906,n657,false,0.4690959926506315,0.43334274567503944,0,513,false,504,10,0.7537845265275026,0.43540522058718495,null
651006,6497394,94829,411580,144597,52450,42379,296126,0,85249,59348,21542,30908,57254,100579,104641,0,20800,64449,28820,30528,190999,6306395,25997,163879,1123,9609,16388,2699,6910,12373,4015,163813,66,73024,90789,66,0,483,640,483,0,640,0,2686847,3619548,661542,2025305,1119642,2499906,n659,false,0.9628822239342868,0.8245041525941972,0,3382,false,501,4,0.6214646936786901,0.1917076778168364,null
651006,6497394,94829,411580,144597,52450,42379,296126,0,85249,59348,21542,30908,57254,100579,104641,0,20800,64449,28820,30528,190999,6306395,25997,163879,1123,9609,16388,2699,6910,12373,4015,163813,66,73024,90789,66,0,483,640,483,0,640,0,2686847,3619548,661542,2025305,1119642,2499906,n662,false,0.960754665018438,0.23030227177276902,0,12650,false,500,2,0.694458929052168,0.16173040498408753,null
651006,6497394,94829,411580,144597,52450,42379,296126,0,85249,59348,21542,30908,57254,100579,104641,0,20800,64449,28820,30528,190999,6306395,25997,163879,1123,9609,16388,2699,6910,12373,4015,163813,66,73024,90789,66,0,483,640,483,0,640,0,2686847,3619548,661542,2025305,1119642,2499906,n671,false,0.3425692582425551,0.4871813912636236,0,5327,false,501,6,0.47713646006095256,0.6645076860656638,null
651006,6497394,94829,411580,144597,52450,42379,296126,0,85249,59348,21542,30908,57254,100579,104641,0,20800,64449,28820,30528,190999,6306395,25997,163879,1123,9609,16388,2699,6910,12373,4015,163813,66,73024,90789,66,0,483,640,483,0,640,0,2686847,3619548,661542,2025305,1119642,2499906,n672,false,0.06910046609628458,0.46870783391176407,0,6443,false,502,6,0.4970657575369423,0.27484567373808755,null
651006,6497394,94829,411580,144597,52450,42379,296126,0,85249,59348,21542,30908,57254,100579,104641,0,20800,64449,28820,30528,190999,6306395,25997,163879,1123,9609,16388,2699,6910,12373,4015,163813,66,73024,90789,66,0,483,640,483,0,640,0,2686847,3619548,661542,2025305,1119642,2499906,n679,false,0.999995874223027,0.013196775596873933,0,3836,false,501,4,0.9658252103859327,0.11900780293538893,null
651006,6497394,94829,411580,144597,52450,42379,296126,0,85249,59348,21542,30908,57254,100579,104641,0,20800,64449,28820,30528,190999,6306395,25997,163879,1123,9609,16388,2699,6910,12373,4015,163813,66,73024,90789,66,0,483,640,483,0,640,0,2686847,3619548,661542,2025305,1119642,2499906,n680,false,0.6278539785513683,0.499645369424925,0,120,true,120,2,0.6123356352475225,0.07068720992676059,null
651006,6497394,94829,411580,144597,52450,42379,296126,0,85249,59348,21542,30908,57254,100579,104641,0,20800,64449,28820,30528,190999,6306395,25997,163879,1123,9609,16388,2699,6910,12373,4015,163813,66,73024,90789,66,0,483,640,483,0,640,0,2686847,3619548,661542,2025305,1119642,2499906,n687,false,0.17955103320789903,0.36846639052385155,0,1815,false,502,6,0.7178295295490518,0.2997300024622438,null
651006,6497394,94829,411580,144597,52450,42379,296126,0,85249,59348,21542,30908,57254,100579,104641,0,20800,64449,28820,30528,190999,6306395,25997,163879,1123,9609,16388,2699,6910,12373,4015,163813,66,73024,90789,66,0,483,640,483,0,640,0,2686847,3619548,661542,2025305,1119642,2499906,n693,false,0.8429992037561469,0.2533549600120007,0,5330,false,501,4,0.19674334929854498,0.4119103191258727,null
651006,6497394,94829,411580,144597,52450,42379,296126,0,85249,59348,21542,30908,57254,100579,104641,0,20800,64449,28820,30528,190999,6306395,25997,163879,1123,9609,16388,2699,6910,12373,4015,163813,66,73024,90789,66,0,483,640,483,0,640,0,2686847,3619548,661542,2025305,1119642,2499906,n695,false,0.9964230448049546,0.9905704769731379,0,7093,false,501,3,0.3255199229633996,0.1475623622302219,null
651006,6497394,94829,411580,144597,52450,42379,296126,0,85249,59348,21542,30908,57254,100579,104641,0,20800,64449,28820,30528,190999,6306395,25997,163879,1123,9609,16388,2699,6910,12373,4015,163813,66,73024,90789,66,0,483,640,483,0,640,0,2686847,3619548,661542,2025305,1119642,2499906,n696,false,0.21474950794777997,0.6067131579704323,0,14800,false,0,0,0.6619869114411323,0.6008963875688085,null
651006,6497394,94829,411580,144597,52450,42379,296126,0,85249,59348,21542,30908,57254,100579,104641,0,20800,64449,28820,30528,190999,6306395,25997,163879,1123,9609,16388,2699,6910,12373,4015,163813,66,73024,90789,66,0,483,640,483,0,640,0,2686847,3619548,661542,2025305,1119642,2499906,n704,false,0.6104951742393685,0.7934774789705009,0,1793,false,501,6,0.686729181259963,0.07254566195042877,null
651006,6497394,94829,411580,144597,52450,42379,296126,0,85249,59348,21542,30908,57254,100579,104641,0,20800,64449,28820,30528,190999,6306395,25997,163879,1123,9609,16388,2699,6910,12373,4015,163813,66,73024,90789,66,0,483,640,483,0,640,0,2686847,3619548,661542,2025305,1119642,2499906,n715,true,0.9999864856788094,0.8268892849102154,11,5503,false,500,1,0.49256526871109624,0.22296649285984116,null
651006,6497394,94829,411580,144597,52450,42379,296126,0,85249,59348,21542,30908,57254,100579,104641,0,20800,64449,28820,30528,190999,6306395,25997,163879,1123,9609,16388,2699,6910,12373,4015,163813,66,73024,90789,66,0,483,640,483,0,640,0,2686847,3619548,661542,2025305,1119642,2499906,n719,false,0.9999967167035418,0.1196179877313236,0,10709,false,500,1,0.7319403044161381,0.3768840844284444,null
651006,6497394,94829,411580,144597,52450,42379,296126,0,85249,59348,21542,30908,57254,100579,104641,0,20800,64449,28820,30528,190999,6306395,25997,163879,1123,9609,16388,2699,6910,12373,4015,163813,66,73024,90789,66,0,483,640,483,0,640,0,2686847,3619548,661542,2025305,1119642,2499906,n720,false,0.4262335597303175,0.8390751289029904,0,14800,false,0,0,0.7078580699694311,0.18323097865699345,null
651006,6497394,94829,411580,144597,52450,42379,296126,0,85249,59348,21542,30908,57254,100579,104641,0,20800,64449,28820,30528,190999,6306395,25997,163879,1123,9609,16388,2699,6910,12373,4015,163813,66,73024,90789,66,0,483,640,483,0,640,0,2686847,3619548,661542,2025305,1119642,2499906,n728,false,0.9999994566672019,0.7296939217349491,0,1222,false,501,4,0.7330540393405769,0.4646054106645029,null
651006,6497394,94829,411580,144597,52450,42379,296126,0,85249,59348,21542,30908,57254,100579,104641,0,20800,64449,28820,30528,190999,6306395,25997,163879,1123,9609,16388,2699,6910,12373,4015,163813,66,73024,90789,66,0,483,640,483,0,640,0,2686847,3619548,661542,2025305,1119642,2499906,n730,false,0.9335192725559698,0.565490954601264,0,8476,false,500,2,0.4771059354866101,0.1516922466462196,null
651006,6497394,94829,411580,144597,52450,42379,296126,0,85249,59348,21542,30908,57254,100579,104641,0,20800,64449,28820,30528,190999,6306395,25997,163879,1123,9609,16388,2699,6910,12373,4015,163813,66,73024,90789,66,0,483,640,483,0,640,0,2686847,3619548,661542,2025305,1119642,2499906,n736,false,0.9805615338794101,0.6709194432622122,0,5283,false,501,4,0.9088663401086193,0.5097404976244351,null
651006,6497394,94829,411580,144597,52450,42379,296126,0,85249,59348,21542,30908,57254,100579,104641,0,20800,64449,28820,30528,190999,6306395,25997,163879,1123,9609,16388,2699,6910,12373,4015,163813,66,73024,90789,66,0,483,640,483,0,640,0,2686847,3619548,661542,2025305,1119642,2499906,n742,true,0.6819006777773937,0.5756575009127974,14,14800,false,0,0,0.7984326467119207,0.9862260168384702,null
651006,6497394,94829,411580,144597,52450,42379,296126,0,85249,59348,21542,30908,57254,100579,104641,0,20800,64449,28820,30528,190999,6306395,25997,163879,1123,9609,16388,2699,6910,12373,4015,163813,66,73024,90789,66,0,483,640,483,0,640,0,2686847,3619548,661542,2025305,1119642,2499906,n743,false,0.4666497127051864,0.8330125858332995,0,14800,false,0,0,0.553909158419345,0.28985362057965436,null
651006,6497394,94829,411580,144597,52450,42379,296126,0,85249,59348,21542,30908,57254,100579,104641,0,20800,64449,28820,30528,190999,6306395,25997,163879,1123,9609,16388,2699,6910,12373,4015,163813,66,73024,90789,66,0,483,640,483,0,640,0,2686847,3619548,661542,2025305,1119642,2499906,n746,false,0.3930615164075822,0.9723497384439475,0,8305,false,500,1,0.31336057130886075,0.6713556004523342,null
651006,6497394,94829,411580,144597,52450,42379,296126,0,85249,59348,21542,30908,57254,100579,104641,0,20800,64449,28820,30528,190999,6306395,25997,163879,1123,9609,16388,2699,6910,12373,4015,163813,66,73024,90789,66,0,483,640,483,0,640,0,2686847,3619548,661542,2025305,1119642,2499906,n747,false,0.8396219546139713,0.6134044865602657,0,7533,false,500,2,0.9062658122542943,0.728674778966696,null
651006,6497394,94829,411580,144597,52450,42379,296126,0,85249,59348,21542,30908,57254,100579,104641,0,20800,64449,28820,30528,190999,6306395,25997,163879,1123,9609,16388,2699,6910,12373,4015,163813,66,73024,90789,66,0,483,640,483,0,640,0,2686847,3619548,661542,2025305,1119642,2499906,n749,false,0.5559960703875079,0.4386172145726728,0,11646,false,500,3,0.7137353115960845,0.6965213493429455,null
651006,6497394,94829,411580,144597,52450,42379,296126,0,85249,59348,21542,30908,57254,100579,104641,0,20800,64449,28820,30528,190999,6306395,25997,163879,1123,9609,16388,2699,6910,12373,4015,163813,66,73024,90789,66,0,483,640,483,0,640,0,2686847,3619548,661542,2025305,1119642,2499906,n754,false,0.5439621843977622,0.6192552333807573,0,974,false,500,2,0.5968078205497609,0.2861928516289075,null
651006,6497394,94829,411580,144597,52450,42379,296126,0,85249,59348,21542,30908,57254,100579,104641,0,20800,64449,28820,30528,190999,6306395,25997,163879,1123,9609,16388,2699,6910,12373,4015,163813,66,73024,90789,66,0,483,640,483,0,640,0,2686847,3619548,661542,2025305,1119642,2499906,n759,false,0.3751663191279638,0.3829713352659927,0,11379,false,501,2,0.6705483833195438,0.9719136547311529,null
651006,6497394,94829,411580,144597,52450,42379,296126,0,85249,59348,21542,30908,57254,100579,104641,0,20800,64449,28820,30528,190999,6306395,25997,163879,1123,9609,16388,2699,6910,12373,4015,163813,66,73024,90789,66,0,483,640,483,0,640,0,2686847,3619548,661542,2025305,1119642,2499906,n760,true,0.9955826472782683,0.6513784002422092,11,14800,false,0,0,0.8638545404064442,0.6508538314856658,null
651006,6497394,94829,411580,144597,52450,42379,296126,0,85249,59348,21542,30908,57254,100579,104641,0,20800,64449,28820,30528,190999,6306395,25997,163879,1123,9609,16388,2699,6910,12373,4015,163813,66,73024,90789,66,0,483,640,483,0,640,0,2686847,3619548,661542,2025305,1119642,2499906,n765,false,0.9679827070288709,0.7808296309111443,0,660,false,500,2,0.9257754158774988,0.7335104771960463,null
651006,6497394,94829,411580,144597,52450,42379,296126,0,85249,59348,21542,30908,57254,100579,104641,0,20800,64449,28820,30528,190999,6306395,25997,163879,1123,9609,16388,2699,6910,12373,4015,163813,66,73024,90789,66,0,483,640,483,0,640,0,2686847,3619548,661542,2025305,1119642,2499906,n773,false,0.9999954096279552,0.5120932802015596,0,714,false,504,9,0.9541641567443784,0.08538037297508305,null
651006,6497394,94829,411580,144597,52450,42379,296126,0,85249,59348,21542,30908,57254,100579,104641,0,20800,64449,28820,30528,190999,6306395,25997,163879,1123,9609,16388,2699,6910,12373,4015,163813,66,73024,90789,66,0,483,640,483,0,640,0,2686847,3619548,661542,2025305,1119642,2499906,n777,false,0.9999967049694216,0.9151585761369401,0,1126,false,502,6,0.3181814188111365,0.4913979164405667,null
651006,6497394,94829,411580,144597,52450,42379,296126,0,85249,59348,21542,30908,57254,100579,104641,0,20800,64449,28820,30528,190999,6306395,25997,163879,1123,9609,16388,2699,6910,12373,4015,163813,66,73024,90789,66,0,483,640,483,0,640,0,2686847,3619548,661542,2025305,1119642,2499906,n780,false,0.5233390310281442,4.365908034894561E-4,0,10285,false,500,2,0.7655382588837203,0.09758531675452364,null
651006,6497394,94829,411580,144597,52450,42379,296126,0,85249,59348,21542,30908,57254,100579,104641,0,20800,64449,28820,30528,190999,6306395,25997,163879,1123,9609,16388,2699,6910,12373,4015,163813,66,73024,90789,66,0,483,640,483,0,640,0,2686847,3619548,661542,2025305,1119642,2499906,n786,true,0.023380941575223416,0.5095920203753158,14,6182,false,500,2,0.8282732823976959,0.8892013667207033,null
651006,6497394,94829,411580,144597,52450,42379,296126,0,85249,59348,21542,30908,57254,100579,104641,0,20800,64449,28820,30528,190999,6306395,25997,163879,1123,9609,16388,2699,6910,12373,4015,163813,66,73024,90789,66,0,483,640,483,0,640,0,2686847,3619548,661542,2025305,1119642,2499906,n794,false,0.9657273329368998,0.3896843981531421,0,1316,false,500,2,0.9628000148206498,0.2617422613518361,null
651006,6497394,94829,411580,144597,52450,42379,296126,0,85249,59348,21542,30908,57254,100579,104641,0,20800,64449,28820,30528,190999,6306395,25997,163879,1123,9609,16388,2699,6910,12373,4015,163813,66,73024,90789,66,0,483,640,483,0,640,0,2686847,3619548,661542,2025305,1119642,2499906,n800,true,0.5576180315677707,0.5260142901038566,0,4761,false,0,1,0.6855578606481434,0.5387611914343089,null
651006,6497394,94829,411580,144597,52450,42379,296126,0,85249,59348,21542,30908,57254,100579,104641,0,20800,64449,28820,30528,190999,6306395,25997,163879,1123,9609,16388,2699,6910,12373,4015,163813,66,73024,90789,66,0,483,640,483,0,640,0,2686847,3619548,661542,2025305,1119642,2499906,n806,false,0.7264480437017016,0.812875468837111,0,14800,false,0,0,0.6026114573882737,0.178996341501227,null
651006,6497394,94829,411580,144597,52450,42379,296126,0,85249,59348,21542,30908,57254,100579,104641,0,20800,64449,28820,30528,190999,6306395,25997,163879,1123,9609,16388,2699,6910,12373,4015,163813,66,73024,90789,66,0,483,640,483,0,640,0,2686847,3619548,661542,2025305,1119642,2499906,n808,false,0.40325522078656934,0.34712414782394674,0,14798,false,500,1,0.3981656288995674,0.5934494472693986,null
651006,6497394,94829,411580,144597,52450,42379,296126,0,85249,59348,21542,30908,57254,100579,104641,0,20800,64449,28820,30528,190999,6306395,25997,163879,1123,9609,16388,2699,6910,12373,4015,163813,66,73024,90789,66,0,483,640,483,0,640,0,2686847,3619548,661542,2025305,1119642,2499906,n814,false,0.7301389195308726,0.7818385422020323,0,3996,false,503,8,0.9238836236944697,0.33858921976947626,null
651006,6497394,94829,411580,144597,52450,42379,296126,0,85249,59348,21542,30908,57254,100579,104641,0,20800,64449,28820,30528,190999,6306395,25997,163879,1123,9609,16388,2699,6910,12373,4015,163813,66,73024,90789,66,0,483,640,483,0,640,0,2686847,3619548,661542,2025305,1119642,2499906,n818,false,0.5555910537323744,0.7385003191027781,0,7104,false,501,4,0.8107838453361986,0.3230040412806199,null
651006,6497394,94829,411580,144597,52450,42379,296126,0,85249,59348,21542,30908,57254,100579,104641,0,20800,64449,28820,30528,190999,6306395,25997,163879,1123,9609,16388,2699,6910,12373,4015,163813,66,73024,90789,66,0,483,640,483,0,640,0,2686847,3619548,661542,2025305,1119642,2499906,n822,false,0.6989362885632708,0.48547704270759817,0,2176,false,500,2,0.6814636645724732,0.3924734531617074,null
651006,6497394,94829,411580,144597,52450,42379,296126,0,85249,59348,21542,30908,57254,100579,104641,0,20800,64449,28820,30528,190999,6306395,25997,163879,1123,9609,16388,2699,6910,12373,4015,163813,66,73024,90789,66,0,483,640,483,0,640,0,2686847,3619548,661542,2025305,1119642,2499906,n833,false,0.553938416590629,0.6560198730780418,0,1805,false,502,6,0.7344926747403471,0.5709049021337886,null
651006,6497394,94829,411580,144597,52450,42379,296126,0,85249,59348,21542,30908,57254,100579,104641,0,20800,64449,28820,30528,190999,6306395,25997,163879,1123,9609,16388,2699,6910,12373,4015,163813,66,73024,90789,66,0,483,640,483,0,640,0,2686847,3619548,661542,2025305,1119642,2499906,n844,false,0.8026275401661793,0.14008741664375535,0,2374,false,501,3,0.7890312992876889,0.8705271812470445,null
651006,6497394,94829,411580,144597,52450,42379,296126,0,85249,59348,21542,30908,57254,100579,104641,0,20800,64449,28820,30528,190999,6306395,25997,163879,1123,9609,16388,2699,6910,12373,4015,163813,66,73024,90789,66,0,483,640,483,0,640,0,2686847,3619548,661542,2025305,1119642,2499906,n855,false,0.91887877539229,0.5651025364438368,0,339,false,502,4,0.13231345767847136,0.957981709186442,null
651006,6497394,94829,411580,144597,52450,42379,296126,0,85249,59348,21542,30908,57254,100579,104641,0,20800,64449,28820,30528,190999,6306395,25997,163879,1123,9609,16388,2699,6910,12373,4015,163813,66,73024,90789,66,0,483,640,483,0,640,0,2686847,3619548,661542,2025305,1119642,2499906,n859,false,0.12604560364746478,0.31490602450337163,0,14800,false,0,0,0.7985986997697374,0.6965165450052275,null
651006,6497394,94829,411580,144597,52450,42379,296126,0,85249,59348,21542,30908,57254,100579,104641,0,20800,64449,28820,30528,190999,6306395,25997,163879,1123,9609,16388,2699,6910,12373,4015,163813,66,73024,90789,66,0,483,640,483,0,640,0,2686847,3619548,661542,2025305,1119642,2499906,n861,false,0.7415277979049304,0.6981571959003331,0,14799,false,500,1,0.8148842560459363,0.21967715720855685,null
651006,6497394,94829,411580,144597,52450,42379,296126,0,85249,59348,21542,30908,57254,100579,104641,0,20800,64449,28820,30528,190999,6306395,25997,163879,1123,9609,16388,2699,6910,12373,4015,163813,66,73024,90789,66,0,483,640,483,0,640,0,2686847,3619548,661542,2025305,1119642,2499906,n864,false,0.2419700498439331,1.0816769015609129E-4,0,14800,false,500,0,0.5743319701832357,0.5849412372491756,null
651006,6497394,94829,411580,144597,52450,42379,296126,0,85249,59348,21542,30908,57254,100579,104641,0,20800,64449,28820,30528,190999,6306395,25997,163879,1123,9609,16388,2699,6910,12373,4015,163813,66,73024,90789,66,0,483,640,483,0,640,0,2686847,3619548,661542,2025305,1119642,2499906,n866,false,0.2435406685868077,0.09147988939541707,0,14800,false,500,0,0.7257442605227588,0.3308837324731748,null
651006,6497394,94829,411580,144597,52450,42379,296126,0,85249,59348,21542,30908,57254,100579,104641,0,20800,64449,28820,30528,190999,6306395,25997,163879,1123,9609,16388,2699,6910,12373,4015,163813,66,73024,90789,66,0,483,640,483,0,640,0,2686847,3619548,661542,2025305,1119642,2499906,n867,true,0.6918554527228185,0.13158270916647685,16,3667,false,501,3,0.8770150245907185,0.3390012353154912,null
651006,6497394,94829,411580,144597,52450,42379,296126,0,85249,59348,21542,30908,57254,100579,104641,0,20800,64449,28820,30528,190999,6306395,25997,163879,1123,9609,16388,2699,6910,12373,4015,163813,66,73024,90789,66,0,483,640,483,0,640,0,2686847,3619548,661542,2025305,1119642,2499906,n873,false,0.9156927674233969,0.39635777087526797,0,4818,false,500,2,0.6756165671405792,0.5349155145680585,null
651006,6497394,94829,411580,144597,52450,42379,296126,0,85249,59348,21542,30908,57254,100579,104641,0,20800,64449,28820,30528,190999,6306395,25997,163879,1123,9609,16388,2699,6910,12373,4015,163813,66,73024,90789,66,0,483,640,483,0,640,0,2686847,3619548,661542,2025305,1119642,2499906,n877,false,0.5631651514289964,0.004857968181270267,0,7338,false,500,4,0.6296969467543083,0.5445009273876995,null
651006,6497394,94829,411580,144597,52450,42379,296126,0,85249,59348,21542,30908,57254,100579,104641,0,20800,64449,28820,30528,190999,6306395,25997,163879,1123,9609,16388,2699,6910,12373,4015,163813,66,73024,90789,66,0,483,640,483,0,640,0,2686847,3619548,661542,2025305,1119642,2499906,n884,false,0.7492576942978847,0.9514338553029222,0,277,false,501,2,0.7757034039017381,0.35315175803886756,null
651006,6497394,94829,411580,144597,52450,42379,296126,0,85249,59348,21542,30908,57254,100579,104641,0,20800,64449,28820,30528,190999,6306395,25997,163879,1123,9609,16388,2699,6910,12373,4015,163813,66,73024,90789,66,0,483,640,483,0,640,0,2686847,3619548,661542,2025305,1119642,2499906,n889,false,0.6831226121326691,0.5266279993980161,0,3341,false,503,6,0.860691990592054,0.4544971568112805,null
651006,6497394,94829,411580,144597,52450,42379,296126,0,85249,59348,21542,30908,57254,100579,104641,0,20800,64449,28820,30528,190999,6306395,25997,163879,1123,9609,16388,2699,6910,12373,4015,163813,66,73024,90789,66,0,483,640,483,0,640,0,2686847,3619548,661542,2025305,1119642,2499906,n897,true,0.9999875673994004,0.24040899186234116,7,1362,false,500,3,0.6874335518058745,0.7900547996493585,null
651006,6497394,94829,411580,144597,52450,42379,296126,0,85249,59348,21542,30908,57254,100579,104641,0,20800,64449,28820,30528,190999,6306395,25997,163879,1123,9609,16388,2699,6910,12373,4015,163813,66,73024,90789,66,0,483,640,483,0,640,0,2686847,3619548,661542,2025305,1119642,2499906,n901,false,0.6040156802986758,0.35237483524914875,0,14800,false,0,0,0.8052442868566423,0.6273780841663481,null
651006,6497394,94829,411580,144597,52450,42379,296126,0,85249,59348,21542,30908,57254,100579,104641,0,20800,64449,28820,30528,190999,6306395,25997,163879,1123,9609,16388,2699,6910,12373,4015,163813,66,73024,90789,66,0,483,640,483,0,640,0,2686847,3619548,661542,2025305,1119642,2499906,n902,false,0.09247126112470007,0.8651999983955894,0,4318,false,500,2,0.49955869741336417,0.7131290626659421,null
651006,6497394,94829,411580,144597,52450,42379,296126,0,85249,59348,21542,30908,57254,100579,104641,0,20800,64449,28820,30528,190999,6306395,25997,163879,1123,9609,16388,2699,6910,12373,4015,163813,66,73024,90789,66,0,483,640,483,0,640,0,2686847,3619548,661542,2025305,1119642,2499906,n906,false,0.4175322832382146,0.8863429051032325,0,14800,false,0,0,0.18502517233790206,0.7840472253164871,null
651006,6497394,94829,411580,144597,52450,42379,296126,0,85249,59348,21542,30908,57254,100579,104641,0,20800,64449,28820,30528,190999,6306395,25997,163879,1123,9609,16388,2699,6910,12373,4015,163813,66,73024,90789,66,0,483,640,483,0,640,0,2686847,3619548,661542,2025305,1119642,2499906,n914,false,0.9617198047918286,0.35411295218102185,0,4160,false,500,2,0.956765221780792,0.28520436237510194,null
651006,6497394,94829,411580,144597,52450,42379,296126,0,85249,59348,21542,30908,57254,100579,104641,0,20800,64449,28820,30528,190999,6306395,25997,163879,1123,9609,16388,2699,6910,12373,4015,163813,66,73024,90789,66,0,483,640,483,0,640,0,2686847,3619548,661542,2025305,1119642,2499906,n916,true,0.7191176136553096,0.9213258986234213,27,10286,false,0,1,0.4592376651849718,0.4802198888674485,null
651006,6497394,94829,411580,144597,52450,42379,296126,0,85249,59348,21542,30908,57254,100579,104641,0,20800,64449,28820,30528,190999,6306395,25997,163879,1123,9609,16388,2699,6910,12373,4015,163813,66,73024,90789,66,0,483,640,483,0,640,0,2686847,3619548,661542,2025305,1119642,2499906,n919,false,0.07046200916657883,0.8490905908591081,0,10691,false,502,5,0.3379313006533625,0.6963307651810704,null
651006,6497394,94829,411580,144597,52450,42379,296126,0,85249,59348,21542,30908,57254,100579,104641,0,20800,64449,28820,30528,190999,6306395,25997,163879,1123,9609,16388,2699,6910,12373,4015,163813,66,73024,90789,66,0,483,640,483,0,640,0,2686847,3619548,661542,2025305,1119642,2499906,n923,false,0.9999999796544611,0.43015697175627166,0,12877,false,502,4,0.7031422789719945,0.7389372928793904,null
651006,6497394,94829,411580,144597,52450,42379,296126,0,85249,59348,21542,30908,57254,100579,104641,0,20800,64449,28820,30528,190999,6306395,25997,163879,1123,9609,16388,2699,6910,12373,4015,163813,66,73024,90789,66,0,483,640,483,0,640,0,2686847,3619548,661542,2025305,1119642,2499906,n928,false,0.8916802481318062,0.464164334612838,0,3372,false,502,5,0.9704371830941823,0.3258199430112031,null
651006,6497394,94829,411580,144597,52450,42379,296126,0,85249,59348,21542,30908,57254,100579,104641,0,20800,64449,28820,30528,190999,6306395,25997,163879,1123,9609,16388,2699,6910,12373,4015,163813,66,73024,90789,66,0,483,640,483,0,640,0,2686847,3619548,661542,2025305,1119642,2499906,n929,false,0.07618180115028356,0.43133360055302516,0,14800,false,0,0,0.5321671579391913,0.6134406342361912,null
651006,6497394,94829,411580,144597,52450,42379,296126,0,85249,59348,21542,30908,57254,100579,104641,0,20800,64449,28820,30528,190999,6306395,25997,163879,1123,9609,16388,2699,6910,12373,4015,163813,66,73024,90789,66,0,483,640,483,0,640,0,2686847,3619548,661542,2025305,1119642,2499906,n932,true,0.748447553634826,0.930573329052309,6,10404,false,500,1,0.8853722463387326,0.5836849859650568,null
651006,6497394,94829,411580,144597,52450,42379,296126,0,85249,59348,21542,30908,57254,100579,104641,0,20800,64449,28820,30528,190999,6306395,25997,163879,1123,9609,16388,2699,6910,12373,4015,163813,66,73024,90789,66,0,483,640,483,0,640,0,2686847,3619548,661542,2025305,1119642,2499906,n934,false,0.7447905982021801,0.07658607296303377,0,2696,false,503,7,0.5781462932613938,0.7000366436578931,null
651006,6497394,94829,411580,144597,52450,42379,296126,0,85249,59348,21542,30908,57254,100579,104641,0,20800,64449,28820,30528,190999,6306395,25997,163879,1123,9609,16388,2699,6910,12373,4015,163813,66,73024,90789,66,0,483,640,483,0,640,0,2686847,3619548,661542,2025305,1119642,2499906,n938,false,0.3396336949905448,0.946243970450358,0,3682,false,500,2,0.3868911491920255,0.6980946016457494,null
651006,6497394,94829,411580,144597,52450,42379,296126,0,85249,59348,21542,30908,57254,100579,104641,0,20800,64449,28820,30528,190999,6306395,25997,163879,1123,9609,16388,2699,6910,12373,4015,163813,66,73024,90789,66,0,483,640,483,0,640,0,2686847,3619548,661542,2025305,1119642,2499906,n948,false,0.9835075108655852,0.4384333231686431,0,3185,false,500,2,0.9366246921746678,0.5396667729186455,null
651006,6497394,94829,411580,144597,52450,42379,296126,0,85249,59348,21542,30908,57254,100579,104641,0,20800,64449,28820,30528,190999,6306395,25997,163879,1123,9609,16388,2699,6910,12373,4015,163813,66,73024,90789,66,0,483,640,483,0,640,0,2686847,3619548,661542,2025305,1119642,2499906,n950,false,0.35894401822383337,0.02840907781774704,0,10166,false,502,6,0.7260655980331017,0.509874480501719,null
651006,6497394,94829,411580,144597,52450,42379,296126,0,85249,59348,21542,30908,57254,100579,104641,0,20800,64449,28820,30528,190999,6306395,25997,163879,1123,9609,16388,2699,6910,12373,4015,163813,66,73024,90789,66,0,483,640,483,0,640,0,2686847,3619548,661542,2025305,1119642,2499906,n956,false,0.3591829163747181,0.2888701330137667,0,11810,false,500,2,0.9531288464525988,0.9491554660274121,null
651006,6497394,94829,411580,144597,52450,42379,296126,0,85249,59348,21542,30908,57254,100579,104641,0,20800,64449,28820,30528,190999,6306395,25997,163879,1123,9609,16388,2699,6910,12373,4015,163813,66,73024,90789,66,0,483,640,483,0,640,0,2686847,3619548,661542,2025305,1119642,2499906,n962,true,0.652055029626323,0.6702958174868633,10,350,false,500,3,0.2805677044765492,0.6375527279573724,null
651006,6497394,94829,411580,144597,52450,42379,296126,0,85249,59348,21542,30908,57254,100579,104641,0,20800,64449,28820,30528,190999,6306395,25997,163879,1123,9609,16388,2699,6910,12373,4015,163813,66,73024,90789,66,0,483,640,483,0,640,0,2686847,3619548,661542,2025305,1119642,2499906,n965,false,0.9591017708853714,0.8252930455048222,0,7595,false,500,2,0.7511274338921664,0.9032945673057884,null
651006,6497394,94829,411580,144597,52450,42379,296126,0,85249,59348,21542,30908,57254,100579,104641,0,20800,64449,28820,30528,190999,6306395,25997,163879,1123,9609,16388,2699,6910,12373,4015,163813,66,73024,90789,66,0,483,640,483,0,640,0,2686847,3619548,661542,2025305,1119642,2499906,n966,false,0.3538934001289023,0.6747669230304597,0,130,true,130,2,0.9701871799970448,0.6515507246458607,null
651006,6497394,94829,411580,144597,52450,42379,296126,0,85249,59348,21542,30908,57254,100579,104641,0,20800,64449,28820,30528,190999,6306395,25997,163879,1123,9609,16388,2699,6910,12373,4015,163813,66,73024,90789,66,0,483,640,483,0,640,0,2686847,3619548,661542,2025305,1119642,2499906,n973,false,0.9166586514895034,0.9052566888376168,0,235,true,235,2,0.9205912960870309,0.3799379459989098,null
651006,6497394,94829,411580,144597,52450,42379,296126,0,85249,59348,21542,30908,57254,100579,104641,0,20800,64449,28820,30528,190999,6306395,25997,163879,1123,9609,16388,2699,6910,12373,4015,163813,66,73024,90789,66,0,483,640,483,0,640,0,2686847,3619548,661542,2025305,1119642,2499906,n988,false,0.8389035022840279,0.4971309551437991,0,4468,false,502,5,0.7305854430952515,0.4938088582827942,null
651006,6497394,94829,411580,144597,52450,42379,296126,0,85249,59348,21542,30908,57254,100579,104641,0,20800,64449,28820,30528,190999,6306395,25997,163879,1123,9609,16388,2699,6910,12373,4015,163813,66,73024,90789,66,0,483,640,483,0,640,0,2686847,3619548,661542,2025305,1119642,2499906,n989,true,0.7748613833230339,0.4306399745396159,6,2659,false,500,3,0.984256200318644,0.8456080506594144,null
651006,6497394,94829,411580,144597,52450,42379,296126,0,85249,59348,21542,30908,57254,100579,104641,0,20800,64449,28820,30528,190999,6306395,25997,163879,1123,9609,16388,2699,6910,12373,4015,163813,66,73024,90789,66,0,483,640,483,0,640,0,2686847,3619548,661542,2025305,1119642,2499906,n991,false,0.18320326957849328,0.4299029597155186,0,11064,false,500,2,0.5349783608676482,0.9903354275714361,null
651006,6497394,94829,411580,144597,52450,42379,296126,0,85249,59348,21542,30908,57254,100579,104641,0,20800,64449,28820,30528,190999,6306395,25997,163879,1123,9609,16388,2699,6910,12373,4015,163813,66,73024,90789,66,0,483,640,483,0,640,0,2686847,3619548,661542,2025305,1119642,2499906,n992,false,0.957806696560234,0.16152614027459744,0,4527,false,502,4,0.5472974707397719,0.7212414750030791,null
651006,6497394,94829,411580,144597,52450,42379,296126,0,85249,59348,21542,30908,57254,100579,104641,0,20800,64449,28820,30528,190999,6306395,25997,163879,1123,9609,16388,2699,6910,12373,4015,163813,66,73024,90789,66,0,483,640,483,0,640,0,2686847,3619548,661542,2025305,1119642,2499906,n996,false,0.21818024636691538,0.5811220574454301,0,6681,false,501,4,0.7720985652445801,0.9035104432670296,null
651006,6497394,94829,411580,144597,52450,42379,296126,0,85249,59348,21542,30908,57254,100579,104641,0,20800,64449,28820,30528,190999,6306395,25997,163879,1123,9609,16388,2699,6910,12373,4015,163813,66,73024,90789,66,0,483,640,483,0,640,0,2686847,3619548,661542,2025305,1119642,2499906,n999,false,0.3136308511847945,0.0031448709052416257,0,71,false,504,10,0.11211944098022164,0.7434849385019462,null
651006,6497394,94829,411580,144597,52450,42379,296126,0,85249,59348,21542,30908,57254,100579,104641,0,20800,64449,28820,30528,190999,6306395,25997,163879,1123,9609,16388,2699,6910,12373,4015,163813,66,73024,90789,66,0,483,640,483,0,640,0,2686847,3619548,661542,2025305,1119642,2499906,n1000,false,0.8940788626871196,0.6872274378309626,0,5758,false,501,4,0.9440277204132191,0.5507137042011775,null
651006,6497394,94829,411580,144597,52450,42379,296126,0,85249,59348,21542,30908,57254,100579,104641,0,20800,64449,28820,30528,190999,6306395,25997,163879,1123,9609,16388,2699,6910,12373,4015,163813,66,73024,90789,66,0,483,640,483,0,640,0,2686847,3619548,661542,2025305,1119642,2499906,n1006,true,0.6282765402453855,0.9227653670604412,0,1152,false,500,3,0.7588279335110198,0.6655833572884922,null
651006,6497394,94829,411580,144597,52450,42379,296126,0,85249,59348,21542,30908,57254,100579,104641,0,20800,64449,28820,30528,190999,6306395,25997,163879,1123,9609,16388,2699,6910,12373,4015,163813,66,73024,90789,66,0,483,640,483,0,640,0,2686847,3619548,661542,2025305,1119642,2499906,n1008,false,0.43434971681511797,0.03788385045309817,0,2226,false,502,4,0.9179176724551462,0.08122851423543342,null
651006,6497394,94829,411580,144597,52450,42379,296126,0,85249,59348,21542,30908,57254,100579,104641,0,20800,64449,28820,30528,190999,6306395,25997,163879,1123,9609,16388,2699,6910,12373,4015,163813,66,73024,90789,66,0,483,640,483,0,640,0,2686847,3619548,661542,2025305,1119642,2499906,n1012,false,0.8881610703157595,0.17248292062337156,0,3433,false,503,6,0.9060288259958608,0.007860702110791151,null
651006,6497394,94829,411580,144597,52450,42379,296126,0,85249,59348,21542,30908,57254,100579,104641,0,20800,64449,28820,30528,190999,6306395,25997,163879,1123,9609,16388,2699,6910,12373,4015,163813,66,73024,90789,66,0,483,640,483,0,640,0,2686847,3619548,661542,2025305,1119642,2499906,n1016,false,0.042642359068118314,0.32811103659434093,0,260,false,501,3,0.8252829338501111,0.42727525797162924,null
651006,6497394,94829,411580,144597,52450,42379,296126,0,85249,59348,21542,30908,57254,100579,104641,0,20800,64449,28820,30528,190999,6306395,25997,163879,1123,9609,16388,2699,6910,12373,4015,163813,66,73024,90789,66,0,483,640,483,0,640,0,2686847,3619548,661542,2025305,1119642,2499906,n1020,false,0.8628057266926213,0.6112435700134629,0,10781,false,501,4,0.653040931858258,0.204242920246685,null
651006,6497394,94829,411580,144597,52450,42379,296126,0,85249,59348,21542,30908,57254,100579,104641,0,20800,64449,28820,30528,190999,6306395,25997,163879,1123,9609,16388,2699,6910,12373,4015,163813,66,73024,90789,66,0,483,640,483,0,640,0,2686847,3619548,661542,2025305,1119642,2499906,n1025,false,0.985272787234879,0.46077658810718647,0,3483,false,501,4,0.34245653000557363,0.7813662086735647,null
651006,6497394,94829,411580,144597,52450,42379,296126,0,85249,59348,21542,30908,57254,100579,104641,0,20800,64449,28820,30528,190999,6306395,25997,163879,1123,9609,16388,2699,6910,12373,4015,163813,66,73024,90789,66,0,483,640,483,0,640,0,2686847,3619548,661542,2025305,1119642,2499906,n1026,false,0.9999991088719593,0.8843375953083896,0,13856,false,500,1,0.14408871738773654,0.09176776738002468,null
651006,6497394,94829,411580,144597,52450,42379,296126,0,85249,59348,21542,30908,57254,100579,104641,0,20800,64449,28820,30528,190999,6306395,25997,163879,1123,9609,16388,2699,6910,12373,4015,163813,66,73024,90789,66,0,483,640,483,0,640,0,2686847,3619548,661542,2025305,1119642,2499906,n1027,false,0.5471027242073168,0.45361292713338813,0,3625,false,501,4,0.5257327480439702,0.36188880597218,null
651006,6497394,94829,411580,144597,52450,42379,296126,0,85249,59348,21542,30908,57254,100579,104641,0,20800,64449,28820,30528,190999,6306395,25997,163879,1123,9609,16388,2699,6910,12373,4015,163813,66,73024,90789,66,0,483,640,483,0,640,0,2686847,3619548,661542,2025305,1119642,2499906,n1029,true,0.04100598245329645,0.6489729619172032,18,14800,false,0,0,0.5001013367905407,0.38110075287325773,null
651006,6497394,94829,411580,144597,52450,42379,296126,0,85249,59348,21542,30908,57254,100579,104641,0,20800,64449,28820,30528,190999,6306395,25997,163879,1123,9609,16388,2699,6910,12373,4015,163813,66,73024,90789,66,0,483,640,483,0,640,0,2686847,3619548,661542,2025305,1119642,2499906,n1031,false,0.99999525391224,0.14551002258585743,0,14800,false,0,0,0.44600206906037243,0.2513841147687961,null
651006,6497394,94829,411580,144597,52450,42379,296126,0,85249,59348,21542,30908,57254,100579,104641,0,20800,64449,28820,30528,190999,6306395,25997,163879,1123,9609,16388,2699,6910,12373,4015,163813,66,73024,90789,66,0,483,640,483,0,640,0,2686847,3619548,661542,2025305,1119642,2499906,n1037,false,0.6002843013562473,0.5000686375279253,0,13261,false,501,5,0.6407198235069167,0.266618478585138,null
651006,6497394,94829,411580,144597,52450,42379,296126,0,85249,59348,21542,30908,57254,100579,104641,0,20800,64449,28820,30528,190999,6306395,25997,163879,1123,9609,16388,2699,6910,12373,4015,163813,66,73024,90789,66,0,483,640,483,0,640,0,2686847,3619548,661542,2025305,1119642,2499906,n1042,false,0.1900474821984438,0.07058767542062527,0,714,false,502,6,0.7478401493036708,0.5676549304959899,null
651006,6497394,94829,411580,144597,52450,42379,296126,0,85249,59348,21542,30908,57254,100579,104641,0,20800,64449,28820,30528,190999,6306395,25997,163879,1123,9609,16388,2699,6910,12373,4015,163813,66,73024,90789,66,0,483,640,483,0,640,0,2686847,3619548,661542,2025305,1119642,2499906,n1043,false,0.46551063828611533,0.6742970410289275,0,12107,false,501,2,0.7933888696158541,0.7209048272285412,null
651006,6497394,94829,411580,144597,52450,42379,296126,0,85249,59348,21542,30908,57254,100579,104641,0,20800,64449,28820,30528,190999,6306395,25997,163879,1123,9609,16388,2699,6910,12373,4015,163813,66,73024,90789,66,0,483,640,483,0,640,0,2686847,3619548,661542,2025305,1119642,2499906,n1044,false,0.07360420064310966,0.08756942214450669,0,14800,false,0,0,0.6012663094625732,0.009343371232864661,null
651006,6497394,94829,411580,144597,52450,42379,296126,0,85249,59348,21542,30908,57254,100579,104641,0,20800,64449,28820,30528,190999,6306395,25997,163879,1123,9609,16388,2699,6910,12373,4015,163813,66,73024,90789,66,0,483,640,483,0,640,0,2686847,3619548,661542,2025305,1119642,2499906,n1047,false,0.38009791347524746,0.10382220405893361,0,14800,false,0,0,0.2377981181331138,0.5854770075150808,null
651006,6497394,94829,411580,144597,52450,42379,296126,0,85249,59348,21542,30908,57254,100579,104641,0,20800,64449,28820,30528,190999,6306395,25997,163879,1123,9609,16388,2699,6910,12373,4015,163813,66,73024,90789,66,0,483,640,483,0,640,0,2686847,3619548,661542,2025305,1119642,2499906,n1049,false,0.9169604303771672,0.4576504388577066,0,974,false,501,4,0.6874574779024095,0.06940812825219034,null
651006,6497394,94829,411580,144597,52450,42379,296126,0,85249,59348,21542,30908,57254,100579,104641,0,20800,64449,28820,30528,190999,6306395,25997,163879,1123,9609,16388,2699,6910,12373,4015,163813,66,73024,90789,66,0,483,640,483,0,640,0,2686847,3619548,661542,2025305,1119642,2499906,n1051,false,0.17128602197934967,0.00617981475337992,0,6402,false,500,2,0.19234118196244898,0.18100551391777508,null
651006,6497394,94829,411580,144597,52450,42379,296126,0,85249,59348,21542,30908,57254,100579,104641,0,20800,64449,28820,30528,190999,6306395,25997,163879,1123,9609,16388,2699,6910,12373,4015,163813,66,73024,90789,66,0,483,640,483,0,640,0,2686847,3619548,661542,2025305,1119642,2499906,n1052,false,0.9999966442279867,0.88926359845408,0,652,false,502,6,0.8483770036215876,0.4846781414466734,null
651006,6497394,94829,411580,144597,52450,42379,296126,0,85249,59348,21542,30908,57254,100579,104641,0,20800,64449,28820,30528,190999,6306395,25997,163879,1123,9609,16388,2699,6910,12373,4015,163813,66,73024,90789,66,0,483,640,483,0,640,0,2686847,3619548,661542,2025305,1119642,2499906,n1058,true,0.13056317129824907,0.3211654267696542,11,7316,false,500,3,0.6845549878283501,0.39260004941187676,null
651006,6497394,94829,411580,144597,52450,42379,296126,0,85249,59348,21542,30908,57254,100579,104641,0,20800,64449,28820,30528,190999,6306395,25997,163879,1123,9609,16388,2699,6910,12373,4015,163813,66,73024,90789,66,0,483,640,483,0,640,0,2686847,3619548,661542,2025305,1119642,2499906,n1059,true,0.22275195189480534,0.8000105696479501,10,14800,false,0,0,0.13655087898782947,0.5732997227116157,null
651006,6497394,94829,411580,144597,52450,42379,296126,0,85249,59348,21542,30908,57254,100579,104641,0,20800,64449,28820,30528,190999,6306395,25997,163879,1123,9609,16388,2699,6910,12373,4015,163813,66,73024,90789,66,0,483,640,483,0,640,0,2686847,3619548,661542,2025305,1119642,2499906,n1061,false,0.14632045383281533,0.46853849798002833,0,14799,false,500,1,0.9723803521386815,0.3183528227817606,null
651006,6497394,94829,411580,144597,52450,42379,296126,0,85249,59348,21542,30908,57254,100579,104641,0,20800,64449,28820,30528,190999,6306395,25997,163879,1123,9609,16388,2699,6910,12373,4015,163813,66,73024,90789,66,0,483,640,483,0,640,0,2686847,3619548,661542,2025305,1119642,2499906,n1065,false,0.5058339793758193,0.727907940691731,0,8715,false,500,2,0.3043908115212488,0.7088129894772734,null
651006,6497394,94829,411580,144597,52450,42379,296126,0,85249,59348,21542,30908,57254,100579,104641,0,20800,64449,28820,30528,190999,6306395,25997,163879,1123,9609,16388,2699,6910,12373,4015,163813,66,73024,90789,66,0,483,640,483,0,640,0,2686847,3619548,661542,2025305,1119642,2499906,n1066,false,0.22949293810915972,0.6660118558089685,0,4477,false,501,2,0.48137959395490615,0.27730278590393,null
651006,6497394,94829,411580,144597,52450,42379,296126,0,85249,59348,21542,30908,57254,100579,104641,0,20800,64449,28820,30528,190999,6306395,25997,163879,1123,9609,16388,2699,6910,12373,4015,163813,66,73024,90789,66,0,483,640,483,0,640,0,2686847,3619548,661542,2025305,1119642,2499906,n1075,false,0.9551379837049276,0.3604589918272317,0,11720,false,500,3,0.5862460198325554,0.27326725234891625,null
651006,6497394,94829,411580,144597,52450,42379,296126,0,85249,59348,21542,30908,57254,100579,104641,0,20800,64449,28820,30528,190999,6306395,25997,163879,1123,9609,16388,2699,6910,12373,4015,163813,66,73024,90789,66,0,483,640,483,0,640,0,2686847,3619548,661542,2025305,1119642,2499906,n1076,false,0.6325387278860473,0.23254955315470516,0,14800,false,0,0,0.5647748803117008,0.4774142142890828,null
651006,6497394,94829,411580,144597,52450,42379,296126,0,85249,59348,21542,30908,57254,100579,104641,0,20800,64449,28820,30528,190999,6306395,25997,163879,1123,9609,16388,2699,6910,12373,4015,163813,66,73024,90789,66,0,483,640,483,0,640,0,2686847,3619548,661542,2025305,1119642,2499906,n1077,false,0.3184773980911844,0.7773521985967253,0,2679,false,503,8,0.4389525441690411,0.2577798923520067,null
651006,6497394,94829,411580,144597,52450,42379,296126,0,85249,59348,21542,30908,57254,100579,104641,0,20800,64449,28820,30528,190999,6306395,25997,163879,1123,9609,16388,2699,6910,12373,4015,163813,66,73024,90789,66,0,483,640,483,0,640,0,2686847,3619548,661542,2025305,1119642,2499906,n1082,false,0.9505942980625288,0.10951484754249097,0,12563,false,500,1,0.7458584257409392,0.9485718964838237,null
651006,6497394,94829,411580,144597,52450,42379,296126,0,85249,59348,21542,30908,57254,100579,104641,0,20800,64449,28820,30528,190999,6306395,25997,163879,1123,9609,16388,2699,6910,12373,4015,163813,66,73024,90789,66,0,483,640,483,0,640,0,2686847,3619548,661542,2025305,1119642,2499906,n1086,false,0.34433025113242755,0.23025241085125453,0,4780,false,501,4,0.8271173870761945,0.07504535961476078,null
651006,6497394,94829,411580,144597,52450,42379,296126,0,85249,59348,21542,30908,57254,100579,104641,0,20800,64449,28820,30528,190999,6306395,25997,163879,1123,9609,16388,2699,6910,12373,4015,163813,66,73024,90789,66,0,483,640,483,0,640,0,2686847,3619548,661542,2025305,1119642,2499906,n1089,false,0.4964246931061748,0.9216559852855339,0,14800,false,0,0,0.7143633990221909,0.8384215834589855,null
651006,6497394,94829,411580,144597,52450,42379,296126,0,85249,59348,21542,30908,57254,100579,104641,0,20800,64449,28820,30528,190999,6306395,25997,163879,1123,9609,16388,2699,6910,12373,4015,163813,66,73024,90789,66,0,483,640,483,0,640,0,2686847,3619548,661542,2025305,1119642,2499906,n1091,false,0.9999950010904308,0.974403511811992,0,1285,false,503,8,0.5708394528186933,0.5117484160800696,null
651006,6497394,94829,411580,144597,52450,42379,296126,0,85249,59348,21542,30908,57254,100579,104641,0,20800,64449,28820,30528,190999,6306395,25997,163879,1123,9609,16388,2699,6910,12373,4015,163813,66,73024,90789,66,0,483,640,483,0,640,0,2686847,3619548,661542,2025305,1119642,2499906,n1097,false,0.3099252883403958,0.39332875512395465,0,1344,false,501,4,0.7663751201321539,0.22192779267199614,null
651006,6497394,94829,411580,144597,52450,42379,296126,0,85249,59348,21542,30908,57254,100579,104641,0,20800,64449,28820,30528,190999,6306395,25997,163879,1123,9609,16388,2699,6910,12373,4015,163813,66,73024,90789,66,0,483,640,483,0,640,0,2686847,3619548,661542,2025305,1119642,2499906,n1102,false,0.9808012444732923,0.3509394430459806,0,4014,false,501,3,0.6602569974116143,0.14831313510312916,null
651006,6497394,94829,411580,144597,52450,42379,296126,0,85249,59348,21542,30908,57254,100579,104641,0,20800,64449,28820,30528,190999,6306395,25997,163879,1123,9609,16388,2699,6910,12373,4015,163813,66,73024,90789,66,0,483,640,483,0,640,0,2686847,3619548,661542,2025305,1119642,2499906,n1108,true,0.25417481703989864,0.8458528451650943,14,14800,false,0,0,0.5193391223495767,0.08307781391033653,null
651006,6497394,94829,411580,144597,52450,42379,296126,0,85249,59348,21542,30908,57254,100579,104641,0,20800,64449,28820,30528,190999,6306395,25997,163879,1123,9609,16388,2699,6910,12373,4015,163813,66,73024,90789,66,0,483,640,483,0,640,0,2686847,3619548,661542,2025305,1119642,2499906,n1110,false,0.07483296001519707,0.4807228123955746,0,14799,false,500,1,0.6709562473019525,0.19641279797598699,null
651006,6497394,94829,411580,144597,52450,42379,296126,0,85249,59348,21542,30908,57254,100579,104641,0,20800,64449,28820,30528,190999,6306395,25997,163879,1123,9609,16388,2699,6910,12373,4015,163813,66,73024,90789,66,0,483,640,483,0,640,0,2686847,3619548,661542,2025305,1119642,2499906,n1113,false,0.08075896217246926,0.0028007418205124868,0,252,false,503,8,0.6936630810539409,0.8441375204610375,null
651006,6497394,94829,411580,144597,52450,42379,296126,0,85249,59348,21542,30908,57254,100579,104641,0,20800,64449,28820,30528,190999,6306395,25997,163879,1123,9609,16388,2699,6910,12373,4015,163813,66,73024,90789,66,0,483,640,483,0,640,0,2686847,3619548,661542,2025305,1119642,2499906,n1120,false,0.43415337643244395,0.44040784856265414,0,14800,false,0,0,0.744798001709276,0.2313861017958423,null
651006,6497394,94829,411580,144597,52450,42379,296126,0,85249,59348,21542,30908,57254,100579,104641,0,20800,64449,28820,30528,190999,6306395,25997,163879,1123,9609,16388,2699,6910,12373,4015,163813,66,73024,90789,66,0,483,640,483,0,640,0,2686847,3619548,661542,2025305,1119642,2499906,n1123,false,0.8656359373422207,0.5124813914357608,0,13851,false,500,4,0.8211726011116456,0.10983060123668031,null
651006,6497394,94829,411580,144597,52450,42379,296126,0,85249,59348,21542,30908,57254,100579,104641,0,20800,64449,28820,30528,190999,6306395,25997,163879,1123,9609,16388,2699,6910,12373,4015,163813,66,73024,90789,66,0,483,640,483,0,640,0,2686847,3619548,661542,2025305,1119642,2499906,n1126,false,0.9999967990838416,0.6378560428354944,0,14800,false,0,0,0.7549662125090395,0.6169939273106091,null
651006,6497394,94829,411580,144597,52450,42379,296126,0,85249,59348,21542,30908,57254,100579,104641,0,20800,64449,28820,30528,190999,6306395,25997,163879,1123,9609,16388,2699,6910,12373,4015,163813,66,73024,90789,66,0,483,640,483,0,640,0,2686847,3619548,661542,2025305,1119642,2499906,n1130,true,0.9557054164908769,0.4551211025826521,10,7265,false,502,7,0.42838414107598277,0.9872734980634034,null
651006,6497394,94829,411580,144597,52450,42379,296126,0,85249,59348,21542,30908,57254,100579,104641,0,20800,64449,28820,30528,190999,6306395,25997,163879,1123,9609,16388,2699,6910,12373,4015,163813,66,73024,90789,66,0,483,640,483,0,640,0,2686847,3619548,661542,2025305,1119642,2499906,n1133,false,0.28917321678091207,0.11338789387899861,0,1929,false,501,4,0.6651320964342928,0.8729548040036723,null
651006,6497394,94829,411580,144597,52450,42379,296126,0,85249,59348,21542,30908,57254,100579,104641,0,20800,64449,28820,30528,190999,6306395,25997,163879,1123,9609,16388,2699,6910,12373,4015,163813,66,73024,90789,66,0,483,640,483,0,640,0,2686847,3619548,661542,2025305,1119642,2499906,n1134,false,0.4217369876385484,0.8813609904166512,0,14800,false,0,0,0.6772405974330429,0.4702088403237712,null
651006,6497394,94829,411580,144597,52450,42379,296126,0,85249,59348,21542,30908,57254,100579,104641,0,20800,64449,28820,30528,190999,6306395,25997,163879,1123,9609,16388,2699,6910,12373,4015,163813,66,73024,90789,66,0,483,640,483,0,640,0,2686847,3619548,661542,2025305,1119642,2499906,n1136,false,0.8672660320155371,0.14935813231865402,0,4892,false,501,3,0.8831050704794774,0.1957271011484334,null
651006,6497394,94829,411580,144597,52450,42379,296126,0,85249,59348,21542,30908,57254,100579,104641,0,20800,64449,28820,30528,190999,6306395,25997,163879,1123,9609,16388,2699,6910,12373,4015,163813,66,73024,90789,66,0,483,640,483,0,640,0,2686847,3619548,661542,2025305,1119642,2499906,n1139,false,0.22080599146926017,0.8932052329503225,0,2860,false,501,3,0.5605463221450717,0.7065376457242967,null
651006,6497394,94829,411580,144597,52450,42379,296126,0,85249,59348,21542,30908,57254,100579,104641,0,20800,64449,28820,30528,190999,6306395,25997,163879,1123,9609,16388,2699,6910,12373,4015,163813,66,73024,90789,66,0,483,640,483,0,640,0,2686847,3619548,661542,2025305,1119642,2499906,n1143,false,0.9999950821027501,0.21375913288372028,0,14172,false,500,2,0.8588040743762188,0.2752315912751788,null
651006,6497394,94829,411580,144597,52450,42379,296126,0,85249,59348,21542,30908,57254,100579,104641,0,20800,64449,28820,30528,190999,6306395,25997,163879,1123,9609,16388,2699,6910,12373,4015,163813,66,73024,90789,66,0,483,640,483,0,640,0,2686847,3619548,661542,2025305,1119642,2499906,n1145,false,0.3743209595746994,0.4598204738616425,0,14800,false,500,0,0.3555088520182441,0.5242962432660119,null
651006,6497394,94829,411580,144597,52450,42379,296126,0,85249,59348,21542,30908,57254,100579,104641,0,20800,64449,28820,30528,190999,6306395,25997,163879,1123,9609,16388,2699,6910,12373,4015,163813,66,73024,90789,66,0,483,640,483,0,640,0,2686847,3619548,661542,2025305,1119642,2499906,n1147,false,0.48719102175874746,0.27043333837918926,0,4367,false,501,3,0.8636264801217644,0.7964889978232708,null
651006,6497394,94829,411580,144597,52450,42379,296126,0,85249,59348,21542,30908,57254,100579,104641,0,20800,64449,28820,30528,190999,6306395,25997,163879,1123,9609,16388,2699,6910,12373,4015,163813,66,73024,90789,66,0,483,640,483,0,640,0,2686847,3619548,661542,2025305,1119642,2499906,n1151,false,0.8096233009470134,0.6044689552565754,0,368,false,502,5,0.8156962022578969,0.09681228395253105,null
651006,6497394,94829,411580,144597,52450,42379,296126,0,85249,59348,21542,30908,57254,100579,104641,0,20800,64449,28820,30528,190999,6306395,25997,163879,1123,9609,16388,2699,6910,12373,4015,163813,66,73024,90789,66,0,483,640,483,0,640,0,2686847,3619548,661542,2025305,1119642,2499906,n1153,false,0.9999993922683784,0.31186226895618846,0,7786,false,500,2,0.8735004853801217,0.6779404401397332,null
651006,6497394,94829,411580,144597,52450,42379,296126,0,85249,59348,21542,30908,57254,100579,104641,0,20800,64449,28820,30528,190999,6306395,25997,163879,1123,9609,16388,2699,6910,12373,4015,163813,66,73024,90789,66,0,483,640,483,0,640,0,2686847,3619548,661542,2025305,1119642,2499906,n1155,false,0.31717047173114465,0.23103661631392602,0,14736,false,500,2,0.8546745899420458,0.38187915654695775,null
651006,6497394,94829,411580,144597,52450,42379,296126,0,85249,59348,21542,30908,57254,100579,104641,0,20800,64449,28820,30528,190999,6306395,25997,163879,1123,9609,16388,2699,6910,12373,4015,163813,66,73024,90789,66,0,483,640,483,0,640,0,2686847,3619548,661542,2025305,1119642,2499906,n1157,false,0.9999980571380681,0.5711840644841324,0,2856,false,500,2,0.8387277473254462,0.24468155512328404,null
651006,6497394,94829,411580,144597,52450,42379,296126,0,85249,59348,21542,30908,57254,100579,104641,0,20800,64449,28820,30528,190999,6306395,25997,163879,1123,9609,16388,2699,6910,12373,4015,163813,66,73024,90789,66,0,483,640,483,0,640,0,2686847,3619548,661542,2025305,1119642,2499906,n1160,false,0.5947211240376508,0.585095841205507,0,4619,false,501,2,0.5876955552217735,0.17153577098757355,null
651006,6497394,94829,411580,144597,52450,42379,296126,0,85249,59348,21542,30908,57254,100579,104641,0,20800,64449,28820,30528,190999,6306395,25997,163879,1123,9609,16388,2699,6910,12373,4015,163813,66,73024,90789,66,0,483,640,483,0,640,0,2686847,3619548,661542,2025305,1119642,2499906,n1165,false,0.9999950709526693,0.9171645751571882,0,3372,false,502,5,0.695734377012611,0.8720083642562667,null
651006,6497394,94829,411580,144597,52450,42379,296126,0,85249,59348,21542,30908,57254,100579,104641,0,20800,64449,28820,30528,190999,6306395,25997,163879,1123,9609,16388,2699,6910,12373,4015,163813,66,73024,90789,66,0,483,640,483,0,640,0,2686847,3619548,661542,2025305,1119642,2499906,n1166,false,0.9999955938602281,0.5852099790121067,0,973,false,501,3,0.852069986871538,0.5321297671085943,null
651006,6497394,94829,411580,144597,52450,42379,296126,0,85249,59348,21542,30908,57254,100579,104641,0,20800,64449,28820,30528,190999,6306395,25997,163879,1123,9609,16388,2699,6910,12373,4015,163813,66,73024,90789,66,0,483,640,483,0,640,0,2686847,3619548,661542,2025305,1119642,2499906,n1171,false,0.6294341458566769,0.3521581957769274,0,9308,false,502,8,0.57316010009035,0.9713113657115271,null
651006,6497394,94829,411580,144597,52450,42379,296126,0,85249,59348,21542,30908,57254,100579,104641,0,20800,64449,28820,30528,190999,6306395,25997,163879,1123,9609,16388,2699,6910,12373,4015,163813,66,73024,90789,66,0,483,640,483,0,640,0,2686847,3619548,661542,2025305,1119642,2499906,n1180,false,0.3431278450736787,0.9260993596435309,0,14800,false,0,0,0.9022048569037469,0.7457835716468056,null
651006,6497394,94829,411580,144597,52450,42379,296126,0,85249,59348,21542,30908,57254,100579,104641,0,20800,64449,28820,30528,190999,6306395,25997,163879,1123,9609,16388,2699,6910,12373,4015,163813,66,73024,90789,66,0,483,640,483,0,640,0,2686847,3619548,661542,2025305,1119642,2499906,n1198,false,0.5395579231230349,0.3216933561748704,0,14800,false,0,0,0.6574031739871784,0.4623341679161087,null
651006,6497394,94829,411580,144597,52450,42379,296126,0,85249,59348,21542,30908,57254,100579,104641,0,20800,64449,28820,30528,190999,6306395,25997,163879,1123,9609,16388,2699,6910,12373,4015,163813,66,73024,90789,66,0,483,640,483,0,640,0,2686847,3619548,661542,2025305,1119642,2499906,n1205,false,0.8974454817400942,0.3618552956580738,0,892,false,500,2,0.023140651737756035,0.813861811609972,null
651006,6497394,94829,411580,144597,52450,42379,296126,0,85249,59348,21542,30908,57254,100579,104641,0,20800,64449,28820,30528,190999,6306395,25997,163879,1123,9609,16388,2699,6910,12373,4015,163813,66,73024,90789,66,0,483,640,483,0,640,0,2686847,3619548,661542,2025305,1119642,2499906,n1208,false,0.5116841711858523,0.5576366571456434,0,6502,false,501,3,0.3913924934510631,0.7656991485220787,null
651006,6497394,94829,411580,144597,52450,42379,296126,0,85249,59348,21542,30908,57254,100579,104641,0,20800,64449,28820,30528,190999,6306395,25997,163879,1123,9609,16388,2699,6910,12373,4015,163813,66,73024,90789,66,0,483,640,483,0,640,0,2686847,3619548,661542,2025305,1119642,2499906,n1213,false,0.036192978131388234,0.6876436315312542,0,14798,false,500,1,0.837880364294069,0.8756716612777159,null
651006,6497394,94829,411580,144597,52450,42379,296126,0,85249,59348,21542,30908,57254,100579,104641,0,20800,64449,28820,30528,190999,6306395,25997,163879,1123,9609,16388,2699,6910,12373,4015,163813,66,73024,90789,66,0,483,640,483,0,640,0,2686847,3619548,661542,2025305,1119642,2499906,n1216,false,0.14042103282554325,0.7780675772868896,0,2880,false,501,4,0.5748020933806737,0.793822503906111,null
651006,6497394,94829,411580,144597,52450,42379,296126,0,85249,59348,21542,30908,57254,100579,104641,0,20800,64449,28820,30528,190999,6306395,25997,163879,1123,9609,16388,2699,6910,12373,4015,163813,66,73024,90789,66,0,483,640,483,0,640,0,2686847,3619548,661542,2025305,1119642,2499906,n1218,false,0.27585964230763194,0.09768533517585709,0,6901,false,501,3,0.20684980924560858,0.7792549923397364,null
651006,6497394,94829,411580,144597,52450,42379,296126,0,85249,59348,21542,30908,57254,100579,104641,0,20800,64449,28820,30528,190999,6306395,25997,163879,1123,9609,16388,2699,6910,12373,4015,163813,66,73024,90789,66,0,483,640,483,0,640,0,2686847,3619548,661542,2025305,1119642,2499906,n1220,false,0.9438146527500827,0.07297193266871793,0,608,false,501,4,0.9775050523485851,0.5157719308132891,null
651006,6497394,94829,411580,144597,52450,42379,296126,0,85249,59348,21542,30908,57254,100579,104641,0,20800,64449,28820,30528,190999,6306395,25997,163879,1123,9609,16388,2699,6910,12373,4015,163813,66,73024,90789,66,0,483,640,483,0,640,0,2686847,3619548,661542,2025305,1119642,2499906,n1221,false,0.3151269327109209,0.03409099133416971,0,7054,false,502,6,0.806406339445575,0.5335995767743928,null
651006,6497394,94829,411580,144597,52450,42379,296126,0,85249,59348,21542,30908,57254,100579,104641,0,20800,64449,28820,30528,190999,6306395,25997,163879,1123,9609,16388,2699,6910,12373,4015,163813,66,73024,90789,66,0,483,640,483,0,640,0,2686847,3619548,661542,2025305,1119642,2499906,n1225,false,0.5401832533075293,0.44610602314013437,0,2880,false,502,5,0.8332780878090715,0.9813245178021631,null
651006,6497394,94829,411580,144597,52450,42379,296126,0,85249,59348,21542,30908,57254,100579,104641,0,20800,64449,28820,30528,190999,6306395,25997,163879,1123,9609,16388,2699,6910,12373,4015,163813,66,73024,90789,66,0,483,640,483,0,640,0,2686847,3619548,661542,2025305,1119642,2499906,n1230,false,0.9635603272396864,0.9008741290825171,0,13585,false,500,1,0.8682907887734261,0.8956871042025566,null
651006,6497394,94829,411580,144597,52450,42379,296126,0,85249,59348,21542,30908,57254,100579,104641,0,20800,64449,28820,30528,190999,6306395,25997,163879,1123,9609,16388,2699,6910,12373,4015,163813,66,73024,90789,66,0,483,640,483,0,640,0,2686847,3619548,661542,2025305,1119642,2499906,n1239,false,0.9774624750485512,0.5293159877203555,0,5851,false,500,1,0.052579576110266535,0.3897575989014352,null
651006,6497394,94829,411580,144597,52450,42379,296126,0,85249,59348,21542,30908,57254,100579,104641,0,20800,64449,28820,30528,190999,6306395,25997,163879,1123,9609,16388,2699,6910,12373,4015,163813,66,73024,90789,66,0,483,640,483,0,640,0,2686847,3619548,661542,2025305,1119642,2499906,n1255,false,0.6699222624861848,0.10569010726045025,0,14800,false,0,0,0.7223134975949665,0.6078160980045124,null
651006,6497394,94829,411580,144597,52450,42379,296126,0,85249,59348,21542,30908,57254,100579,104641,0,20800,64449,28820,30528,190999,6306395,25997,163879,1123,9609,16388,2699,6910,12373,4015,163813,66,73024,90789,66,0,483,640,483,0,640,0,2686847,3619548,661542,2025305,1119642,2499906,n1257,true,0.36806236756876376,0.9138009776555704,6,386,false,500,3,0.88043287735918,0.9188719127552369,null
651006,6497394,94829,411580,144597,52450,42379,296126,0,85249,59348,21542,30908,57254,100579,104641,0,20800,64449,28820,30528,190999,6306395,25997,163879,1123,9609,16388,2699,6910,12373,4015,163813,66,73024,90789,66,0,483,640,483,0,640,0,2686847,3619548,661542,2025305,1119642,2499906,n1261,false,0.08097399015486978,0.9237484224118317,0,8921,false,501,3,0.7460046160262621,0.37655349602542837,null
651006,6497394,94829,411580,144597,52450,42379,296126,0,85249,59348,21542,30908,57254,100579,104641,0,20800,64449,28820,30528,190999,6306395,25997,163879,1123,9609,16388,2699,6910,12373,4015,163813,66,73024,90789,66,0,483,640,483,0,640,0,2686847,3619548,661542,2025305,1119642,2499906,n1270,false,0.0937462822776164,0.7957585220634048,0,507,false,501,4,0.8867722586500895,0.33002943688484865,null
651006,6497394,94829,411580,144597,52450,42379,296126,0,85249,59348,21542,30908,57254,100579,104641,0,20800,64449,28820,30528,190999,6306395,25997,163879,1123,9609,16388,2699,6910,12373,4015,163813,66,73024,90789,66,0,483,640,483,0,640,0,2686847,3619548,661542,2025305,1119642,2499906,n1280,false,0.654665087572445,0.5704829737003005,0,14800,false,0,0,0.8049781142935724,0.2851638036066422,null
651006,6497394,94829,411580,144597,52450,42379,296126,0,85249,59348,21542,30908,57254,100579,104641,0,20800,64449,28820,30528,190999,6306395,25997,163879,1123,9609,16388,2699,6910,12373,4015,163813,66,73024,90789,66,0,483,640,483,0,640,0,2686847,3619548,661542,2025305,1119642,2499906,n1282,false,0.22580649406420414,0.5235251151409928,0,9399,false,501,4,0.4991988333508064,0.8961877050835345,null
651006,6497394,94829,411580,144597,52450,42379,296126,0,85249,59348,21542,30908,57254,100579,104641,0,20800,64449,28820,30528,190999,6306395,25997,163879,1123,9609,16388,2699,6910,12373,4015,163813,66,73024,90789,66,0,483,640,483,0,640,0,2686847,3619548,661542,2025305,1119642,2499906,n1287,false,0.8926498764546563,0.5037086857537002,0,1435,false,502,7,0.9503961732885201,0.30339313188544953,null
651006,6497394,94829,411580,144597,52450,42379,296126,0,85249,59348,21542,30908,57254,100579,104641,0,20800,64449,28820,30528,190999,6306395,25997,163879,1123,9609,16388,2699,6910,12373,4015,163813,66,73024,90789,66,0,483,640,483,0,640,0,2686847,3619548,661542,2025305,1119642,2499906,n1289,false,0.5238230711726518,0.8545174264823612,0,14585,false,500,2,0.2559176875222683,0.6781937539425005,null
651006,6497394,94829,411580,144597,52450,42379,296126,0,85249,59348,21542,30908,57254,100579,104641,0,20800,64449,28820,30528,190999,6306395,25997,163879,1123,9609,16388,2699,6910,12373,4015,163813,66,73024,90789,66,0,483,640,483,0,640,0,2686847,3619548,661542,2025305,1119642,2499906,n1290,false,0.7204366835735508,0.7930268679857666,0,5701,false,502,5,0.9240275015909254,0.45170216199175117,null
651006,6497394,94829,411580,144597,52450,42379,296126,0,85249,59348,21542,30908,57254,100579,104641,0,20800,64449,28820,30528,190999,6306395,25997,163879,1123,9609,16388,2699,6910,12373,4015,163813,66,73024,90789,66,0,483,640,483,0,640,0,2686847,3619548,661542,2025305,1119642,2499906,n1296,false,0.999997969470317,0.9316712356849329,0,14800,false,0,0,0.546689005971026,0.29663200101893317,null
651006,6497394,94829,411580,144597,52450,42379,296126,0,85249,59348,21542,30908,57254,100579,104641,0,20800,64449,28820,30528,190999,6306395,25997,163879,1123,9609,16388,2699,6910,12373,4015,163813,66,73024,90789,66,0,483,640,483,0,640,0,2686847,3619548,661542,2025305,1119642,2499906,n1302,false,0.6350764811710315,0.6729271711445309,0,1177,false,500,2,0.7630069068074011,0.4792448817131946,null
651006,6497394,94829,411580,144597,52450,42379,296126,0,85249,59348,21542,30908,57254,100579,104641,0,20800,64449,28820,30528,190999,6306395,25997,163879,1123,9609,16388,2699,6910,12373,4015,163813,66,73024,90789,66,0,483,640,483,0,640,0,2686847,3619548,661542,2025305,1119642,2499906,n1305,true,0.2557903490776672,0.10361342223843129,11,14800,false,0,0,0.5402294140641656,0.050878237331599685,null
651006,6497394,94829,411580,144597,52450,42379,296126,0,85249,59348,21542,30908,57254,100579,104641,0,20800,64449,28820,30528,190999,6306395,25997,163879,1123,9609,16388,2699,6910,12373,4015,163813,66,73024,90789,66,0,483,640,483,0,640,0,2686847,3619548,661542,2025305,1119642,2499906,n1311,false,0.4763154113382032,0.9969775559268951,0,1446,false,501,4,0.4425877550485082,0.8147835059953437,null
651006,6497394,94829,411580,144597,52450,42379,296126,0,85249,59348,21542,30908,57254,100579,104641,0,20800,64449,28820,30528,190999,6306395,25997,163879,1123,9609,16388,2699,6910,12373,4015,163813,66,73024,90789,66,0,483,640,483,0,640,0,2686847,3619548,661542,2025305,1119642,2499906,n1313,false,0.675187245074339,0.5182938483840043,0,389,false,502,5,0.30509662523193193,0.16387004752372403,null
651006,6497394,94829,411580,144597,52450,42379,296126,0,85249,59348,21542,30908,57254,100579,104641,0,20800,64449,28820,30528,190999,6306395,25997,163879,1123,9609,16388,2699,6910,12373,4015,163813,66,73024,90789,66,0,483,640,483,0,640,0,2686847,3619548,661542,2025305,1119642,2499906,n1314,false,0.03957060475457031,0.24042700288077534,0,14800,false,0,0,0.39161822399815693,0.22716587112182451,null
651006,6497394,94829,411580,144597,52450,42379,296126,0,85249,59348,21542,30908,57254,100579,104641,0,20800,64449,28820,30528,190999,6306395,25997,163879,1123,9609,16388,2699,6910,12373,4015,163813,66,73024,90789,66,0,483,640,483,0,640,0,2686847,3619548,661542,2025305,1119642,2499906,n1316,true,0.8567339351883027,0.3299499357886571,12,14800,false,0,0,0.6571110608699908,0.3036619104374998,null
651006,6497394,94829,411580,144597,52450,42379,296126,0,85249,59348,21542,30908,57254,100579,104641,0,20800,64449,28820,30528,190999,6306395,25997,163879,1123,9609,16388,2699,6910,12373,4015,163813,66,73024,90789,66,0,483,640,483,0,640,0,2686847,3619548,661542,2025305,1119642,2499906,n1318,false,0.6408254467473115,0.8880718299354887,0,14800,false,0,0,0.9585771760982118,0.9854327885308629,null
651006,6497394,94829,411580,144597,52450,42379,296126,0,85249,59348,21542,30908,57254,100579,104641,0,20800,64449,28820,30528,190999,6306395,25997,163879,1123,9609,16388,2699,6910,12373,4015,163813,66,73024,90789,66,0,483,640,483,0,640,0,2686847,3619548,661542,2025305,1119642,2499906,n1320,false,0.9012048564602723,0.5496881148011161,0,13347,false,500,1,0.6675624978775387,0.16281120862711707,null
651006,6497394,94829,411580,144597,52450,42379,296126,0,85249,59348,21542,30908,57254,100579,104641,0,20800,64449,28820,30528,190999,6306395,25997,163879,1123,9609,16388,2699,6910,12373,4015,163813,66,73024,90789,66,0,483,640,483,0,640,0,2686847,3619548,661542,2025305,1119642,2499906,n1322,false,0.08323434359080212,0.5901863231000208,0,13867,false,501,2,0.7759353569948038,0.2793940998350084,null
651006,6497394,94829,411580,144597,52450,42379,296126,0,85249,59348,21542,30908,57254,100579,104641,0,20800,64449,28820,30528,190999,6306395,25997,163879,1123,9609,16388,2699,6910,12373,4015,163813,66,73024,90789,66,0,483,640,483,0,640,0,2686847,3619548,661542,2025305,1119642,2499906,n1325,false,0.06016215148754253,0.8151318136998352,0,11338,false,500,2,0.9767659521556494,0.5587102146763145,null
651006,6497394,94829,411580,144597,52450,42379,296126,0,85249,59348,21542,30908,57254,100579,104641,0,20800,64449,28820,30528,190999,6306395,25997,163879,1123,9609,16388,2699,6910,12373,4015,163813,66,73024,90789,66,0,483,640,483,0,640,0,2686847,3619548,661542,2025305,1119642,2499906,n1326,false,0.8615556090792488,0.7589386090284568,0,9315,false,500,2,0.5770083277034985,0.5757682106089081,null
651006,6497394,94829,411580,144597,52450,42379,296126,0,85249,59348,21542,30908,57254,100579,104641,0,20800,64449,28820,30528,190999,6306395,25997,163879,1123,9609,16388,2699,6910,12373,4015,163813,66,73024,90789,66,0,483,640,483,0,640,0,2686847,3619548,661542,2025305,1119642,2499906,n1329,false,0.4547111704000334,0.8384010655114316,0,2557,false,504,11,0.6188796688756601,0.02291660048013988,null
651006,6497394,94829,411580,144597,52450,42379,296126,0,85249,59348,21542,30908,57254,100579,104641,0,20800,64449,28820,30528,190999,6306395,25997,163879,1123,9609,16388,2699,6910,12373,4015,163813,66,73024,90789,66,0,483,640,483,0,640,0,2686847,3619548,661542,2025305,1119642,2499906,n1332,false,0.9878253098467296,0.14719212626191847,0,2998,false,502,6,0.5020986861481245,0.19759846468396136,null
651006,6497394,94829,411580,144597,52450,42379,296126,0,85249,59348,21542,30908,57254,100579,104641,0,20800,64449,28820,30528,190999,6306395,25997,163879,1123,9609,16388,2699,6910,12373,4015,163813,66,73024,90789,66,0,483,640,483,0,640,0,2686847,3619548,661542,2025305,1119642,2499906,n1334,false,0.9772717675063552,0.7942797118061674,0,7722,false,500,2,0.5298434235316929,0.63270292217706,null
651006,6497394,94829,411580,144597,52450,42379,296126,0,85249,59348,21542,30908,57254,100579,104641,0,20800,64449,28820,30528,190999,6306395,25997,163879,1123,9609,16388,2699,6910,12373,4015,163813,66,73024,90789,66,0,483,640,483,0,640,0,2686847,3619548,661542,2025305,1119642,2499906,n1335,false,0.4276226929775049,0.5900796259750977,0,7050,false,500,2,0.7270302202635566,0.05812048822647764,null
651006,6497394,94829,411580,144597,52450,42379,296126,0,85249,59348,21542,30908,57254,100579,104641,0,20800,64449,28820,30528,190999,6306395,25997,163879,1123,9609,16388,2699,6910,12373,4015,163813,66,73024,90789,66,0,483,640,483,0,640,0,2686847,3619548,661542,2025305,1119642,2499906,n1348,false,0.9176286314625038,0.31981384911502897,0,14800,false,0,0,0.807029433496885,0.0614851456176575,null
651006,6497394,94829,411580,144597,52450,42379,296126,0,85249,59348,21542,30908,57254,100579,104641,0,20800,64449,28820,30528,190999,6306395,25997,163879,1123,9609,16388,2699,6910,12373,4015,163813,66,73024,90789,66,0,483,640,483,0,640,0,2686847,3619548,661542,2025305,1119642,2499906,n1354,false,0.8177678169062699,0.23529574325908714,0,14800,false,0,0,0.6523226800965833,0.9058871466237584,null
651006,6497394,94829,411580,144597,52450,42379,296126,0,85249,59348,21542,30908,57254,100579,104641,0,20800,64449,28820,30528,190999,6306395,25997,163879,1123,9609,16388,2699,6910,12373,4015,163813,66,73024,90789,66,0,483,640,483,0,640,0,2686847,3619548,661542,2025305,1119642,2499906,n1355,true,0.4151746850403264,0.6934489210165293,6,912,false,0,1,0.9325353904213984,0.21288872644023127,null
651006,6497394,94829,411580,144597,52450,42379,296126,0,85249,59348,21542,30908,57254,100579,104641,0,20800,64449,28820,30528,190999,6306395,25997,163879,1123,9609,16388,2699,6910,12373,4015,163813,66,73024,90789,66,0,483,640,483,0,640,0,2686847,3619548,661542,2025305,1119642,2499906,n1360,true,0.06429674952605002,0.4102323866289567,6,14800,false,0,0,0.6973544019104441,0.11221287504432054,null
651006,6497394,94829,411580,144597,52450,42379,296126,0,85249,59348,21542,30908,57254,100579,104641,0,20800,64449,28820,30528,190999,6306395,25997,163879,1123,9609,16388,2699,6910,12373,4015,163813,66,73024,90789,66,0,483,640,483,0,640,0,2686847,3619548,661542,2025305,1119642,2499906,n1369,true,0.5365350140693405,0.8742055140980236,6,13566,false,0,1,0.265950815023548,0.8132724932252386,null
651006,6497394,94829,411580,144597,52450,42379,296126,0,85249,59348,21542,30908,57254,100579,104641,0,20800,64449,28820,30528,190999,6306395,25997,163879,1123,9609,16388,2699,6910,12373,4015,163813,66,73024,90789,66,0,483,640,483,0,640,0,2686847,3619548,661542,2025305,1119642,2499906,n1371,false,0.42543285676458253,0.6469105067493272,0,931,false,500,2,0.7745325997753104,0.16100252297420503,null
651006,6497394,94829,411580,144597,52450,42379,296126,0,85249,59348,21542,30908,57254,100579,104641,0,20800,64449,28820,30528,190999,6306395,25997,163879,1123,9609,16388,2699,6910,12373,4015,163813,66,73024,90789,66,0,483,640,483,0,640,0,2686847,3619548,661542,2025305,1119642,2499906,n1383,false,0.7002314205659231,0.2817554525679916,0,7350,false,500,2,0.2678747686469777,0.8070554683969385,null
651006,6497394,94829,411580,144597,52450,42379,296126,0,85249,59348,21542,30908,57254,100579,104641,0,20800,64449,28820,30528,190999,6306395,25997,163879,1123,9609,16388,2699,6910,12373,4015,163813,66,73024,90789,66,0,483,640,483,0,640,0,2686847,3619548,661542,2025305,1119642,2499906,n1387,false,0.9999990056364516,0.6115094807673767,0,14800,false,0,0,0.9450974697208675,0.7116449200205903,null
651006,6497394,94829,411580,144597,52450,42379,296126,0,85249,59348,21542,30908,57254,100579,104641,0,20800,64449,28820,30528,190999,6306395,25997,163879,1123,9609,16388,2699,6910,12373,4015,163813,66,73024,90789,66,0,483,640,483,0,640,0,2686847,3619548,661542,2025305,1119642,2499906,n1388,false,0.13016564570009617,0.21914520141732613,0,1679,false,501,4,0.6945710661439066,0.8736198785813407,null
651006,6497394,94829,411580,144597,52450,42379,296126,0,85249,59348,21542,30908,57254,100579,104641,0,20800,64449,28820,30528,190999,6306395,25997,163879,1123,9609,16388,2699,6910,12373,4015,163813,66,73024,90789,66,0,483,640,483,0,640,0,2686847,3619548,661542,2025305,1119642,2499906,n1390,false,0.5544519916473354,0.9850869214745229,0,3834,false,501,2,0.7974134271021383,0.6385161947318606,null
651006,6497394,94829,411580,144597,52450,42379,296126,0,85249,59348,21542,30908,57254,100579,104641,0,20800,64449,28820,30528,190999,6306395,25997,163879,1123,9609,16388,2699,6910,12373,4015,163813,66,73024,90789,66,0,483,640,483,0,640,0,2686847,3619548,661542,2025305,1119642,2499906,n1393,false,0.22380095337530484,0.437238245149088,0,595,false,501,4,0.45944184586657305,0.7461232116210728,null
651006,6497394,94829,411580,144597,52450,42379,296126,0,85249,59348,21542,30908,57254,100579,104641,0,20800,64449,28820,30528,190999,6306395,25997,163879,1123,9609,16388,2699,6910,12373,4015,163813,66,73024,90789,66,0,483,640,483,0,640,0,2686847,3619548,661542,2025305,1119642,2499906,n1397,false,0.9999961122742475,0.3898724171115872,0,14800,false,0,0,0.6711832001308662,0.037334874119349104,null
651006,6497394,94829,411580,144597,52450,42379,296126,0,85249,59348,21542,30908,57254,100579,104641,0,20800,64449,28820,30528,190999,6306395,25997,163879,1123,9609,16388,2699,6910,12373,4015,163813,66,73024,90789,66,0,483,640,483,0,640,0,2686847,3619548,661542,2025305,1119642,2499906,n1399,false,0.29023884567257585,0.6377063664919399,0,8294,false,501,3,0.8715309410008016,0.8501702195385381,null
651006,6497394,94829,411580,144597,52450,42379,296126,0,85249,59348,21542,30908,57254,100579,104641,0,20800,64449,28820,30528,190999,6306395,25997,163879,1123,9609,16388,2699,6910,12373,4015,163813,66,73024,90789,66,0,483,640,483,0,640,0,2686847,3619548,661542,2025305,1119642,2499906,n1402,false,0.999995831839427,0.52226611318155,0,2065,false,501,2,0.5823719326302631,0.2697393287594676,null
651006,6497394,94829,411580,144597,52450,42379,296126,0,85249,59348,21542,30908,57254,100579,104641,0,20800,64449,28820,30528,190999,6306395,25997,163879,1123,9609,16388,2699,6910,12373,4015,163813,66,73024,90789,66,0,483,640,483,0,640,0,2686847,3619548,661542,2025305,1119642,2499906,n1405,false,0.6977198450839547,0.7817235249197576,0,14800,false,500,0,0.9573444013166705,0.5623888593025363,null
651006,6497394,94829,411580,144597,52450,42379,296126,0,85249,59348,21542,30908,57254,100579,104641,0,20800,64449,28820,30528,190999,6306395,25997,163879,1123,9609,16388,2699,6910,12373,4015,163813,66,73024,90789,66,0,483,640,483,0,640,0,2686847,3619548,661542,2025305,1119642,2499906,n1407,false,0.861979975046301,0.47881683505415096,0,14800,false,0,0,0.94098973471976,0.9883512813254488,null
651006,6497394,94829,411580,144597,52450,42379,296126,0,85249,59348,21542,30908,57254,100579,104641,0,20800,64449,28820,30528,190999,6306395,25997,163879,1123,9609,16388,2699,6910,12373,4015,163813,66,73024,90789,66,0,483,640,483,0,640,0,2686847,3619548,661542,2025305,1119642,2499906,n1411,false,0.615388053817326,0.4331274137432582,0,372,false,503,8,0.852857018520623,0.5805594148541064,null
651006,6497394,94829,411580,144597,52450,42379,296126,0,85249,59348,21542,30908,57254,100579,104641,0,20800,64449,28820,30528,190999,6306395,25997,163879,1123,9609,16388,2699,6910,12373,4015,163813,66,73024,90789,66,0,483,640,483,0,640,0,2686847,3619548,661542,2025305,1119642,2499906,n1414,false,0.7794569583252152,0.2703568720118563,0,202,true,202,2,0.8519723848044717,0.9097885615499155,null
651006,6497394,94829,411580,144597,52450,42379,296126,0,85249,59348,21542,30908,57254,100579,104641,0,20800,64449,28820,30528,190999,6306395,25997,163879,1123,9609,16388,2699,6910,12373,4015,163813,66,73024,90789,66,0,483,640,483,0,640,0,2686847,3619548,661542,2025305,1119642,2499906,n1421,false,0.3119070159468881,0.1783548977716538,0,5229,false,500,2,0.3366845274945687,0.8370316581337034,null
651006,6497394,94829,411580,144597,52450,42379,296126,0,85249,59348,21542,30908,57254,100579,104641,0,20800,64449,28820,30528,190999,6306395,25997,163879,1123,9609,16388,2699,6910,12373,4015,163813,66,73024,90789,66,0,483,640,483,0,640,0,2686847,3619548,661542,2025305,1119642,2499906,n1425,false,0.7297660205748003,0.6275618937541045,0,8463,false,500,2,0.7375562695967433,0.6193802280735033,null
651006,6497394,94829,411580,144597,52450,42379,296126,0,85249,59348,21542,30908,57254,100579,104641,0,20800,64449,28820,30528,190999,6306395,25997,163879,1123,9609,16388,2699,6910,12373,4015,163813,66,73024,90789,66,0,483,640,483,0,640,0,2686847,3619548,661542,2025305,1119642,2499906,n1427,false,0.8269678393022672,0.979001804878674,0,440,false,502,6,0.41593278678957757,0.7821096298263062,null
651006,6497394,94829,411580,144597,52450,42379,296126,0,85249,59348,21542,30908,57254,100579,104641,0,20800,64449,28820,30528,190999,6306395,25997,163879,1123,9609,16388,2699,6910,12373,4015,163813,66,73024,90789,66,0,483,640,483,0,640,0,2686847,3619548,661542,2025305,1119642,2499906,n1432,false,0.9999981437605333,0.11742591914311407,0,14800,false,0,0,0.4284798416070462,0.7099527353259534,null
651006,6497394,94829,411580,144597,52450,42379,296126,0,85249,59348,21542,30908,57254,100579,104641,0,20800,64449,28820,30528,190999,6306395,25997,163879,1123,9609,16388,2699,6910,12373,4015,163813,66,73024,90789,66,0,483,640,483,0,640,0,2686847,3619548,661542,2025305,1119642,2499906,n1433,false,0.9965674813721459,0.771442802253875,0,9784,false,500,2,0.9866621141015521,0.21958231912478876,null
651006,6497394,94829,411580,144597,52450,42379,296126,0,85249,59348,21542,30908,57254,100579,104641,0,20800,64449,28820,30528,190999,6306395,25997,163879,1123,9609,16388,2699,6910,12373,4015,163813,66,73024,90789,66,0,483,640,483,0,640,0,2686847,3619548,661542,2025305,1119642,2499906,n1434,false,0.9999950304965394,0.0704750060953192,0,14800,false,0,0,0.6685451122581185,0.9276623887273313,null
651006,6497394,94829,411580,144597,52450,42379,296126,0,85249,59348,21542,30908,57254,100579,104641,0,20800,64449,28820,30528,190999,6306395,25997,163879,1123,9609,16388,2699,6910,12373,4015,163813,66,73024,90789,66,0,483,640,483,0,640,0,2686847,3619548,661542,2025305,1119642,2499906,n1436,false,0.8835604859855885,0.9021696344580249,0,4165,false,501,3,0.5599079025326013,0.8911779820992034,null
651006,6497394,94829,411580,144597,52450,42379,296126,0,85249,59348,21542,30908,57254,100579,104641,0,20800,64449,28820,30528,190999,6306395,25997,163879,1123,9609,16388,2699,6910,12373,4015,163813,66,73024,90789,66,0,483,640,483,0,640,0,2686847,3619548,661542,2025305,1119642,2499906,n1437,false,0.26971147171349424,0.936133149710934,0,14798,false,500,1,0.7650624362921112,0.39443030053758626,null
651006,6497394,94829,411580,144597,52450,42379,296126,0,85249,59348,21542,30908,57254,100579,104641,0,20800,64449,28820,30528,190999,6306395,25997,163879,1123,9609,16388,2699,6910,12373,4015,163813,66,73024,90789,66,0,483,640,483,0,640,0,2686847,3619548,661542,2025305,1119642,2499906,n1443,false,0.29510499834652165,0.8240607811784914,0,14799,false,500,1,0.9606348776333918,0.6360228064839154,null
651006,6497394,94829,411580,144597,52450,42379,296126,0,85249,59348,21542,30908,57254,100579,104641,0,20800,64449,28820,30528,190999,6306395,25997,163879,1123,9609,16388,2699,6910,12373,4015,163813,66,73024,90789,66,0,483,640,483,0,640,0,2686847,3619548,661542,2025305,1119642,2499906,n1444,false,0.94081209623087,0.9581813175975779,0,7059,false,500,2,0.8459276630395427,0.5551792099929401,null
651006,6497394,94829,411580,144597,52450,42379,296126,0,85249,59348,21542,30908,57254,100579,104641,0,20800,64449,28820,30528,190999,6306395,25997,163879,1123,9609,16388,2699,6910,12373,4015,163813,66,73024,90789,66,0,483,640,483,0,640,0,2686847,3619548,661542,2025305,1119642,2499906,n1451,false,0.17994429911342696,0.1408283197483453,0,9258,false,500,2,0.9628992868912587,0.7727960768238447,null
651006,6497394,94829,411580,144597,52450,42379,296126,0,85249,59348,21542,30908,57254,100579,104641,0,20800,64449,28820,30528,190999,6306395,25997,163879,1123,9609,16388,2699,6910,12373,4015,163813,66,73024,90789,66,0,483,640,483,0,640,0,2686847,3619548,661542,2025305,1119642,2499906,n1454,false,0.8432828986630371,0.7374611336018569,0,2031,false,500,2,0.7309603259937302,0.678281385900654,null
651006,6497394,94829,411580,144597,52450,42379,296126,0,85249,59348,21542,30908,57254,100579,104641,0,20800,64449,28820,30528,190999,6306395,25997,163879,1123,9609,16388,2699,6910,12373,4015,163813,66,73024,90789,66,0,483,640,483,0,640,0,2686847,3619548,661542,2025305,1119642,2499906,n1455,false,0.201980571339886,0.6777250612258136,0,1630,false,503,8,0.7107303737843719,0.6939666521991089,null
651006,6497394,94829,411580,144597,52450,42379,296126,0,85249,59348,21542,30908,57254,100579,104641,0,20800,64449,28820,30528,190999,6306395,25997,163879,1123,9609,16388,2699,6910,12373,4015,163813,66,73024,90789,66,0,483,640,483,0,640,0,2686847,3619548,661542,2025305,1119642,2499906,n1456,false,0.7112663664422576,0.5520357075500654,0,14082,false,500,2,0.8798688404066128,0.8750831019548786,null
651006,6497394,94829,411580,144597,52450,42379,296126,0,85249,59348,21542,30908,57254,100579,104641,0,20800,64449,28820,30528,190999,6306395,25997,163879,1123,9609,16388,2699,6910,12373,4015,163813,66,73024,90789,66,0,483,640,483,0,640,0,2686847,3619548,661542,2025305,1119642,2499906,n1457,false,0.4205576772088583,0.9697396278488617,0,11716,false,500,2,0.604818137220986,0.6516659986923596,null
651006,6497394,94829,411580,144597,52450,42379,296126,0,85249,59348,21542,30908,57254,100579,104641,0,20800,64449,28820,30528,190999,6306395,25997,163879,1123,9609,16388,2699,6910,12373,4015,163813,66,73024,90789,66,0,483,640,483,0,640,0,2686847,3619548,661542,2025305,1119642,2499906,n1458,false,0.8626923145335721,0.4972133750753341,0,14800,false,0,0,0.7083380877600544,0.8191957096107002,null
651006,6497394,94829,411580,144597,52450,42379,296126,0,85249,59348,21542,30908,57254,100579,104641,0,20800,64449,28820,30528,190999,6306395,25997,163879,1123,9609,16388,2699,6910,12373,4015,163813,66,73024,90789,66,0,483,640,483,0,640,0,2686847,3619548,661542,2025305,1119642,2499906,n1462,false,0.9999951778747285,0.1251832983642832,0,1007,false,503,7,0.8871603722523915,0.6397435640268837,null
651006,6497394,94829,411580,144597,52450,42379,296126,0,85249,59348,21542,30908,57254,100579,104641,0,20800,64449,28820,30528,190999,6306395,25997,163879,1123,9609,16388,2699,6910,12373,4015,163813,66,73024,90789,66,0,483,640,483,0,640,0,2686847,3619548,661542,2025305,1119642,2499906,n1463,false,0.4555398096009977,0.724663466552858,0,14800,false,0,0,0.9093806319228173,0.6921387998293673,null
651006,6497394,94829,411580,144597,52450,42379,296126,0,85249,59348,21542,30908,57254,100579,104641,0,20800,64449,28820,30528,190999,6306395,25997,163879,1123,9609,16388,2699,6910,12373,4015,163813,66,73024,90789,66,0,483,640,483,0,640,0,2686847,3619548,661542,2025305,1119642,2499906,n1467,false,0.9999980204890432,0.7578845880247747,0,1754,false,502,6,0.724176562461231,0.8383063262283071,null
651006,6497394,94829,411580,144597,52450,42379,296126,0,85249,59348,21542,30908,57254,100579,104641,0,20800,64449,28820,30528,190999,6306395,25997,163879,1123,9609,16388,2699,6910,12373,4015,163813,66,73024,90789,66,0,483,640,483,0,640,0,2686847,3619548,661542,2025305,1119642,2499906,n1468,false,0.9999995425431256,0.7408590240563024,0,2247,false,502,4,0.9805492737302528,0.9233783935977001,null
651006,6497394,94829,411580,144597,52450,42379,296126,0,85249,59348,21542,30908,57254,100579,104641,0,20800,64449,28820,30528,190999,6306395,25997,163879,1123,9609,16388,2699,6910,12373,4015,163813,66,73024,90789,66,0,483,640,483,0,640,0,2686847,3619548,661542,2025305,1119642,2499906,n1469,false,0.47949048578488246,0.14796792381029622,0,2410,false,502,6,0.7121059760426428,0.07744930782915949,null
651006,6497394,94829,411580,144597,52450,42379,296126,0,85249,59348,21542,30908,57254,100579,104641,0,20800,64449,28820,30528,190999,6306395,25997,163879,1123,9609,16388,2699,6910,12373,4015,163813,66,73024,90789,66,0,483,640,483,0,640,0,2686847,3619548,661542,2025305,1119642,2499906,n1471,false,0.8797478961931072,0.9003065033925971,0,14800,false,0,0,0.7425489085071197,0.8575101448702076,null
651006,6497394,94829,411580,144597,52450,42379,296126,0,85249,59348,21542,30908,57254,100579,104641,0,20800,64449,28820,30528,190999,6306395,25997,163879,1123,9609,16388,2699,6910,12373,4015,163813,66,73024,90789,66,0,483,640,483,0,640,0,2686847,3619548,661542,2025305,1119642,2499906,n1472,false,0.3479660043088733,0.6259282293901274,0,685,false,500,2,0.4877626828398056,0.37055772562584366,null
651006,6497394,94829,411580,144597,52450,42379,296126,0,85249,59348,21542,30908,57254,100579,104641,0,20800,64449,28820,30528,190999,6306395,25997,163879,1123,9609,16388,2699,6910,12373,4015,163813,66,73024,90789,66,0,483,640,483,0,640,0,2686847,3619548,661542,2025305,1119642,2499906,n1473,false,0.5679413907862372,0.9924534277380279,0,844,false,506,14,0.6539945099772795,0.40033784722289767,null
651006,6497394,94829,411580,144597,52450,42379,296126,0,85249,59348,21542,30908,57254,100579,104641,0,20800,64449,28820,30528,190999,6306395,25997,163879,1123,9609,16388,2699,6910,12373,4015,163813,66,73024,90789,66,0,483,640,483,0,640,0,2686847,3619548,661542,2025305,1119642,2499906,n1484,false,0.5269038621767614,0.7347418960108608,0,4172,false,504,8,0.9338935438153925,0.7219747113532871,null
651006,6497394,94829,411580,144597,52450,42379,296126,0,85249,59348,21542,30908,57254,100579,104641,0,20800,64449,28820,30528,190999,6306395,25997,163879,1123,9609,16388,2699,6910,12373,4015,163813,66,73024,90789,66,0,483,640,483,0,640,0,2686847,3619548,661542,2025305,1119642,2499906,n1485,false,0.9999964018638672,0.5033282892203554,0,10242,false,500,1,0.6658331408567469,0.8489760131703171,null
651006,6497394,94829,411580,144597,52450,42379,296126,0,85249,59348,21542,30908,57254,100579,104641,0,20800,64449,28820,30528,190999,6306395,25997,163879,1123,9609,16388,2699,6910,12373,4015,163813,66,73024,90789,66,0,483,640,483,0,640,0,2686847,3619548,661542,2025305,1119642,2499906,n1488,true,0.9563165330154476,0.9146170948049497,10,14800,false,0,0,0.46230402109890256,0.35209470829499667,null
651006,6497394,94829,411580,144597,52450,42379,296126,0,85249,59348,21542,30908,57254,100579,104641,0,20800,64449,28820,30528,190999,6306395,25997,163879,1123,9609,16388,2699,6910,12373,4015,163813,66,73024,90789,66,0,483,640,483,0,640,0,2686847,3619548,661542,2025305,1119642,2499906,n1495,true,0.3177323982637553,0.6513931435536535,8,2669,false,0,1,0.7398316902742045,0.7508490819091956,null
651006,6497394,94829,411580,144597,52450,42379,296126,0,85249,59348,21542,30908,57254,100579,104641,0,20800,64449,28820,30528,190999,6306395,25997,163879,1123,9609,16388,2699,6910,12373,4015,163813,66,73024,90789,66,0,483,640,483,0,640,0,2686847,3619548,661542,2025305,1119642,2499906,n1497,false,0.10354495183931041,0.46361822805742936,0,8508,false,501,2,0.33456646544779467,0.282654514171216,null
651006,6497394,94829,411580,144597,52450,42379,296126,0,85249,59348,21542,30908,57254,100579,104641,0,20800,64449,28820,30528,190999,6306395,25997,163879,1123,9609,16388,2699,6910,12373,4015,163813,66,73024,90789,66,0,483,640,483,0,640,0,2686847,3619548,661542,2025305,1119642,2499906,n1498,false,0.5906200109831675,0.3304249508897124,0,5541,false,501,6,0.3722921020218922,0.2796932422818641,null
651006,6497394,94829,411580,144597,52450,42379,296126,0,85249,59348,21542,30908,57254,100579,104641,0,20800,64449,28820,30528,190999,6306395,25997,163879,1123,9609,16388,2699,6910,12373,4015,163813,66,73024,90789,66,0,483,640,483,0,640,0,2686847,3619548,661542,2025305,1119642,2499906,n1504,false,0.9999998457099076,0.6962024488706664,0,1375,false,502,6,0.47376616047450637,0.10184606898463444,null
651006,6497394,94829,411580,144597,52450,42379,296126,0,85249,59348,21542,30908,57254,100579,104641,0,20800,64449,28820,30528,190999,6306395,25997,163879,1123,9609,16388,2699,6910,12373,4015,163813,66,73024,90789,66,0,483,640,483,0,640,0,2686847,3619548,661542,2025305,1119642,2499906,n1512,false,0.9999976249817912,0.7652703747296214,0,10889,false,502,5,0.8984396803913567,0.9631244386249981,null
651006,6497394,94829,411580,144597,52450,42379,296126,0,85249,59348,21542,30908,57254,100579,104641,0,20800,64449,28820,30528,190999,6306395,25997,163879,1123,9609,16388,2699,6910,12373,4015,163813,66,73024,90789,66,0,483,640,483,0,640,0,2686847,3619548,661542,2025305,1119642,2499906,n1516,false,0.8107407144099802,0.563655663135794,0,606,false,503,6,0.6442636157898407,0.8897377349149456,null
651006,6497394,94829,411580,144597,52450,42379,296126,0,85249,59348,21542,30908,57254,100579,104641,0,20800,64449,28820,30528,190999,6306395,25997,163879,1123,9609,16388,2699,6910,12373,4015,163813,66,73024,90789,66,0,483,640,483,0,640,0,2686847,3619548,661542,2025305,1119642,2499906,n1519,false,0.08105283049380203,0.46579290528947553,0,7526,false,502,5,0.7541075831690471,0.5168940605133974,null
651006,6497394,94829,411580,144597,52450,42379,296126,0,85249,59348,21542,30908,57254,100579,104641,0,20800,64449,28820,30528,190999,6306395,25997,163879,1123,9609,16388,2699,6910,12373,4015,163813,66,73024,90789,66,0,483,640,483,0,640,0,2686847,3619548,661542,2025305,1119642,2499906,n1523,false,0.08723821065361873,0.7500811182646547,0,4571,false,501,4,0.9153368468826698,0.5524704773423067,null
651006,6497394,94829,411580,144597,52450,42379,296126,0,85249,59348,21542,30908,57254,100579,104641,0,20800,64449,28820,30528,190999,6306395,25997,163879,1123,9609,16388,2699,6910,12373,4015,163813,66,73024,90789,66,0,483,640,483,0,640,0,2686847,3619548,661542,2025305,1119642,2499906,n1524,false,0.11847471719716626,0.2589540054471576,0,14800,false,0,0,0.9043508075356843,0.6946815174755632,null
651006,6497394,94829,411580,144597,52450,42379,296126,0,85249,59348,21542,30908,57254,100579,104641,0,20800,64449,28820,30528,190999,6306395,25997,163879,1123,9609,16388,2699,6910,12373,4015,163813,66,73024,90789,66,0,483,640,483,0,640,0,2686847,3619548,661542,2025305,1119642,2499906,n1529,false,0.8998596742706413,0.9505020283417938,0,1367,false,501,4,0.4762250635359241,0.11907749670489387,null
651006,6497394,94829,411580,144597,52450,42379,296126,0,85249,59348,21542,30908,57254,100579,104641,0,20800,64449,28820,30528,190999,6306395,25997,163879,1123,9609,16388,2699,6910,12373,4015,163813,66,73024,90789,66,0,483,640,483,0,640,0,2686847,3619548,661542,2025305,1119642,2499906,n1541,false,0.18937993789855045,0.9677452985440891,0,1443,false,502,8,0.9908897361762252,0.5936494337586946,null
651006,6497394,94829,411580,144597,52450,42379,296126,0,85249,59348,21542,30908,57254,100579,104641,0,20800,64449,28820,30528,190999,6306395,25997,163879,1123,9609,16388,2699,6910,12373,4015,163813,66,73024,90789,66,0,483,640,483,0,640,0,2686847,3619548,661542,2025305,1119642,2499906,n1544,false,0.34543444065932616,0.8266429432675084,0,14800,false,0,0,0.48513877199815647,0.5295149419405061,null
651006,6497394,94829,411580,144597,52450,42379,296126,0,85249,59348,21542,30908,57254,100579,104641,0,20800,64449,28820,30528,190999,6306395,25997,163879,1123,9609,16388,2699,6910,12373,4015,163813,66,73024,90789,66,0,483,640,483,0,640,0,2686847,3619548,661542,2025305,1119642,2499906,n1546,false,6.013164662090837E-6,0.7077582739853435,0,9931,false,501,2,0.37755769128087746,0.602712736576831,null
651006,6497394,94829,411580,144597,52450,42379,296126,0,85249,59348,21542,30908,57254,100579,104641,0,20800,64449,28820,30528,190999,6306395,25997,163879,1123,9609,16388,2699,6910,12373,4015,163813,66,73024,90789,66,0,483,640,483,0,640,0,2686847,3619548,661542,2025305,1119642,2499906,n1555,false,0.30430925099536577,0.5470706824937988,0,1884,false,501,4,0.37645399606849983,0.599028851638144,null
651006,6497394,94829,411580,144597,52450,42379,296126,0,85249,59348,21542,30908,57254,100579,104641,0,20800,64449,28820,30528,190999,6306395,25997,163879,1123,9609,16388,2699,6910,12373,4015,163813,66,73024,90789,66,0,483,640,483,0,640,0,2686847,3619548,661542,2025305,1119642,2499906,n1569,false,0.06871625300000722,0.4623210686162341,0,36,false,503,8,0.9986170880735699,0.20465880399539582,null
651006,6497394,94829,411580,144597,52450,42379,296126,0,85249,59348,21542,30908,57254,100579,104641,0,20800,64449,28820,30528,190999,6306395,25997,163879,1123,9609,16388,2699,6910,12373,4015,163813,66,73024,90789,66,0,483,640,483,0,640,0,2686847,3619548,661542,2025305,1119642,2499906,n1572,false,0.6002101231866993,0.07666230473405555,0,8547,false,501,3,0.5061821133556007,0.12193538642600132,null
651006,6497394,94829,411580,144597,52450,42379,296126,0,85249,59348,21542,30908,57254,100579,104641,0,20800,64449,28820,30528,190999,6306395,25997,163879,1123,9609,16388,2699,6910,12373,4015,163813,66,73024,90789,66,0,483,640,483,0,640,0,2686847,3619548,661542,2025305,1119642,2499906,n1575,false,0.48381276706652676,0.7746202904199655,0,672,false,501,4,0.3885563315558611,0.6235099898930747,null
651006,6497394,94829,411580,144597,52450,42379,296126,0,85249,59348,21542,30908,57254,100579,104641,0,20800,64449,28820,30528,190999,6306395,25997,163879,1123,9609,16388,2699,6910,12373,4015,163813,66,73024,90789,66,0,483,640,483,0,640,0,2686847,3619548,661542,2025305,1119642,2499906,n1577,false,0.9779883035972124,0.021389410044150958,0,8073,false,501,2,0.5709467885347246,0.5518177389662823,null
651006,6497394,94829,411580,144597,52450,42379,296126,0,85249,59348,21542,30908,57254,100579,104641,0,20800,64449,28820,30528,190999,6306395,25997,163879,1123,9609,16388,2699,6910,12373,4015,163813,66,73024,90789,66,0,483,640,483,0,640,0,2686847,3619548,661542,2025305,1119642,2499906,n1582,false,0.7753263363570233,0.8211239546981455,0,2026,false,500,2,0.7721650718324592,0.644837165754149,null
651006,6497394,94829,411580,144597,52450,42379,296126,0,85249,59348,21542,30908,57254,100579,104641,0,20800,64449,28820,30528,190999,6306395,25997,163879,1123,9609,16388,2699,6910,12373,4015,163813,66,73024,90789,66,0,483,640,483,0,640,0,2686847,3619548,661542,2025305,1119642,2499906,n1583,false,0.7294902484024028,0.5808123094677281,0,2806,false,501,2,0.20788718816458707,0.09561459724570642,null
651006,6497394,94829,411580,144597,52450,42379,296126,0,85249,59348,21542,30908,57254,100579,104641,0,20800,64449,28820,30528,190999,6306395,25997,163879,1123,9609,16388,2699,6910,12373,4015,163813,66,73024,90789,66,0,483,640,483,0,640,0,2686847,3619548,661542,2025305,1119642,2499906,n1584,false,0.7190056061205864,0.35850918229324175,0,8250,false,501,3,0.445230878703552,0.27316225116511317,null
651006,6497394,94829,411580,144597,52450,42379,296126,0,85249,59348,21542,30908,57254,100579,104641,0,20800,64449,28820,30528,190999,6306395,25997,163879,1123,9609,16388,2699,6910,12373,4015,163813,66,73024,90789,66,0,483,640,483,0,640,0,2686847,3619548,661542,2025305,1119642,2499906,n1586,false,0.6260305733634743,0.7875423832761812,0,7120,false,501,3,0.8105491857733605,0.8194567098113209,null
651006,6497394,94829,411580,144597,52450,42379,296126,0,85249,59348,21542,30908,57254,100579,104641,0,20800,64449,28820,30528,190999,6306395,25997,163879,1123,9609,16388,2699,6910,12373,4015,163813,66,73024,90789,66,0,483,640,483,0,640,0,2686847,3619548,661542,2025305,1119642,2499906,n1587,false,0.999997864758357,0.44661174554536825,0,5253,false,501,3,0.7837111661684695,0.907876413297098,null
651006,6497394,94829,411580,144597,52450,42379,296126,0,85249,59348,21542,30908,57254,100579,104641,0,20800,64449,28820,30528,190999,6306395,25997,163879,1123,9609,16388,2699,6910,12373,4015,163813,66,73024,90789,66,0,483,640,483,0,640,0,2686847,3619548,661542,2025305,1119642,2499906,n1588,false,0.6417339397725015,0.43668056548373146,0,8655,false,501,2,0.8004636739599268,0.7376285145328588,null
651006,6497394,94829,411580,144597,52450,42379,296126,0,85249,59348,21542,30908,57254,100579,104641,0,20800,64449,28820,30528,190999,6306395,25997,163879,1123,9609,16388,2699,6910,12373,4015,163813,66,73024,90789,66,0,483,640,483,0,640,0,2686847,3619548,661542,2025305,1119642,2499906,n1589,false,0.698149564872148,0.680127792831972,0,3658,false,503,7,0.47975492797403857,0.5971526476800214,null
651006,6497394,94829,411580,144597,52450,42379,296126,0,85249,59348,21542,30908,57254,100579,104641,0,20800,64449,28820,30528,190999,6306395,25997,163879,1123,9609,16388,2699,6910,12373,4015,163813,66,73024,90789,66,0,483,640,483,0,640,0,2686847,3619548,661542,2025305,1119642,2499906,n1590,false,0.08902931256193278,0.777872659945575,0,889,false,501,3,0.8944163022936128,0.7858912685523272,null
651006,6497394,94829,411580,144597,52450,42379,296126,0,85249,59348,21542,30908,57254,100579,104641,0,20800,64449,28820,30528,190999,6306395,25997,163879,1123,9609,16388,2699,6910,12373,4015,163813,66,73024,90789,66,0,483,640,483,0,640,0,2686847,3619548,661542,2025305,1119642,2499906,n1595,false,0.6490612830664237,0.4296739487957723,0,2729,false,501,2,0.6395465078318896,0.7015421219863044,null
651006,6497394,94829,411580,144597,52450,42379,296126,0,85249,59348,21542,30908,57254,100579,104641,0,20800,64449,28820,30528,190999,6306395,25997,163879,1123,9609,16388,2699,6910,12373,4015,163813,66,73024,90789,66,0,483,640,483,0,640,0,2686847,3619548,661542,2025305,1119642,2499906,n1605,false,0.15794454221186005,0.8126727783568569,0,8853,false,500,2,0.9208778420960431,0.36010243524640034,null
651006,6497394,94829,411580,144597,52450,42379,296126,0,85249,59348,21542,30908,57254,100579,104641,0,20800,64449,28820,30528,190999,6306395,25997,163879,1123,9609,16388,2699,6910,12373,4015,163813,66,73024,90789,66,0,483,640,483,0,640,0,2686847,3619548,661542,2025305,1119642,2499906,n1606,false,0.691431416331895,0.5499712190137218,0,916,false,502,6,0.5315760378390743,0.5140196706413198,null
651006,6497394,94829,411580,144597,52450,42379,296126,0,85249,59348,21542,30908,57254,100579,104641,0,20800,64449,28820,30528,190999,6306395,25997,163879,1123,9609,16388,2699,6910,12373,4015,163813,66,73024,90789,66,0,483,640,483,0,640,0,2686847,3619548,661542,2025305,1119642,2499906,n1611,false,0.7468795336875523,0.36265528787563256,0,159,false,501,4,0.9746544269227497,0.09088244546194046,null
651006,6497394,94829,411580,144597,52450,42379,296126,0,85249,59348,21542,30908,57254,100579,104641,0,20800,64449,28820,30528,190999,6306395,25997,163879,1123,9609,16388,2699,6910,12373,4015,163813,66,73024,90789,66,0,483,640,483,0,640,0,2686847,3619548,661542,2025305,1119642,2499906,n1621,false,0.672322784551672,0.4746345747214774,0,1554,false,503,7,0.8530971953340349,0.1109760134317499,null
651006,6497394,94829,411580,144597,52450,42379,296126,0,85249,59348,21542,30908,57254,100579,104641,0,20800,64449,28820,30528,190999,6306395,25997,163879,1123,9609,16388,2699,6910,12373,4015,163813,66,73024,90789,66,0,483,640,483,0,640,0,2686847,3619548,661542,2025305,1119642,2499906,n1622,false,0.39849303103114,0.5717040653846239,0,2190,false,501,4,0.8981620465005442,0.37030980729932744,null
651006,6497394,94829,411580,144597,52450,42379,296126,0,85249,59348,21542,30908,57254,100579,104641,0,20800,64449,28820,30528,190999,6306395,25997,163879,1123,9609,16388,2699,6910,12373,4015,163813,66,73024,90789,66,0,483,640,483,0,640,0,2686847,3619548,661542,2025305,1119642,2499906,n1627,false,0.35873402859273135,0.5161184370116444,0,3446,false,500,2,0.5638843541266229,0.16267896294122897,null
651006,6497394,94829,411580,144597,52450,42379,296126,0,85249,59348,21542,30908,57254,100579,104641,0,20800,64449,28820,30528,190999,6306395,25997,163879,1123,9609,16388,2699,6910,12373,4015,163813,66,73024,90789,66,0,483,640,483,0,640,0,2686847,3619548,661542,2025305,1119642,2499906,n1628,false,0.4842694461228581,0.7658121801370644,0,1540,false,502,6,0.9520743222862754,0.7178914750631415,null
651006,6497394,94829,411580,144597,52450,42379,296126,0,85249,59348,21542,30908,57254,100579,104641,0,20800,64449,28820,30528,190999,6306395,25997,163879,1123,9609,16388,2699,6910,12373,4015,163813,66,73024,90789,66,0,483,640,483,0,640,0,2686847,3619548,661542,2025305,1119642,2499906,n1629,false,0.9999993668003185,0.9304453643211354,0,14800,false,0,0,0.9584799568209613,0.5126817119380269,null
651006,6497394,94829,411580,144597,52450,42379,296126,0,85249,59348,21542,30908,57254,100579,104641,0,20800,64449,28820,30528,190999,6306395,25997,163879,1123,9609,16388,2699,6910,12373,4015,163813,66,73024,90789,66,0,483,640,483,0,640,0,2686847,3619548,661542,2025305,1119642,2499906,n1638,false,0.08391762425836573,0.9618686065275203,0,126,true,126,2,0.5544007147760951,0.08178335213723686,null
651006,6497394,94829,411580,144597,52450,42379,296126,0,85249,59348,21542,30908,57254,100579,104641,0,20800,64449,28820,30528,190999,6306395,25997,163879,1123,9609,16388,2699,6910,12373,4015,163813,66,73024,90789,66,0,483,640,483,0,640,0,2686847,3619548,661542,2025305,1119642,2499906,n1640,false,0.8717126541212072,0.9000136361637399,0,2879,false,502,5,0.6268016703588599,0.2588184761441852,null
651006,6497394,94829,411580,144597,52450,42379,296126,0,85249,59348,21542,30908,57254,100579,104641,0,20800,64449,28820,30528,190999,6306395,25997,163879,1123,9609,16388,2699,6910,12373,4015,163813,66,73024,90789,66,0,483,640,483,0,640,0,2686847,3619548,661542,2025305,1119642,2499906,n1642,false,0.30391589754293885,0.7307914845395849,0,14800,false,0,0,0.8422426720998455,0.15371655479767887,null
651006,6497394,94829,411580,144597,52450,42379,296126,0,85249,59348,21542,30908,57254,100579,104641,0,20800,64449,28820,30528,190999,6306395,25997,163879,1123,9609,16388,2699,6910,12373,4015,163813,66,73024,90789,66,0,483,640,483,0,640,0,2686847,3619548,661542,2025305,1119642,2499906,n1653,false,0.9999956402756616,0.9992177980361078,0,5871,false,501,4,0.7819777937197862,0.13653096312503865,null
651006,6497394,94829,411580,144597,52450,42379,296126,0,85249,59348,21542,30908,57254,100579,104641,0,20800,64449,28820,30528,190999,6306395,25997,163879,1123,9609,16388,2699,6910,12373,4015,163813,66,73024,90789,66,0,483,640,483,0,640,0,2686847,3619548,661542,2025305,1119642,2499906,n1654,false,0.28996182742129994,0.04714849106558716,0,14799,false,500,1,0.7899462030023511,0.8529749396832567,null
651006,6497394,94829,411580,144597,52450,42379,296126,0,85249,59348,21542,30908,57254,100579,104641,0,20800,64449,28820,30528,190999,6306395,25997,163879,1123,9609,16388,2699,6910,12373,4015,163813,66,73024,90789,66,0,483,640,483,0,640,0,2686847,3619548,661542,2025305,1119642,2499906,n1662,false,0.4768035307219399,0.09800616153445518,0,14800,false,0,0,0.7977474073570918,0.5941386465216544,null
651006,6497394,94829,411580,144597,52450,42379,296126,0,85249,59348,21542,30908,57254,100579,104641,0,20800,64449,28820,30528,190999,6306395,25997,163879,1123,9609,16388,2699,6910,12373,4015,163813,66,73024,90789,66,0,483,640,483,0,640,0,2686847,3619548,661542,2025305,1119642,2499906,n1665,false,0.9999995079653429,0.7414697332251785,0,12647,false,500,2,0.7669496607965185,0.9675812141227561,null
651006,6497394,94829,411580,144597,52450,42379,296126,0,85249,59348,21542,30908,57254,100579,104641,0,20800,64449,28820,30528,190999,6306395,25997,163879,1123,9609,16388,2699,6910,12373,4015,163813,66,73024,90789,66,0,483,640,483,0,640,0,2686847,3619548,661542,2025305,1119642,2499906,n1666,true,0.8997958851364172,0.24230474185269107,7,7741,false,0,1,0.938236121951294,0.28507607384057077,null
651006,6497394,94829,411580,144597,52450,42379,296126,0,85249,59348,21542,30908,57254,100579,104641,0,20800,64449,28820,30528,190999,6306395,25997,163879,1123,9609,16388,2699,6910,12373,4015,163813,66,73024,90789,66,0,483,640,483,0,640,0,2686847,3619548,661542,2025305,1119642,2499906,n1668,false,0.6663470497706898,0.9425152829097186,0,5196,false,504,10,0.5018600637445996,0.5613229446909258,null
651006,6497394,94829,411580,144597,52450,42379,296126,0,85249,59348,21542,30908,57254,100579,104641,0,20800,64449,28820,30528,190999,6306395,25997,163879,1123,9609,16388,2699,6910,12373,4015,163813,66,73024,90789,66,0,483,640,483,0,640,0,2686847,3619548,661542,2025305,1119642,2499906,n1674,false,0.28978302271353484,0.04994483825073881,0,14798,false,500,1,0.8054992369147068,0.9283035184214476,null
651006,6497394,94829,411580,144597,52450,42379,296126,0,85249,59348,21542,30908,57254,100579,104641,0,20800,64449,28820,30528,190999,6306395,25997,163879,1123,9609,16388,2699,6910,12373,4015,163813,66,73024,90789,66,0,483,640,483,0,640,0,2686847,3619548,661542,2025305,1119642,2499906,n1680,false,0.08219934763781443,0.8789546923502529,0,6813,false,501,4,0.9226460105516259,0.12200930145948097,null
651006,6497394,94829,411580,144597,52450,42379,296126,0,85249,59348,21542,30908,57254,100579,104641,0,20800,64449,28820,30528,190999,6306395,25997,163879,1123,9609,16388,2699,6910,12373,4015,163813,66,73024,90789,66,0,483,640,483,0,640,0,2686847,3619548,661542,2025305,1119642,2499906,n1681,true,0.7795584840692209,0.9910087058249504,7,975,false,500,5,0.43801232451620553,0.4979201534500223,null
651006,6497394,94829,411580,144597,52450,42379,296126,0,85249,59348,21542,30908,57254,100579,104641,0,20800,64449,28820,30528,190999,6306395,25997,163879,1123,9609,16388,2699,6910,12373,4015,163813,66,73024,90789,66,0,483,640,483,0,640,0,2686847,3619548,661542,2025305,1119642,2499906,n1682,false,0.9830839566543016,0.36660266315720275,0,8665,false,500,2,0.8898414175717035,0.8352381947032645,null
651006,6497394,94829,411580,144597,52450,42379,296126,0,85249,59348,21542,30908,57254,100579,104641,0,20800,64449,28820,30528,190999,6306395,25997,163879,1123,9609,16388,2699,6910,12373,4015,163813,66,73024,90789,66,0,483,640,483,0,640,0,2686847,3619548,661542,2025305,1119642,2499906,n1689,false,0.16187880348049571,0.8516612703171603,0,3992,false,503,8,0.2771548457616495,0.3157539207388065,null
651006,6497394,94829,411580,144597,52450,42379,296126,0,85249,59348,21542,30908,57254,100579,104641,0,20800,64449,28820,30528,190999,6306395,25997,163879,1123,9609,16388,2699,6910,12373,4015,163813,66,73024,90789,66,0,483,640,483,0,640,0,2686847,3619548,661542,2025305,1119642,2499906,n1692,false,0.3149613958459313,0.14921566107128925,0,4939,false,502,5,0.7608759877928518,0.6377710235531461,null
651006,6497394,94829,411580,144597,52450,42379,296126,0,85249,59348,21542,30908,57254,100579,104641,0,20800,64449,28820,30528,190999,6306395,25997,163879,1123,9609,16388,2699,6910,12373,4015,163813,66,73024,90789,66,0,483,640,483,0,640,0,2686847,3619548,661542,2025305,1119642,2499906,n1697,false,0.26183923623841304,0.6622464837254045,0,8926,false,500,2,0.7482791188747085,0.9036924801061148,null
651006,6497394,94829,411580,144597,52450,42379,296126,0,85249,59348,21542,30908,57254,100579,104641,0,20800,64449,28820,30528,190999,6306395,25997,163879,1123,9609,16388,2699,6910,12373,4015,163813,66,73024,90789,66,0,483,640,483,0,640,0,2686847,3619548,661542,2025305,1119642,2499906,n1700,true,0.8766224150836326,0.6978081666934481,10,14758,false,0,1,0.7436575993149548,0.7741555398660945,null
651006,6497394,94829,411580,144597,52450,42379,296126,0,85249,59348,21542,30908,57254,100579,104641,0,20800,64449,28820,30528,190999,6306395,25997,163879,1123,9609,16388,2699,6910,12373,4015,163813,66,73024,90789,66,0,483,640,483,0,640,0,2686847,3619548,661542,2025305,1119642,2499906,n1703,false,0.1629689025313036,0.1844057561354856,0,6557,false,501,2,0.776374384575269,0.7915494192261113,null
651006,6497394,94829,411580,144597,52450,42379,296126,0,85249,59348,21542,30908,57254,100579,104641,0,20800,64449,28820,30528,190999,6306395,25997,163879,1123,9609,16388,2699,6910,12373,4015,163813,66,73024,90789,66,0,483,640,483,0,640,0,2686847,3619548,661542,2025305,1119642,2499906,n1706,false,0.918795958129501,0.7403599265825593,0,2041,false,504,9,0.7366320458131169,0.3691051593728176,null
651006,6497394,94829,411580,144597,52450,42379,296126,0,85249,59348,21542,30908,57254,100579,104641,0,20800,64449,28820,30528,190999,6306395,25997,163879,1123,9609,16388,2699,6910,12373,4015,163813,66,73024,90789,66,0,483,640,483,0,640,0,2686847,3619548,661542,2025305,1119642,2499906,n1708,false,0.2541044421006187,0.9730298719977294,0,2591,false,501,4,0.7950241136226787,0.8496787370455747,null
651006,6497394,94829,411580,144597,52450,42379,296126,0,85249,59348,21542,30908,57254,100579,104641,0,20800,64449,28820,30528,190999,6306395,25997,163879,1123,9609,16388,2699,6910,12373,4015,163813,66,73024,90789,66,0,483,640,483,0,640,0,2686847,3619548,661542,2025305,1119642,2499906,n1716,false,0.7549312802594159,0.5306121769957887,0,13584,false,501,2,0.7692182500171035,0.598489867259322,null
651006,6497394,94829,411580,144597,52450,42379,296126,0,85249,59348,21542,30908,57254,100579,104641,0,20800,64449,28820,30528,190999,6306395,25997,163879,1123,9609,16388,2699,6910,12373,4015,163813,66,73024,90789,66,0,483,640,483,0,640,0,2686847,3619548,661542,2025305,1119642,2499906,n1730,false,0.2358297805105047,0.8934233594094866,0,12097,false,500,2,0.8372106038531422,0.14579545214445222,null
651006,6497394,94829,411580,144597,52450,42379,296126,0,85249,59348,21542,30908,57254,100579,104641,0,20800,64449,28820,30528,190999,6306395,25997,163879,1123,9609,16388,2699,6910,12373,4015,163813,66,73024,90789,66,0,483,640,483,0,640,0,2686847,3619548,661542,2025305,1119642,2499906,n1731,false,0.26681045369632345,0.7078068063291558,0,4024,false,500,2,0.19204599763508756,0.4515105645905598,null
651006,6497394,94829,411580,144597,52450,42379,296126,0,85249,59348,21542,30908,57254,100579,104641,0,20800,64449,28820,30528,190999,6306395,25997,163879,1123,9609,16388,2699,6910,12373,4015,163813,66,73024,90789,66,0,483,640,483,0,640,0,2686847,3619548,661542,2025305,1119642,2499906,n1732,false,0.37236304268519305,0.9555217857985708,0,14800,false,0,0,0.9997841825090046,0.4523441315772038,null
651006,6497394,94829,411580,144597,52450,42379,296126,0,85249,59348,21542,30908,57254,100579,104641,0,20800,64449,28820,30528,190999,6306395,25997,163879,1123,9609,16388,2699,6910,12373,4015,163813,66,73024,90789,66,0,483,640,483,0,640,0,2686847,3619548,661542,2025305,1119642,2499906,n1733,false,0.5561591809162045,0.1705872908029885,0,4375,false,501,4,0.8173771761486769,0.6660066472481094,null
651006,6497394,94829,411580,144597,52450,42379,296126,0,85249,59348,21542,30908,57254,100579,104641,0,20800,64449,28820,30528,190999,6306395,25997,163879,1123,9609,16388,2699,6910,12373,4015,163813,66,73024,90789,66,0,483,640,483,0,640,0,2686847,3619548,661542,2025305,1119642,2499906,n1734,false,0.09316795038700201,0.8595102688148292,0,9722,false,500,2,0.23773487301404006,0.44469241699023404,null
651006,6497394,94829,411580,144597,52450,42379,296126,0,85249,59348,21542,30908,57254,100579,104641,0,20800,64449,28820,30528,190999,6306395,25997,163879,1123,9609,16388,2699,6910,12373,4015,163813,66,73024,90789,66,0,483,640,483,0,640,0,2686847,3619548,661542,2025305,1119642,2499906,n1739,false,0.45213118057221274,0.3710467013448182,0,14800,false,0,0,0.4372692424419424,0.953794017700413,null
651006,6497394,94829,411580,144597,52450,42379,296126,0,85249,59348,21542,30908,57254,100579,104641,0,20800,64449,28820,30528,190999,6306395,25997,163879,1123,9609,16388,2699,6910,12373,4015,163813,66,73024,90789,66,0,483,640,483,0,640,0,2686847,3619548,661542,2025305,1119642,2499906,n1741,false,0.7660404781170431,0.6464747916637535,0,14798,false,500,1,0.3750883163916947,0.9176938133040811,null
651006,6497394,94829,411580,144597,52450,42379,296126,0,85249,59348,21542,30908,57254,100579,104641,0,20800,64449,28820,30528,190999,6306395,25997,163879,1123,9609,16388,2699,6910,12373,4015,163813,66,73024,90789,66,0,483,640,483,0,640,0,2686847,3619548,661542,2025305,1119642,2499906,n1745,false,0.4436071844902797,0.9814590897777976,0,14300,false,500,2,0.7653042244154395,0.10516561519121959,null
651006,6497394,94829,411580,144597,52450,42379,296126,0,85249,59348,21542,30908,57254,100579,104641,0,20800,64449,28820,30528,190999,6306395,25997,163879,1123,9609,16388,2699,6910,12373,4015,163813,66,73024,90789,66,0,483,640,483,0,640,0,2686847,3619548,661542,2025305,1119642,2499906,n1747,false,0.8839145588996346,0.11463035068118843,0,3455,false,501,6,0.7299292998673217,0.9464168613867514,null
651006,6497394,94829,411580,144597,52450,42379,296126,0,85249,59348,21542,30908,57254,100579,104641,0,20800,64449,28820,30528,190999,6306395,25997,163879,1123,9609,16388,2699,6910,12373,4015,163813,66,73024,90789,66,0,483,640,483,0,640,0,2686847,3619548,661542,2025305,1119642,2499906,n1751,false,0.33807964875347574,0.784977341089262,0,2721,false,502,6,0.7860915998220983,0.44360020230632097,null
651006,6497394,94829,411580,144597,52450,42379,296126,0,85249,59348,21542,30908,57254,100579,104641,0,20800,64449,28820,30528,190999,6306395,25997,163879,1123,9609,16388,2699,6910,12373,4015,163813,66,73024,90789,66,0,483,640,483,0,640,0,2686847,3619548,661542,2025305,1119642,2499906,n1754,false,0.46172238249576836,0.8533850359174788,0,1112,false,501,4,0.8395365122317283,0.7271327849699253,null
651006,6497394,94829,411580,144597,52450,42379,296126,0,85249,59348,21542,30908,57254,100579,104641,0,20800,64449,28820,30528,190999,6306395,25997,163879,1123,9609,16388,2699,6910,12373,4015,163813,66,73024,90789,66,0,483,640,483,0,640,0,2686847,3619548,661542,2025305,1119642,2499906,n1756,false,0.509919136093844,0.12555789955506724,0,1408,false,502,6,0.6017490015112381,0.8728310312698947,null
651006,6497394,94829,411580,144597,52450,42379,296126,0,85249,59348,21542,30908,57254,100579,104641,0,20800,64449,28820,30528,190999,6306395,25997,163879,1123,9609,16388,2699,6910,12373,4015,163813,66,73024,90789,66,0,483,640,483,0,640,0,2686847,3619548,661542,2025305,1119642,2499906,n1758,false,0.3163347515707896,0.3994388794062305,0,11819,false,501,3,0.5897437994282038,0.7781692518279009,null
651006,6497394,94829,411580,144597,52450,42379,296126,0,85249,59348,21542,30908,57254,100579,104641,0,20800,64449,28820,30528,190999,6306395,25997,163879,1123,9609,16388,2699,6910,12373,4015,163813,66,73024,90789,66,0,483,640,483,0,640,0,2686847,3619548,661542,2025305,1119642,2499906,n1767,true,0.5768314161052397,0.038394921338049004,0,3149,false,500,3,0.8390128853039012,0.059561411687750865,null
651006,6497394,94829,411580,144597,52450,42379,296126,0,85249,59348,21542,30908,57254,100579,104641,0,20800,64449,28820,30528,190999,6306395,25997,163879,1123,9609,16388,2699,6910,12373,4015,163813,66,73024,90789,66,0,483,640,483,0,640,0,2686847,3619548,661542,2025305,1119642,2499906,n1768,false,0.07779428092125645,0.7181034140960574,0,9906,false,500,2,0.3332696423673879,0.9311080530913265,null
651006,6497394,94829,411580,144597,52450,42379,296126,0,85249,59348,21542,30908,57254,100579,104641,0,20800,64449,28820,30528,190999,6306395,25997,163879,1123,9609,16388,2699,6910,12373,4015,163813,66,73024,90789,66,0,483,640,483,0,640,0,2686847,3619548,661542,2025305,1119642,2499906,n1770,false,0.9999996361244511,0.1049322932689154,0,14800,false,0,0,0.6043067822427235,0.2287884997145586,null
651006,6497394,94829,411580,144597,52450,42379,296126,0,85249,59348,21542,30908,57254,100579,104641,0,20800,64449,28820,30528,190999,6306395,25997,163879,1123,9609,16388,2699,6910,12373,4015,163813,66,73024,90789,66,0,483,640,483,0,640,0,2686847,3619548,661542,2025305,1119642,2499906,n1773,true,0.8605363727125194,0.32113564001039424,8,9068,false,500,3,0.7284093343132616,0.9821576466606051,null
651006,6497394,94829,411580,144597,52450,42379,296126,0,85249,59348,21542,30908,57254,100579,104641,0,20800,64449,28820,30528,190999,6306395,25997,163879,1123,9609,16388,2699,6910,12373,4015,163813,66,73024,90789,66,0,483,640,483,0,640,0,2686847,3619548,661542,2025305,1119642,2499906,n1778,false,0.9371007719156416,0.8940484457029904,0,6678,false,502,6,0.621199103575242,0.17728137513455178,null
651006,6497394,94829,411580,144597,52450,42379,296126,0,85249,59348,21542,30908,57254,100579,104641,0,20800,64449,28820,30528,190999,6306395,25997,163879,1123,9609,16388,2699,6910,12373,4015,163813,66,73024,90789,66,0,483,640,483,0,640,0,2686847,3619548,661542,2025305,1119642,2499906,n1779,false,0.27799275054299455,0.8517708347329604,0,1180,false,503,7,0.19554267158515914,0.25999247300828066,null
651006,6497394,94829,411580,144597,52450,42379,296126,0,85249,59348,21542,30908,57254,100579,104641,0,20800,64449,28820,30528,190999,6306395,25997,163879,1123,9609,16388,2699,6910,12373,4015,163813,66,73024,90789,66,0,483,640,483,0,640,0,2686847,3619548,661542,2025305,1119642,2499906,n1782,false,0.9375393634741003,0.9340834322062304,0,3066,false,502,6,0.8108357907569556,0.9242770321856011,null
651006,6497394,94829,411580,144597,52450,42379,296126,0,85249,59348,21542,30908,57254,100579,104641,0,20800,64449,28820,30528,190999,6306395,25997,163879,1123,9609,16388,2699,6910,12373,4015,163813,66,73024,90789,66,0,483,640,483,0,640,0,2686847,3619548,661542,2025305,1119642,2499906,n1784,false,0.4318699251690781,0.5428588909127258,0,4713,false,502,6,0.3820953957161881,0.01507773195522677,null
651006,6497394,94829,411580,144597,52450,42379,296126,0,85249,59348,21542,30908,57254,100579,104641,0,20800,64449,28820,30528,190999,6306395,25997,163879,1123,9609,16388,2699,6910,12373,4015,163813,66,73024,90789,66,0,483,640,483,0,640,0,2686847,3619548,661542,2025305,1119642,2499906,n1790,false,0.9999983638315073,0.07206491794862768,0,4338,false,503,10,0.5362113142338214,0.40661893063035826,null
651006,6497394,94829,411580,144597,52450,42379,296126,0,85249,59348,21542,30908,57254,100579,104641,0,20800,64449,28820,30528,190999,6306395,25997,163879,1123,9609,16388,2699,6910,12373,4015,163813,66,73024,90789,66,0,483,640,483,0,640,0,2686847,3619548,661542,2025305,1119642,2499906,n1796,false,0.46274729673186465,0.5076323385597457,0,5192,false,500,2,0.8631510728772911,0.30978999734337725,null
651006,6497394,94829,411580,144597,52450,42379,296126,0,85249,59348,21542,30908,57254,100579,104641,0,20800,64449,28820,30528,190999,6306395,25997,163879,1123,9609,16388,2699,6910,12373,4015,163813,66,73024,90789,66,0,483,640,483,0,640,0,2686847,3619548,661542,2025305,1119642,2499906,n1799,true,0.9401559104179227,0.867121938774269,0,728,false,500,2,0.1786720500913903,0.30863767917122314,null
651006,6497394,94829,411580,144597,52450,42379,296126,0,85249,59348,21542,30908,57254,100579,104641,0,20800,64449,28820,30528,190999,6306395,25997,163879,1123,9609,16388,2699,6910,12373,4015,163813,66,73024,90789,66,0,483,640,483,0,640,0,2686847,3619548,661542,2025305,1119642,2499906,n1800,false,0.597788371494776,0.5171058339504844,0,5540,false,503,8,0.9084899695047017,0.5519508495818213,null
651006,6497394,94829,411580,144597,52450,42379,296126,0,85249,59348,21542,30908,57254,100579,104641,0,20800,64449,28820,30528,190999,6306395,25997,163879,1123,9609,16388,2699,6910,12373,4015,163813,66,73024,90789,66,0,483,640,483,0,640,0,2686847,3619548,661542,2025305,1119642,2499906,n1806,false,0.42127215572214666,0.3707624344921338,0,14800,false,0,0,0.7830608253929228,0.8403587416687113,null
651006,6497394,94829,411580,144597,52450,42379,296126,0,85249,59348,21542,30908,57254,100579,104641,0,20800,64449,28820,30528,190999,6306395,25997,163879,1123,9609,16388,2699,6910,12373,4015,163813,66,73024,90789,66,0,483,640,483,0,640,0,2686847,3619548,661542,2025305,1119642,2499906,n1807,false,0.8490011179392312,0.2672890803999869,0,14800,false,0,0,0.6257184615383706,0.9413259237274123,null
651006,6497394,94829,411580,144597,52450,42379,296126,0,85249,59348,21542,30908,57254,100579,104641,0,20800,64449,28820,30528,190999,6306395,25997,163879,1123,9609,16388,2699,6910,12373,4015,163813,66,73024,90789,66,0,483,640,483,0,640,0,2686847,3619548,661542,2025305,1119642,2499906,n1810,false,0.6569496446989241,0.10457866021342255,0,6439,false,504,8,0.8850724920694307,0.19762953582384868,null
651006,6497394,94829,411580,144597,52450,42379,296126,0,85249,59348,21542,30908,57254,100579,104641,0,20800,64449,28820,30528,190999,6306395,25997,163879,1123,9609,16388,2699,6910,12373,4015,163813,66,73024,90789,66,0,483,640,483,0,640,0,2686847,3619548,661542,2025305,1119642,2499906,n1813,false,0.17266520609925112,0.12304362814575176,0,5428,false,502,6,0.8419852654113453,0.5240230849061679,null
651006,6497394,94829,411580,144597,52450,42379,296126,0,85249,59348,21542,30908,57254,100579,104641,0,20800,64449,28820,30528,190999,6306395,25997,163879,1123,9609,16388,2699,6910,12373,4015,163813,66,73024,90789,66,0,483,640,483,0,640,0,2686847,3619548,661542,2025305,1119642,2499906,n1817,false,0.061964168210790545,0.03069751238433638,0,2566,false,502,5,0.987393325142597,0.7620643899275087,null
651006,6497394,94829,411580,144597,52450,42379,296126,0,85249,59348,21542,30908,57254,100579,104641,0,20800,64449,28820,30528,190999,6306395,25997,163879,1123,9609,16388,2699,6910,12373,4015,163813,66,73024,90789,66,0,483,640,483,0,640,0,2686847,3619548,661542,2025305,1119642,2499906,n1834,false,0.900407544422992,0.08607097093513705,0,2675,false,501,4,0.033485793219661275,0.5377781834030131,null
651006,6497394,94829,411580,144597,52450,42379,296126,0,85249,59348,21542,30908,57254,100579,104641,0,20800,64449,28820,30528,190999,6306395,25997,163879,1123,9609,16388,2699,6910,12373,4015,163813,66,73024,90789,66,0,483,640,483,0,640,0,2686847,3619548,661542,2025305,1119642,2499906,n1851,false,0.6286252749999338,0.21873757146193257,0,11719,false,500,76,0.6540011911987953,0.8319938813859924,null
651006,6497394,94829,411580,144597,52450,42379,296126,0,85249,59348,21542,30908,57254,100579,104641,0,20800,64449,28820,30528,190999,6306395,25997,163879,1123,9609,16388,2699,6910,12373,4015,163813,66,73024,90789,66,0,483,640,483,0,640,0,2686847,3619548,661542,2025305,1119642,2499906,n1863,false,0.6765465955968609,0.9267765663938962,0,14800,false,0,0,0.6733098086086566,0.9053995136542418,null
651006,6497394,94829,411580,144597,52450,42379,296126,0,85249,59348,21542,30908,57254,100579,104641,0,20800,64449,28820,30528,190999,6306395,25997,163879,1123,9609,16388,2699,6910,12373,4015,163813,66,73024,90789,66,0,483,640,483,0,640,0,2686847,3619548,661542,2025305,1119642,2499906,n1871,false,0.9999964220390735,0.6073826138991563,0,14800,false,0,0,0.9267266650678019,0.8024710129762794,null
651006,6497394,94829,411580,144597,52450,42379,296126,0,85249,59348,21542,30908,57254,100579,104641,0,20800,64449,28820,30528,190999,6306395,25997,163879,1123,9609,16388,2699,6910,12373,4015,163813,66,73024,90789,66,0,483,640,483,0,640,0,2686847,3619548,661542,2025305,1119642,2499906,n1875,false,0.2600720446696506,0.6098557567704809,0,10444,false,501,3,0.7449633474911832,0.3600458702775448,null
651006,6497394,94829,411580,144597,52450,42379,296126,0,85249,59348,21542,30908,57254,100579,104641,0,20800,64449,28820,30528,190999,6306395,25997,163879,1123,9609,16388,2699,6910,12373,4015,163813,66,73024,90789,66,0,483,640,483,0,640,0,2686847,3619548,661542,2025305,1119642,2499906,n1878,false,0.8095487033269264,0.8374183623488614,0,14800,false,0,0,0.7242525624684244,0.786694422423731,null
651006,6497394,94829,411580,144597,52450,42379,296126,0,85249,59348,21542,30908,57254,100579,104641,0,20800,64449,28820,30528,190999,6306395,25997,163879,1123,9609,16388,2699,6910,12373,4015,163813,66,73024,90789,66,0,483,640,483,0,640,0,2686847,3619548,661542,2025305,1119642,2499906,n1883,false,0.42627359216350047,0.4746239590622926,0,14800,false,0,0,0.7565111682448937,0.7865152223499053,null
651006,6497394,94829,411580,144597,52450,42379,296126,0,85249,59348,21542,30908,57254,100579,104641,0,20800,64449,28820,30528,190999,6306395,25997,163879,1123,9609,16388,2699,6910,12373,4015,163813,66,73024,90789,66,0,483,640,483,0,640,0,2686847,3619548,661542,2025305,1119642,2499906,n1887,false,0.5940985434466144,0.7696890716679339,0,14800,false,0,0,0.9949517936086459,0.2650877522768348,null
651006,6497394,94829,411580,144597,52450,42379,296126,0,85249,59348,21542,30908,57254,100579,104641,0,20800,64449,28820,30528,190999,6306395,25997,163879,1123,9609,16388,2699,6910,12373,4015,163813,66,73024,90789,66,0,483,640,483,0,640,0,2686847,3619548,661542,2025305,1119642,2499906,n1889,true,0.9334327728943209,0.7019075731460827,19,6036,false,501,3,0.5738461757027149,0.40596925398240274,null
651006,6497394,94829,411580,144597,52450,42379,296126,0,85249,59348,21542,30908,57254,100579,104641,0,20800,64449,28820,30528,190999,6306395,25997,163879,1123,9609,16388,2699,6910,12373,4015,163813,66,73024,90789,66,0,483,640,483,0,640,0,2686847,3619548,661542,2025305,1119642,2499906,n1892,false,0.7159453661940819,0.052705974393574495,0,1139,false,502,10,0.8359302152002528,0.6950846969785237,null
651006,6497394,94829,411580,144597,52450,42379,296126,0,85249,59348,21542,30908,57254,100579,104641,0,20800,64449,28820,30528,190999,6306395,25997,163879,1123,9609,16388,2699,6910,12373,4015,163813,66,73024,90789,66,0,483,640,483,0,640,0,2686847,3619548,661542,2025305,1119642,2499906,n1894,false,0.7765802079509887,0.0048658864091796206,0,7959,false,501,4,0.9750416026569577,0.7602961107739361,null
651006,6497394,94829,411580,144597,52450,42379,296126,0,85249,59348,21542,30908,57254,100579,104641,0,20800,64449,28820,30528,190999,6306395,25997,163879,1123,9609,16388,2699,6910,12373,4015,163813,66,73024,90789,66,0,483,640,483,0,640,0,2686847,3619548,661542,2025305,1119642,2499906,n1896,false,0.5105118661196999,0.5303365847669671,0,11715,false,500,2,0.6972590410799806,0.4615361436747387,null
651006,6497394,94829,411580,144597,52450,42379,296126,0,85249,59348,21542,30908,57254,100579,104641,0,20800,64449,28820,30528,190999,6306395,25997,163879,1123,9609,16388,2699,6910,12373,4015,163813,66,73024,90789,66,0,483,640,483,0,640,0,2686847,3619548,661542,2025305,1119642,2499906,n1897,false,0.9244124056215378,0.36301380836902525,0,14800,false,0,0,0.2808700251840486,0.7745867863185257,null
651006,6497394,94829,411580,144597,52450,42379,296126,0,85249,59348,21542,30908,57254,100579,104641,0,20800,64449,28820,30528,190999,6306395,25997,163879,1123,9609,16388,2699,6910,12373,4015,163813,66,73024,90789,66,0,483,640,483,0,640,0,2686847,3619548,661542,2025305,1119642,2499906,n1898,false,0.3805327276019031,0.4630341091377343,0,2680,false,504,8,0.517901283575697,0.33526324346551156,null
651006,6497394,94829,411580,144597,52450,42379,296126,0,85249,59348,21542,30908,57254,100579,104641,0,20800,64449,28820,30528,190999,6306395,25997,163879,1123,9609,16388,2699,6910,12373,4015,163813,66,73024,90789,66,0,483,640,483,0,640,0,2686847,3619548,661542,2025305,1119642,2499906,n1902,false,0.8966369081501603,0.9849603710163453,0,2704,false,502,4,0.4376176232240076,0.8068590221477261,null
651006,6497394,94829,411580,144597,52450,42379,296126,0,85249,59348,21542,30908,57254,100579,104641,0,20800,64449,28820,30528,190999,6306395,25997,163879,1123,9609,16388,2699,6910,12373,4015,163813,66,73024,90789,66,0,483,640,483,0,640,0,2686847,3619548,661542,2025305,1119642,2499906,n1911,false,0.5194508265766923,0.7556821459754821,0,6207,false,500,2,0.8778305306604774,0.512446920028746,null
651006,6497394,94829,411580,144597,52450,42379,296126,0,85249,59348,21542,30908,57254,100579,104641,0,20800,64449,28820,30528,190999,6306395,25997,163879,1123,9609,16388,2699,6910,12373,4015,163813,66,73024,90789,66,0,483,640,483,0,640,0,2686847,3619548,661542,2025305,1119642,2499906,n1915,false,0.9999954441436556,0.4652806630747905,0,14800,false,0,0,0.9053411061774352,0.2604587004658949,null
651006,6497394,94829,411580,144597,52450,42379,296126,0,85249,59348,21542,30908,57254,100579,104641,0,20800,64449,28820,30528,190999,6306395,25997,163879,1123,9609,16388,2699,6910,12373,4015,163813,66,73024,90789,66,0,483,640,483,0,640,0,2686847,3619548,661542,2025305,1119642,2499906,n1918,false,0.7568868807917514,0.08342850407698166,0,14800,false,0,0,0.568881741800338,0.46137936895248893,null
651006,6497394,94829,411580,144597,52450,42379,296126,0,85249,59348,21542,30908,57254,100579,104641,0,20800,64449,28820,30528,190999,6306395,25997,163879,1123,9609,16388,2699,6910,12373,4015,163813,66,73024,90789,66,0,483,640,483,0,640,0,2686847,3619548,661542,2025305,1119642,2499906,n1921,false,0.04751286028754825,0.18623748496603165,0,14800,false,0,0,0.6609856164886145,0.4869837715437323,null
651006,6497394,94829,411580,144597,52450,42379,296126,0,85249,59348,21542,30908,57254,100579,104641,0,20800,64449,28820,30528,190999,6306395,25997,163879,1123,9609,16388,2699,6910,12373,4015,163813,66,73024,90789,66,0,483,640,483,0,640,0,2686847,3619548,661542,2025305,1119642,2499906,n1931,false,0.9999967897628399,0.011839171393342007,0,11610,false,501,6,0.7801944055070439,0.7979685001806931,null
651006,6497394,94829,411580,144597,52450,42379,296126,0,85249,59348,21542,30908,57254,100579,104641,0,20800,64449,28820,30528,190999,6306395,25997,163879,1123,9609,16388,2699,6910,12373,4015,163813,66,73024,90789,66,0,483,640,483,0,640,0,2686847,3619548,661542,2025305,1119642,2499906,n1936,false,0.7864370788237393,0.7710014487504845,0,4470,false,501,2,0.3301753450738688,0.7501502182442243,null
651006,6497394,94829,411580,144597,52450,42379,296126,0,85249,59348,21542,30908,57254,100579,104641,0,20800,64449,28820,30528,190999,6306395,25997,163879,1123,9609,16388,2699,6910,12373,4015,163813,66,73024,90789,66,0,483,640,483,0,640,0,2686847,3619548,661542,2025305,1119642,2499906,n1950,false,0.8260903387069486,0.7637973264033194,0,268,true,268,2,0.36929175914054624,0.5434919231402554,null
651006,6497394,94829,411580,144597,52450,42379,296126,0,85249,59348,21542,30908,57254,100579,104641,0,20800,64449,28820,30528,190999,6306395,25997,163879,1123,9609,16388,2699,6910,12373,4015,163813,66,73024,90789,66,0,483,640,483,0,640,0,2686847,3619548,661542,2025305,1119642,2499906,n1951,false,0.9999983831509749,0.6329313931471393,0,14799,false,500,1,0.8689617950920598,0.5359557576092815,null
651006,6497394,94829,411580,144597,52450,42379,296126,0,85249,59348,21542,30908,57254,100579,104641,0,20800,64449,28820,30528,190999,6306395,25997,163879,1123,9609,16388,2699,6910,12373,4015,163813,66,73024,90789,66,0,483,640,483,0,640,0,2686847,3619548,661542,2025305,1119642,2499906,n1953,false,0.4680318069914641,0.015580412730971549,0,14800,false,0,0,0.9235664862254507,0.576858192889778,null
651006,6497394,94829,411580,144597,52450,42379,296126,0,85249,59348,21542,30908,57254,100579,104641,0,20800,64449,28820,30528,190999,6306395,25997,163879,1123,9609,16388,2699,6910,12373,4015,163813,66,73024,90789,66,0,483,640,483,0,640,0,2686847,3619548,661542,2025305,1119642,2499906,n1964,false,0.7797126474208896,0.4186639986184302,0,4302,false,501,3,0.36531696454529805,0.13349154365726623,null
651006,6497394,94829,411580,144597,52450,42379,296126,0,85249,59348,21542,30908,57254,100579,104641,0,20800,64449,28820,30528,190999,6306395,25997,163879,1123,9609,16388,2699,6910,12373,4015,163813,66,73024,90789,66,0,483,640,483,0,640,0,2686847,3619548,661542,2025305,1119642,2499906,n1973,false,0.44011203502777957,0.11831449333088062,0,3474,false,502,6,0.35349087395336376,0.40842432454815786,null
651006,6497394,94829,411580,144597,52450,42379,296126,0,85249,59348,21542,30908,57254,100579,104641,0,20800,64449,28820,30528,190999,6306395,25997,163879,1123,9609,16388,2699,6910,12373,4015,163813,66,73024,90789,66,0,483,640,483,0,640,0,2686847,3619548,661542,2025305,1119642,2499906,n1977,false,0.290702249605816,0.22169700975052353,0,1858,false,502,6,0.580478765913329,0.9879998169227286,null
651006,6497394,94829,411580,144597,52450,42379,296126,0,85249,59348,21542,30908,57254,100579,104641,0,20800,64449,28820,30528,190999,6306395,25997,163879,1123,9609,16388,2699,6910,12373,4015,163813,66,73024,90789,66,0,483,640,483,0,640,0,2686847,3619548,661542,2025305,1119642,2499906,n1990,false,0.42377193275149755,0.6572560023603807,0,5236,false,500,2,0.9344515738244116,0.9636446086363927,null
651006,6497394,94829,411580,144597,52450,42379,296126,0,85249,59348,21542,30908,57254,100579,104641,0,20800,64449,28820,30528,190999,6306395,25997,163879,1123,9609,16388,2699,6910,12373,4015,163813,66,73024,90789,66,0,483,640,483,0,640,0,2686847,3619548,661542,2025305,1119642,2499906,n1992,false,0.6230181626865242,0.5550176562642282,0,11640,false,500,2,0.9120769993454512,0.7092010363296146,null
651006,6497394,94829,411580,144597,52450,42379,296126,0,85249,59348,21542,30908,57254,100579,104641,0,20800,64449,28820,30528,190999,6306395,25997,163879,1123,9609,16388,2699,6910,12373,4015,163813,66,73024,90789,66,0,483,640,483,0,640,0,2686847,3619548,661542,2025305,1119642,2499906,n1995,false,0.6229296314488789,0.34380568990598226,0,7054,false,500,4,0.280280812457095,0.7459209733509006,null
