rtA1,rtA2,rtA1a,rtA1b,rtA1c,rtA1a1,rtA1a2,rtA1b1,rtA1b2,rtA1c1,rtA1c2,rtA1a1a,rtA1a1b,rtA1a2a,rtA1a2b,rtA1b1a,rtA1b1b,rtA1c1a,rtA1c1b,rtA1c2a,rtA1c2b,rtA2a,rtA2b,rtA2a1,rtA2a2,rtA2a3,rtA2a1A,rtA2a1B,rtA2a1A1,rtA2a1A2,rtA2a1B1,rtA2a1B2,rtA2a2A,rtA2a2B,rtA2a2A1,rtA2a2A2,rtA2a2B1,rtA2a2B2,rtA2a3A,rtA2a3B,rtA2a3A1,rtA2a3A2,rtA2a3B1,rtA2a3B2,rtA2b1,rtA2b2,rtA2b1A,rtA2b1B,rtA2b2A,rtA2b2B,id,isSmoker,willpower,health,smokedPerDay,turnsSinceLastChange,givingUp,stepsSinceGiveUp,giveUpAttempts,influenceability,sociable,$SWITCH_TABLE$simconsts$Operations
14851574,66055636,603926,13562456,685192,310195,293731,10139459,0,334148,351044,98268,211927,1468700,2248028,4076029,0,107144,227004,102439,248605,1258265,64797371,322167,926371,9727,85160,237007,45670,39490,186216,50791,924820,1551,277390,647430,1551,0,18,9709,8,10,9709,0,20006563,44790808,4977482,15029081,16572799,28218009,n10999,true,0.6930471419256841,0.3869714477280182,9,1226,false,504,9,0.9905713951322203,0.3976871163237939,null
14851574,66055636,603926,13562456,685192,310195,293731,10139459,0,334148,351044,98268,211927,1468700,2248028,4076029,0,107144,227004,102439,248605,1258265,64797371,322167,926371,9727,85160,237007,45670,39490,186216,50791,924820,1551,277390,647430,1551,0,18,9709,8,10,9709,0,20006563,44790808,4977482,15029081,16572799,28218009,n23657,false,0.9999975814184249,0.4275750450659939,0,8503,false,502,5,0.7395579401459174,0.3526947479284238,null
14851574,66055636,603926,13562456,685192,310195,293731,10139459,0,334148,351044,98268,211927,1468700,2248028,4076029,0,107144,227004,102439,248605,1258265,64797371,322167,926371,9727,85160,237007,45670,39490,186216,50791,924820,1551,277390,647430,1551,0,18,9709,8,10,9709,0,20006563,44790808,4977482,15029081,16572799,28218009,n10995,false,0.003388703680842068,0.5830488428488914,0,8487,false,503,7,0.8681020942082842,0.3988857951384167,null
14851574,66055636,603926,13562456,685192,310195,293731,10139459,0,334148,351044,98268,211927,1468700,2248028,4076029,0,107144,227004,102439,248605,1258265,64797371,322167,926371,9727,85160,237007,45670,39490,186216,50791,924820,1551,277390,647430,1551,0,18,9709,8,10,9709,0,20006563,44790808,4977482,15029081,16572799,28218009,n2953,false,0.2596648034318217,0.5900834162996196,0,3760,false,502,5,0.7750647513404614,0.44805593345275735,null
14851574,66055636,603926,13562456,685192,310195,293731,10139459,0,334148,351044,98268,211927,1468700,2248028,4076029,0,107144,227004,102439,248605,1258265,64797371,322167,926371,9727,85160,237007,45670,39490,186216,50791,924820,1551,277390,647430,1551,0,18,9709,8,10,9709,0,20006563,44790808,4977482,15029081,16572799,28218009,n6866,false,0.7140723478298712,0.6567736559678926,0,468,false,502,5,0.7088450999962277,0.37049904695405234,null
14851574,66055636,603926,13562456,685192,310195,293731,10139459,0,334148,351044,98268,211927,1468700,2248028,4076029,0,107144,227004,102439,248605,1258265,64797371,322167,926371,9727,85160,237007,45670,39490,186216,50791,924820,1551,277390,647430,1551,0,18,9709,8,10,9709,0,20006563,44790808,4977482,15029081,16572799,28218009,n2952,false,0.00867503326428066,0.8278540994361641,0,22766,false,500,2,0.882034015873862,0.49389764135238756,null
14851574,66055636,603926,13562456,685192,310195,293731,10139459,0,334148,351044,98268,211927,1468700,2248028,4076029,0,107144,227004,102439,248605,1258265,64797371,322167,926371,9727,85160,237007,45670,39490,186216,50791,924820,1551,277390,647430,1551,0,18,9709,8,10,9709,0,20006563,44790808,4977482,15029081,16572799,28218009,n533,false,0.6662041864760574,0.08299674691837255,0,13766,false,502,5,0.6585871633549898,0.2934740118156549,null
14851574,66055636,603926,13562456,685192,310195,293731,10139459,0,334148,351044,98268,211927,1468700,2248028,4076029,0,107144,227004,102439,248605,1258265,64797371,322167,926371,9727,85160,237007,45670,39490,186216,50791,924820,1551,277390,647430,1551,0,18,9709,8,10,9709,0,20006563,44790808,4977482,15029081,16572799,28218009,n2954,false,0.14021847577472113,0.06586174306091264,0,28998,false,500,1,0.9697570228694153,0.7920082601345203,null
14851574,66055636,603926,13562456,685192,310195,293731,10139459,0,334148,351044,98268,211927,1468700,2248028,4076029,0,107144,227004,102439,248605,1258265,64797371,322167,926371,9727,85160,237007,45670,39490,186216,50791,924820,1551,277390,647430,1551,0,18,9709,8,10,9709,0,20006563,44790808,4977482,15029081,16572799,28218009,n1825,true,0.9692919851029632,0.8767660166645467,12,24927,false,500,2,0.6798053753530141,0.6843678067428272,null
14851574,66055636,603926,13562456,685192,310195,293731,10139459,0,334148,351044,98268,211927,1468700,2248028,4076029,0,107144,227004,102439,248605,1258265,64797371,322167,926371,9727,85160,237007,45670,39490,186216,50791,924820,1551,277390,647430,1551,0,18,9709,8,10,9709,0,20006563,44790808,4977482,15029081,16572799,28218009,n539,false,0.5861089843942314,0.8267556077706586,0,9483,false,502,5,0.05819947768741074,0.3452539558579143,null
14851574,66055636,603926,13562456,685192,310195,293731,10139459,0,334148,351044,98268,211927,1468700,2248028,4076029,0,107144,227004,102439,248605,1258265,64797371,322167,926371,9727,85160,237007,45670,39490,186216,50791,924820,1551,277390,647430,1551,0,18,9709,8,10,9709,0,20006563,44790808,4977482,15029081,16572799,28218009,n1826,false,0.994609865058448,0.3818367826759206,0,8468,false,504,8,0.4483848742624364,0.7556438503848196,null
14851574,66055636,603926,13562456,685192,310195,293731,10139459,0,334148,351044,98268,211927,1468700,2248028,4076029,0,107144,227004,102439,248605,1258265,64797371,322167,926371,9727,85160,237007,45670,39490,186216,50791,924820,1551,277390,647430,1551,0,18,9709,8,10,9709,0,20006563,44790808,4977482,15029081,16572799,28218009,n1823,false,0.7441130771542586,0.08954006863499708,0,484,false,504,9,0.9894270471609907,0.8961885343629498,null
14851574,66055636,603926,13562456,685192,310195,293731,10139459,0,334148,351044,98268,211927,1468700,2248028,4076029,0,107144,227004,102439,248605,1258265,64797371,322167,926371,9727,85160,237007,45670,39490,186216,50791,924820,1551,277390,647430,1551,0,18,9709,8,10,9709,0,20006563,44790808,4977482,15029081,16572799,28218009,n2959,false,0.9999986908672636,0.13650747913398742,0,7934,false,501,4,0.56320048968972,0.9902508729598178,null
14851574,66055636,603926,13562456,685192,310195,293731,10139459,0,334148,351044,98268,211927,1468700,2248028,4076029,0,107144,227004,102439,248605,1258265,64797371,322167,926371,9727,85160,237007,45670,39490,186216,50791,924820,1551,277390,647430,1551,0,18,9709,8,10,9709,0,20006563,44790808,4977482,15029081,16572799,28218009,n1824,false,0.9999990074791887,0.15257804345924408,0,2659,false,502,5,0.48086240456184576,0.7924605862664078,null
14851574,66055636,603926,13562456,685192,310195,293731,10139459,0,334148,351044,98268,211927,1468700,2248028,4076029,0,107144,227004,102439,248605,1258265,64797371,322167,926371,9727,85160,237007,45670,39490,186216,50791,924820,1551,277390,647430,1551,0,18,9709,8,10,9709,0,20006563,44790808,4977482,15029081,16572799,28218009,n1829,true,0.291747279813745,0.6542752681805589,9,361,false,501,3,0.8732517898940931,0.5034901711778561,null
14851574,66055636,603926,13562456,685192,310195,293731,10139459,0,334148,351044,98268,211927,1468700,2248028,4076029,0,107144,227004,102439,248605,1258265,64797371,322167,926371,9727,85160,237007,45670,39490,186216,50791,924820,1551,277390,647430,1551,0,18,9709,8,10,9709,0,20006563,44790808,4977482,15029081,16572799,28218009,n22511,false,0.2683902860797745,0.4040870188067719,0,11114,false,505,11,0.9082084798790574,0.15335702229691306,null
14851574,66055636,603926,13562456,685192,310195,293731,10139459,0,334148,351044,98268,211927,1468700,2248028,4076029,0,107144,227004,102439,248605,1258265,64797371,322167,926371,9727,85160,237007,45670,39490,186216,50791,924820,1551,277390,647430,1551,0,18,9709,8,10,9709,0,20006563,44790808,4977482,15029081,16572799,28218009,n23646,false,0.6222863899890567,0.7319860151509234,0,17903,false,503,7,0.9733948378658197,0.9556303087575215,null
14851574,66055636,603926,13562456,685192,310195,293731,10139459,0,334148,351044,98268,211927,1468700,2248028,4076029,0,107144,227004,102439,248605,1258265,64797371,322167,926371,9727,85160,237007,45670,39490,186216,50791,924820,1551,277390,647430,1551,0,18,9709,8,10,9709,0,20006563,44790808,4977482,15029081,16572799,28218009,n540,false,0.4898003838593629,0.020897806043298828,0,3640,false,502,6,0.9237688399054356,0.7613438716916181,null
14851574,66055636,603926,13562456,685192,310195,293731,10139459,0,334148,351044,98268,211927,1468700,2248028,4076029,0,107144,227004,102439,248605,1258265,64797371,322167,926371,9727,85160,237007,45670,39490,186216,50791,924820,1551,277390,647430,1551,0,18,9709,8,10,9709,0,20006563,44790808,4977482,15029081,16572799,28218009,n3,false,0.6997647592259977,0.5359933890579383,0,2698,false,501,2,0.6451046539840494,0.7887924689636368,null
14851574,66055636,603926,13562456,685192,310195,293731,10139459,0,334148,351044,98268,211927,1468700,2248028,4076029,0,107144,227004,102439,248605,1258265,64797371,322167,926371,9727,85160,237007,45670,39490,186216,50791,924820,1551,277390,647430,1551,0,18,9709,8,10,9709,0,20006563,44790808,4977482,15029081,16572799,28218009,n1,false,0.292989560287407,0.394726407573273,0,2094,false,503,8,0.7576502072822006,0.04630750573360076,null
14851574,66055636,603926,13562456,685192,310195,293731,10139459,0,334148,351044,98268,211927,1468700,2248028,4076029,0,107144,227004,102439,248605,1258265,64797371,322167,926371,9727,85160,237007,45670,39490,186216,50791,924820,1551,277390,647430,1551,0,18,9709,8,10,9709,0,20006563,44790808,4977482,15029081,16572799,28218009,n6,true,0.9324655392634483,0.6555414133636521,9,28999,false,0,0,0.6771076188059315,0.8293337447863207,null
14851574,66055636,603926,13562456,685192,310195,293731,10139459,0,334148,351044,98268,211927,1468700,2248028,4076029,0,107144,227004,102439,248605,1258265,64797371,322167,926371,9727,85160,237007,45670,39490,186216,50791,924820,1551,277390,647430,1551,0,18,9709,8,10,9709,0,20006563,44790808,4977482,15029081,16572799,28218009,n546,false,0.4854306545210537,0.8497165028775541,0,6611,false,503,8,0.974130653392849,0.27513971844120255,null
14851574,66055636,603926,13562456,685192,310195,293731,10139459,0,334148,351044,98268,211927,1468700,2248028,4076029,0,107144,227004,102439,248605,1258265,64797371,322167,926371,9727,85160,237007,45670,39490,186216,50791,924820,1551,277390,647430,1551,0,18,9709,8,10,9709,0,20006563,44790808,4977482,15029081,16572799,28218009,n2942,true,0.14025218398775277,0.714265355693383,12,11535,false,47,5,0.6956912334752117,0.756072272682733,null
14851574,66055636,603926,13562456,685192,310195,293731,10139459,0,334148,351044,98268,211927,1468700,2248028,4076029,0,107144,227004,102439,248605,1258265,64797371,322167,926371,9727,85160,237007,45670,39490,186216,50791,924820,1551,277390,647430,1551,0,18,9709,8,10,9709,0,20006563,44790808,4977482,15029081,16572799,28218009,n545,false,0.9878680373421466,0.03183793148821934,0,1331,false,503,6,0.8547109351952372,0.7576319001556286,null
14851574,66055636,603926,13562456,685192,310195,293731,10139459,0,334148,351044,98268,211927,1468700,2248028,4076029,0,107144,227004,102439,248605,1258265,64797371,322167,926371,9727,85160,237007,45670,39490,186216,50791,924820,1551,277390,647430,1551,0,18,9709,8,10,9709,0,20006563,44790808,4977482,15029081,16572799,28218009,n2941,false,0.18999679794856134,0.8898910570377246,0,28999,false,500,0,0.23668633872693168,0.6386604169614439,null
14851574,66055636,603926,13562456,685192,310195,293731,10139459,0,334148,351044,98268,211927,1468700,2248028,4076029,0,107144,227004,102439,248605,1258265,64797371,322167,926371,9727,85160,237007,45670,39490,186216,50791,924820,1551,277390,647430,1551,0,18,9709,8,10,9709,0,20006563,44790808,4977482,15029081,16572799,28218009,n2947,true,0.9999852414624073,0.6174998444755226,14,17990,false,500,1,0.9332334181959728,0.8395020959097598,null
14851574,66055636,603926,13562456,685192,310195,293731,10139459,0,334148,351044,98268,211927,1468700,2248028,4076029,0,107144,227004,102439,248605,1258265,64797371,322167,926371,9727,85160,237007,45670,39490,186216,50791,924820,1551,277390,647430,1551,0,18,9709,8,10,9709,0,20006563,44790808,4977482,15029081,16572799,28218009,n2946,true,0.03509808687593497,0.8749194856001713,14,25637,false,5,3,0.5272851942718388,0.5948315694237172,null
14851574,66055636,603926,13562456,685192,310195,293731,10139459,0,334148,351044,98268,211927,1468700,2248028,4076029,0,107144,227004,102439,248605,1258265,64797371,322167,926371,9727,85160,237007,45670,39490,186216,50791,924820,1551,277390,647430,1551,0,18,9709,8,10,9709,0,20006563,44790808,4977482,15029081,16572799,28218009,n549,false,0.08228418634820835,0.9932078335188135,0,5350,false,503,6,0.38167571413713763,0.4741146556422148,null
14851574,66055636,603926,13562456,685192,310195,293731,10139459,0,334148,351044,98268,211927,1468700,2248028,4076029,0,107144,227004,102439,248605,1258265,64797371,322167,926371,9727,85160,237007,45670,39490,186216,50791,924820,1551,277390,647430,1551,0,18,9709,8,10,9709,0,20006563,44790808,4977482,15029081,16572799,28218009,n1815,false,0.25122078407349985,0.9606364981308362,0,6068,false,504,9,0.4173342772475806,0.8298337567987765,null
14851574,66055636,603926,13562456,685192,310195,293731,10139459,0,334148,351044,98268,211927,1468700,2248028,4076029,0,107144,227004,102439,248605,1258265,64797371,322167,926371,9727,85160,237007,45670,39490,186216,50791,924820,1551,277390,647430,1551,0,18,9709,8,10,9709,0,20006563,44790808,4977482,15029081,16572799,28218009,n8,true,0.9720012664116138,0.09324352982340733,14,12681,false,501,3,0.2732590359226009,0.9103765523177133,null
14851574,66055636,603926,13562456,685192,310195,293731,10139459,0,334148,351044,98268,211927,1468700,2248028,4076029,0,107144,227004,102439,248605,1258265,64797371,322167,926371,9727,85160,237007,45670,39490,186216,50791,924820,1551,277390,647430,1551,0,18,9709,8,10,9709,0,20006563,44790808,4977482,15029081,16572799,28218009,n1817,false,0.7984536427280368,0.9318616520910549,0,6878,false,501,3,0.7845528890465457,0.44346440178515023,null
14851574,66055636,603926,13562456,685192,310195,293731,10139459,0,334148,351044,98268,211927,1468700,2248028,4076029,0,107144,227004,102439,248605,1258265,64797371,322167,926371,9727,85160,237007,45670,39490,186216,50791,924820,1551,277390,647430,1551,0,18,9709,8,10,9709,0,20006563,44790808,4977482,15029081,16572799,28218009,n22507,false,0.9999967248262865,0.2971718318840639,0,6359,false,501,3,0.9313285766528511,0.1044404389413145,null
14851574,66055636,603926,13562456,685192,310195,293731,10139459,0,334148,351044,98268,211927,1468700,2248028,4076029,0,107144,227004,102439,248605,1258265,64797371,322167,926371,9727,85160,237007,45670,39490,186216,50791,924820,1551,277390,647430,1551,0,18,9709,8,10,9709,0,20006563,44790808,4977482,15029081,16572799,28218009,n2980,false,0.9999968082142019,0.9333015863691878,0,1128,false,502,5,0.8301545536470655,0.05820838322361743,null
14851574,66055636,603926,13562456,685192,310195,293731,10139459,0,334148,351044,98268,211927,1468700,2248028,4076029,0,107144,227004,102439,248605,1258265,64797371,322167,926371,9727,85160,237007,45670,39490,186216,50791,924820,1551,277390,647430,1551,0,18,9709,8,10,9709,0,20006563,44790808,4977482,15029081,16572799,28218009,n2975,false,0.8841614514359543,0.38352923954343915,0,11317,false,503,6,0.7958160888658807,0.5801524215793562,null
14851574,66055636,603926,13562456,685192,310195,293731,10139459,0,334148,351044,98268,211927,1468700,2248028,4076029,0,107144,227004,102439,248605,1258265,64797371,322167,926371,9727,85160,237007,45670,39490,186216,50791,924820,1551,277390,647430,1551,0,18,9709,8,10,9709,0,20006563,44790808,4977482,15029081,16572799,28218009,n510,false,0.5548974679058498,0.39108261487260354,0,2083,false,503,6,0.0077775652796290284,0.48839627259946283,null
14851574,66055636,603926,13562456,685192,310195,293731,10139459,0,334148,351044,98268,211927,1468700,2248028,4076029,0,107144,227004,102439,248605,1258265,64797371,322167,926371,9727,85160,237007,45670,39490,186216,50791,924820,1551,277390,647430,1551,0,18,9709,8,10,9709,0,20006563,44790808,4977482,15029081,16572799,28218009,n2976,false,0.7534807582974632,0.7675715256030254,0,2323,false,503,7,0.9750848526586652,0.03203479706293022,null
14851574,66055636,603926,13562456,685192,310195,293731,10139459,0,334148,351044,98268,211927,1468700,2248028,4076029,0,107144,227004,102439,248605,1258265,64797371,322167,926371,9727,85160,237007,45670,39490,186216,50791,924820,1551,277390,647430,1551,0,18,9709,8,10,9709,0,20006563,44790808,4977482,15029081,16572799,28218009,n1842,false,0.35008362974206586,0.49449238511331184,0,2380,false,502,5,0.3401853610098571,0.32095936043182544,null
14851574,66055636,603926,13562456,685192,310195,293731,10139459,0,334148,351044,98268,211927,1468700,2248028,4076029,0,107144,227004,102439,248605,1258265,64797371,322167,926371,9727,85160,237007,45670,39490,186216,50791,924820,1551,277390,647430,1551,0,18,9709,8,10,9709,0,20006563,44790808,4977482,15029081,16572799,28218009,n1847,false,0.5657742441583108,0.8532138262913489,0,4435,false,504,10,0.8504299522076021,0.5089692371514738,null
14851574,66055636,603926,13562456,685192,310195,293731,10139459,0,334148,351044,98268,211927,1468700,2248028,4076029,0,107144,227004,102439,248605,1258265,64797371,322167,926371,9727,85160,237007,45670,39490,186216,50791,924820,1551,277390,647430,1551,0,18,9709,8,10,9709,0,20006563,44790808,4977482,15029081,16572799,28218009,n516,false,0.5742302087042797,0.8024602472974989,0,5512,false,504,8,0.9787662514961813,0.4325994814004624,null
14851574,66055636,603926,13562456,685192,310195,293731,10139459,0,334148,351044,98268,211927,1468700,2248028,4076029,0,107144,227004,102439,248605,1258265,64797371,322167,926371,9727,85160,237007,45670,39490,186216,50791,924820,1551,277390,647430,1551,0,18,9709,8,10,9709,0,20006563,44790808,4977482,15029081,16572799,28218009,n1846,true,0.7422650832018769,0.18509415702292586,13,19469,false,501,3,0.9873655399394671,0.021050261183791386,null
14851574,66055636,603926,13562456,685192,310195,293731,10139459,0,334148,351044,98268,211927,1468700,2248028,4076029,0,107144,227004,102439,248605,1258265,64797371,322167,926371,9727,85160,237007,45670,39490,186216,50791,924820,1551,277390,647430,1551,0,18,9709,8,10,9709,0,20006563,44790808,4977482,15029081,16572799,28218009,n2965,false,0.9999954932352031,0.3138160297207241,0,684,false,509,19,0.9780070435139656,0.23922799126420924,null
14851574,66055636,603926,13562456,685192,310195,293731,10139459,0,334148,351044,98268,211927,1468700,2248028,4076029,0,107144,227004,102439,248605,1258265,64797371,322167,926371,9727,85160,237007,45670,39490,186216,50791,924820,1551,277390,647430,1551,0,18,9709,8,10,9709,0,20006563,44790808,4977482,15029081,16572799,28218009,n523,true,0.2918179817327096,0.722530511783717,11,22186,false,500,1,0.49776265309080925,0.25927116603906264,null
14851574,66055636,603926,13562456,685192,310195,293731,10139459,0,334148,351044,98268,211927,1468700,2248028,4076029,0,107144,227004,102439,248605,1258265,64797371,322167,926371,9727,85160,237007,45670,39490,186216,50791,924820,1551,277390,647430,1551,0,18,9709,8,10,9709,0,20006563,44790808,4977482,15029081,16572799,28218009,n2961,false,0.6202768297088586,0.6204695747581666,0,10455,false,502,5,0.6349374784449016,0.5333936004255408,null
14851574,66055636,603926,13562456,685192,310195,293731,10139459,0,334148,351044,98268,211927,1468700,2248028,4076029,0,107144,227004,102439,248605,1258265,64797371,322167,926371,9727,85160,237007,45670,39490,186216,50791,924820,1551,277390,647430,1551,0,18,9709,8,10,9709,0,20006563,44790808,4977482,15029081,16572799,28218009,n1838,false,0.8365724498818502,0.2578739699476372,0,7877,false,501,3,0.2624488942427644,0.2060258702913793,null
14851574,66055636,603926,13562456,685192,310195,293731,10139459,0,334148,351044,98268,211927,1468700,2248028,4076029,0,107144,227004,102439,248605,1258265,64797371,322167,926371,9727,85160,237007,45670,39490,186216,50791,924820,1551,277390,647430,1551,0,18,9709,8,10,9709,0,20006563,44790808,4977482,15029081,16572799,28218009,n2969,false,0.3202610213925228,0.5520960065815201,0,10800,false,503,7,0.5632990484954155,0.9989403222380988,null
14851574,66055636,603926,13562456,685192,310195,293731,10139459,0,334148,351044,98268,211927,1468700,2248028,4076029,0,107144,227004,102439,248605,1258265,64797371,322167,926371,9727,85160,237007,45670,39490,186216,50791,924820,1551,277390,647430,1551,0,18,9709,8,10,9709,0,20006563,44790808,4977482,15029081,16572799,28218009,n1835,false,0.6721727502540555,0.9059766246680115,0,28999,false,0,0,0.7580888580625342,0.03178771354367871,null
14851574,66055636,603926,13562456,685192,310195,293731,10139459,0,334148,351044,98268,211927,1468700,2248028,4076029,0,107144,227004,102439,248605,1258265,64797371,322167,926371,9727,85160,237007,45670,39490,186216,50791,924820,1551,277390,647430,1551,0,18,9709,8,10,9709,0,20006563,44790808,4977482,15029081,16572799,28218009,n1836,false,0.3185821992518469,0.22615958971071953,0,28184,false,501,2,0.8349936087194149,0.09927851164108337,null
14851574,66055636,603926,13562456,685192,310195,293731,10139459,0,334148,351044,98268,211927,1468700,2248028,4076029,0,107144,227004,102439,248605,1258265,64797371,322167,926371,9727,85160,237007,45670,39490,186216,50791,924820,1551,277390,647430,1551,0,18,9709,8,10,9709,0,20006563,44790808,4977482,15029081,16572799,28218009,n527,false,0.5428105931906689,0.5497407736176526,0,17334,false,503,7,0.38497323431745945,0.9001446972813598,null
14851574,66055636,603926,13562456,685192,310195,293731,10139459,0,334148,351044,98268,211927,1468700,2248028,4076029,0,107144,227004,102439,248605,1258265,64797371,322167,926371,9727,85160,237007,45670,39490,186216,50791,924820,1551,277390,647430,1551,0,18,9709,8,10,9709,0,20006563,44790808,4977482,15029081,16572799,28218009,n2967,true,0.08423680036354145,0.4850185537492423,5,16818,false,500,2,0.6670323462943231,0.3154344122109892,null
14851574,66055636,603926,13562456,685192,310195,293731,10139459,0,334148,351044,98268,211927,1468700,2248028,4076029,0,107144,227004,102439,248605,1258265,64797371,322167,926371,9727,85160,237007,45670,39490,186216,50791,924820,1551,277390,647430,1551,0,18,9709,8,10,9709,0,20006563,44790808,4977482,15029081,16572799,28218009,n571,true,0.9999874609501962,0.42728255667153064,12,389,false,501,5,0.9974781926648147,0.6544495595278044,null
14851574,66055636,603926,13562456,685192,310195,293731,10139459,0,334148,351044,98268,211927,1468700,2248028,4076029,0,107144,227004,102439,248605,1258265,64797371,322167,926371,9727,85160,237007,45670,39490,186216,50791,924820,1551,277390,647430,1551,0,18,9709,8,10,9709,0,20006563,44790808,4977482,15029081,16572799,28218009,n574,false,0.145872273317487,0.5568381166189245,0,22194,false,501,5,0.5453435341028219,0.3111598781529503,null
14851574,66055636,603926,13562456,685192,310195,293731,10139459,0,334148,351044,98268,211927,1468700,2248028,4076029,0,107144,227004,102439,248605,1258265,64797371,322167,926371,9727,85160,237007,45670,39490,186216,50791,924820,1551,277390,647430,1551,0,18,9709,8,10,9709,0,20006563,44790808,4977482,15029081,16572799,28218009,n2997,false,0.9999979242354956,0.1874385639283216,0,7655,false,503,7,0.7527519892862053,0.7455960311202358,null
14851574,66055636,603926,13562456,685192,310195,293731,10139459,0,334148,351044,98268,211927,1468700,2248028,4076029,0,107144,227004,102439,248605,1258265,64797371,322167,926371,9727,85160,237007,45670,39490,186216,50791,924820,1551,277390,647430,1551,0,18,9709,8,10,9709,0,20006563,44790808,4977482,15029081,16572799,28218009,n577,false,0.9999992287410345,0.46247633183387704,0,86,false,501,4,0.9791595327752001,0.04314718765225656,null
14851574,66055636,603926,13562456,685192,310195,293731,10139459,0,334148,351044,98268,211927,1468700,2248028,4076029,0,107144,227004,102439,248605,1258265,64797371,322167,926371,9727,85160,237007,45670,39490,186216,50791,924820,1551,277390,647430,1551,0,18,9709,8,10,9709,0,20006563,44790808,4977482,15029081,16572799,28218009,n19110,false,0.12383458170873156,0.6349211860980386,0,12752,false,503,6,0.6822644565412718,0.04475139465793265,null
14851574,66055636,603926,13562456,685192,310195,293731,10139459,0,334148,351044,98268,211927,1468700,2248028,4076029,0,107144,227004,102439,248605,1258265,64797371,322167,926371,9727,85160,237007,45670,39490,186216,50791,924820,1551,277390,647430,1551,0,18,9709,8,10,9709,0,20006563,44790808,4977482,15029081,16572799,28218009,n580,true,0.7502917208601483,0.9326211879714719,15,5051,false,501,5,0.8700631248084549,0.8699525201613842,null
14851574,66055636,603926,13562456,685192,310195,293731,10139459,0,334148,351044,98268,211927,1468700,2248028,4076029,0,107144,227004,102439,248605,1258265,64797371,322167,926371,9727,85160,237007,45670,39490,186216,50791,924820,1551,277390,647430,1551,0,18,9709,8,10,9709,0,20006563,44790808,4977482,15029081,16572799,28218009,n2990,false,0.09484097542618083,0.9873914138125266,0,28998,false,500,1,0.32327968004643304,0.8853042182010298,null
14851574,66055636,603926,13562456,685192,310195,293731,10139459,0,334148,351044,98268,211927,1468700,2248028,4076029,0,107144,227004,102439,248605,1258265,64797371,322167,926371,9727,85160,237007,45670,39490,186216,50791,924820,1551,277390,647430,1551,0,18,9709,8,10,9709,0,20006563,44790808,4977482,15029081,16572799,28218009,n2989,true,0.9441142948319252,0.6676729042715286,13,15080,false,500,2,0.7246554019414871,0.8190605355227532,null
14851574,66055636,603926,13562456,685192,310195,293731,10139459,0,334148,351044,98268,211927,1468700,2248028,4076029,0,107144,227004,102439,248605,1258265,64797371,322167,926371,9727,85160,237007,45670,39490,186216,50791,924820,1551,277390,647430,1551,0,18,9709,8,10,9709,0,20006563,44790808,4977482,15029081,16572799,28218009,n583,false,0.6221988176677095,0.061454001961637084,0,28998,false,500,1,0.26692591250303355,0.6654817216240887,null
14851574,66055636,603926,13562456,685192,310195,293731,10139459,0,334148,351044,98268,211927,1468700,2248028,4076029,0,107144,227004,102439,248605,1258265,64797371,322167,926371,9727,85160,237007,45670,39490,186216,50791,924820,1551,277390,647430,1551,0,18,9709,8,10,9709,0,20006563,44790808,4977482,15029081,16572799,28218009,n2983,false,0.4321060971618667,0.05518717997522571,0,3047,false,504,8,0.7299365083210003,0.3292309449178743,null
14851574,66055636,603926,13562456,685192,310195,293731,10139459,0,334148,351044,98268,211927,1468700,2248028,4076029,0,107144,227004,102439,248605,1258265,64797371,322167,926371,9727,85160,237007,45670,39490,186216,50791,924820,1551,277390,647430,1551,0,18,9709,8,10,9709,0,20006563,44790808,4977482,15029081,16572799,28218009,n10976,false,0.5634957949901416,0.8465093686595774,0,4312,false,502,6,0.3252668150412308,0.6176212887401118,null
14851574,66055636,603926,13562456,685192,310195,293731,10139459,0,334148,351044,98268,211927,1468700,2248028,4076029,0,107144,227004,102439,248605,1258265,64797371,322167,926371,9727,85160,237007,45670,39490,186216,50791,924820,1551,277390,647430,1551,0,18,9709,8,10,9709,0,20006563,44790808,4977482,15029081,16572799,28218009,n1801,false,0.695365994251632,0.4142660891495739,0,3091,false,502,5,0.17988193093440374,0.3337762482610381,null
14851574,66055636,603926,13562456,685192,310195,293731,10139459,0,334148,351044,98268,211927,1468700,2248028,4076029,0,107144,227004,102439,248605,1258265,64797371,322167,926371,9727,85160,237007,45670,39490,186216,50791,924820,1551,277390,647430,1551,0,18,9709,8,10,9709,0,20006563,44790808,4977482,15029081,16572799,28218009,n559,false,0.010735448434493847,0.23156054804481324,0,15622,false,500,2,0.9991750023000253,0.6398705811484359,null
14851574,66055636,603926,13562456,685192,310195,293731,10139459,0,334148,351044,98268,211927,1468700,2248028,4076029,0,107144,227004,102439,248605,1258265,64797371,322167,926371,9727,85160,237007,45670,39490,186216,50791,924820,1551,277390,647430,1551,0,18,9709,8,10,9709,0,20006563,44790808,4977482,15029081,16572799,28218009,n556,false,0.23162897518758577,0.016865471144629107,0,11598,false,502,6,0.915560262419607,0.24974231208895215,null
14851574,66055636,603926,13562456,685192,310195,293731,10139459,0,334148,351044,98268,211927,1468700,2248028,4076029,0,107144,227004,102439,248605,1258265,64797371,322167,926371,9727,85160,237007,45670,39490,186216,50791,924820,1551,277390,647430,1551,0,18,9709,8,10,9709,0,20006563,44790808,4977482,15029081,16572799,28218009,n557,false,0.13223525704736253,0.5198946307172437,0,11245,false,501,5,0.760867639798944,0.5925941125031807,null
14851574,66055636,603926,13562456,685192,310195,293731,10139459,0,334148,351044,98268,211927,1468700,2248028,4076029,0,107144,227004,102439,248605,1258265,64797371,322167,926371,9727,85160,237007,45670,39490,186216,50791,924820,1551,277390,647430,1551,0,18,9709,8,10,9709,0,20006563,44790808,4977482,15029081,16572799,28218009,n552,false,0.9999956257570803,0.20606045484532215,0,2,false,502,6,0.9812123345837575,0.5104260781960596,null
14851574,66055636,603926,13562456,685192,310195,293731,10139459,0,334148,351044,98268,211927,1468700,2248028,4076029,0,107144,227004,102439,248605,1258265,64797371,322167,926371,9727,85160,237007,45670,39490,186216,50791,924820,1551,277390,647430,1551,0,18,9709,8,10,9709,0,20006563,44790808,4977482,15029081,16572799,28218009,n550,false,0.8121820728403903,0.39964832393164995,0,16783,false,502,4,0.7281634305402203,0.18828741698578277,null
14851574,66055636,603926,13562456,685192,310195,293731,10139459,0,334148,351044,98268,211927,1468700,2248028,4076029,0,107144,227004,102439,248605,1258265,64797371,322167,926371,9727,85160,237007,45670,39490,186216,50791,924820,1551,277390,647430,1551,0,18,9709,8,10,9709,0,20006563,44790808,4977482,15029081,16572799,28218009,n23665,false,0.2276675143440049,0.22217323782795134,0,16018,false,500,2,0.9134383329104753,0.309999953525892,null
14851574,66055636,603926,13562456,685192,310195,293731,10139459,0,334148,351044,98268,211927,1468700,2248028,4076029,0,107144,227004,102439,248605,1258265,64797371,322167,926371,9727,85160,237007,45670,39490,186216,50791,924820,1551,277390,647430,1551,0,18,9709,8,10,9709,0,20006563,44790808,4977482,15029081,16572799,28218009,n10988,false,0.012851035077277074,0.8433620196562276,0,333,false,504,8,0.10294301785511284,0.7073124072083502,null
14851574,66055636,603926,13562456,685192,310195,293731,10139459,0,334148,351044,98268,211927,1468700,2248028,4076029,0,107144,227004,102439,248605,1258265,64797371,322167,926371,9727,85160,237007,45670,39490,186216,50791,924820,1551,277390,647430,1551,0,18,9709,8,10,9709,0,20006563,44790808,4977482,15029081,16572799,28218009,n8912,false,0.31724803440672966,0.20332648827100153,0,18272,false,501,4,0.7672238458281999,0.965475333081011,null
14851574,66055636,603926,13562456,685192,310195,293731,10139459,0,334148,351044,98268,211927,1468700,2248028,4076029,0,107144,227004,102439,248605,1258265,64797371,322167,926371,9727,85160,237007,45670,39490,186216,50791,924820,1551,277390,647430,1551,0,18,9709,8,10,9709,0,20006563,44790808,4977482,15029081,16572799,28218009,n8917,false,0.9999952834325597,0.29837807785082626,0,15726,false,504,9,0.4355196664704323,0.5308543901418987,null
14851574,66055636,603926,13562456,685192,310195,293731,10139459,0,334148,351044,98268,211927,1468700,2248028,4076029,0,107144,227004,102439,248605,1258265,64797371,322167,926371,9727,85160,237007,45670,39490,186216,50791,924820,1551,277390,647430,1551,0,18,9709,8,10,9709,0,20006563,44790808,4977482,15029081,16572799,28218009,n565,false,0.9999971552509952,0.26484481074041294,0,5184,false,501,3,0.45180344239526776,0.817070680872788,null
14851574,66055636,603926,13562456,685192,310195,293731,10139459,0,334148,351044,98268,211927,1468700,2248028,4076029,0,107144,227004,102439,248605,1258265,64797371,322167,926371,9727,85160,237007,45670,39490,186216,50791,924820,1551,277390,647430,1551,0,18,9709,8,10,9709,0,20006563,44790808,4977482,15029081,16572799,28218009,n8928,true,0.851871525709979,0.5310986215818743,20,10063,false,502,6,0.9213343443967557,0.8713155871517355,null
14851574,66055636,603926,13562456,685192,310195,293731,10139459,0,334148,351044,98268,211927,1468700,2248028,4076029,0,107144,227004,102439,248605,1258265,64797371,322167,926371,9727,85160,237007,45670,39490,186216,50791,924820,1551,277390,647430,1551,0,18,9709,8,10,9709,0,20006563,44790808,4977482,15029081,16572799,28218009,n8930,false,0.4565103986199478,0.8509716128957944,0,3927,false,503,7,0.7624742538391438,0.40342563426923306,null
14851574,66055636,603926,13562456,685192,310195,293731,10139459,0,334148,351044,98268,211927,1468700,2248028,4076029,0,107144,227004,102439,248605,1258265,64797371,322167,926371,9727,85160,237007,45670,39490,186216,50791,924820,1551,277390,647430,1551,0,18,9709,8,10,9709,0,20006563,44790808,4977482,15029081,16572799,28218009,n18410,false,0.9749122174624536,0.9540549238407421,0,5260,false,500,2,0.3673216076649176,0.46425491418973996,null
14851574,66055636,603926,13562456,685192,310195,293731,10139459,0,334148,351044,98268,211927,1468700,2248028,4076029,0,107144,227004,102439,248605,1258265,64797371,322167,926371,9727,85160,237007,45670,39490,186216,50791,924820,1551,277390,647430,1551,0,18,9709,8,10,9709,0,20006563,44790808,4977482,15029081,16572799,28218009,n18427,false,0.023239748700079263,0.6717669199511124,0,930,false,502,5,0.611595287232561,0.5842998890053549,null
14851574,66055636,603926,13562456,685192,310195,293731,10139459,0,334148,351044,98268,211927,1468700,2248028,4076029,0,107144,227004,102439,248605,1258265,64797371,322167,926371,9727,85160,237007,45670,39490,186216,50791,924820,1551,277390,647430,1551,0,18,9709,8,10,9709,0,20006563,44790808,4977482,15029081,16572799,28218009,n8936,false,0.6062742295237551,0.25465719342918985,0,8383,false,501,4,0.9588041266696817,0.6018587876074178,null
14851574,66055636,603926,13562456,685192,310195,293731,10139459,0,334148,351044,98268,211927,1468700,2248028,4076029,0,107144,227004,102439,248605,1258265,64797371,322167,926371,9727,85160,237007,45670,39490,186216,50791,924820,1551,277390,647430,1551,0,18,9709,8,10,9709,0,20006563,44790808,4977482,15029081,16572799,28218009,n8939,false,0.6453623727601439,0.9649596357399124,0,2618,false,502,5,0.8318836351514012,0.9260244163921723,null
14851574,66055636,603926,13562456,685192,310195,293731,10139459,0,334148,351044,98268,211927,1468700,2248028,4076029,0,107144,227004,102439,248605,1258265,64797371,322167,926371,9727,85160,237007,45670,39490,186216,50791,924820,1551,277390,647430,1551,0,18,9709,8,10,9709,0,20006563,44790808,4977482,15029081,16572799,28218009,n8933,false,0.08068120160259838,0.5480892488738287,0,7952,false,502,5,0.4412110086601725,0.5283057812670107,null
14851574,66055636,603926,13562456,685192,310195,293731,10139459,0,334148,351044,98268,211927,1468700,2248028,4076029,0,107144,227004,102439,248605,1258265,64797371,322167,926371,9727,85160,237007,45670,39490,186216,50791,924820,1551,277390,647430,1551,0,18,9709,8,10,9709,0,20006563,44790808,4977482,15029081,16572799,28218009,n8934,false,0.6557186759527702,0.44593430684431906,0,17572,false,502,6,0.9228010826316191,0.5784221280331258,null
14851574,66055636,603926,13562456,685192,310195,293731,10139459,0,334148,351044,98268,211927,1468700,2248028,4076029,0,107144,227004,102439,248605,1258265,64797371,322167,926371,9727,85160,237007,45670,39490,186216,50791,924820,1551,277390,647430,1551,0,18,9709,8,10,9709,0,20006563,44790808,4977482,15029081,16572799,28218009,n21971,false,0.8254013786692624,0.935858528627992,0,8203,false,500,2,0.03405380037289585,0.7001378947881844,null
14851574,66055636,603926,13562456,685192,310195,293731,10139459,0,334148,351044,98268,211927,1468700,2248028,4076029,0,107144,227004,102439,248605,1258265,64797371,322167,926371,9727,85160,237007,45670,39490,186216,50791,924820,1551,277390,647430,1551,0,18,9709,8,10,9709,0,20006563,44790808,4977482,15029081,16572799,28218009,n8944,false,0.9687148902063727,0.9728638780250021,0,3189,false,504,9,0.5103912181891833,0.0950675876805076,null
14851574,66055636,603926,13562456,685192,310195,293731,10139459,0,334148,351044,98268,211927,1468700,2248028,4076029,0,107144,227004,102439,248605,1258265,64797371,322167,926371,9727,85160,237007,45670,39490,186216,50791,924820,1551,277390,647430,1551,0,18,9709,8,10,9709,0,20006563,44790808,4977482,15029081,16572799,28218009,n8951,false,0.10137493129999012,0.7402521391103278,0,7177,false,502,5,0.4423653776528099,0.8459054124044293,null
14851574,66055636,603926,13562456,685192,310195,293731,10139459,0,334148,351044,98268,211927,1468700,2248028,4076029,0,107144,227004,102439,248605,1258265,64797371,322167,926371,9727,85160,237007,45670,39490,186216,50791,924820,1551,277390,647430,1551,0,18,9709,8,10,9709,0,20006563,44790808,4977482,15029081,16572799,28218009,n18409,true,0.8930138449334907,0.8694314847760596,12,28999,false,0,0,0.5377435742775387,0.6118749905733174,null
14851574,66055636,603926,13562456,685192,310195,293731,10139459,0,334148,351044,98268,211927,1468700,2248028,4076029,0,107144,227004,102439,248605,1258265,64797371,322167,926371,9727,85160,237007,45670,39490,186216,50791,924820,1551,277390,647430,1551,0,18,9709,8,10,9709,0,20006563,44790808,4977482,15029081,16572799,28218009,n8955,false,0.3958755400085,0.9990571027090738,0,8310,false,502,4,0.9370419858705468,0.538156928984695,null
14851574,66055636,603926,13562456,685192,310195,293731,10139459,0,334148,351044,98268,211927,1468700,2248028,4076029,0,107144,227004,102439,248605,1258265,64797371,322167,926371,9727,85160,237007,45670,39490,186216,50791,924820,1551,277390,647430,1551,0,18,9709,8,10,9709,0,20006563,44790808,4977482,15029081,16572799,28218009,n8959,false,0.9999982848794741,0.8686443372633468,0,3632,false,502,5,0.5296841512312436,0.5605379829037256,null
14851574,66055636,603926,13562456,685192,310195,293731,10139459,0,334148,351044,98268,211927,1468700,2248028,4076029,0,107144,227004,102439,248605,1258265,64797371,322167,926371,9727,85160,237007,45670,39490,186216,50791,924820,1551,277390,647430,1551,0,18,9709,8,10,9709,0,20006563,44790808,4977482,15029081,16572799,28218009,n8958,false,0.22470653157684686,0.175110260556113,0,13810,false,503,6,0.9280572461605138,0.7792423627377525,null
14851574,66055636,603926,13562456,685192,310195,293731,10139459,0,334148,351044,98268,211927,1468700,2248028,4076029,0,107144,227004,102439,248605,1258265,64797371,322167,926371,9727,85160,237007,45670,39490,186216,50791,924820,1551,277390,647430,1551,0,18,9709,8,10,9709,0,20006563,44790808,4977482,15029081,16572799,28218009,n43710,false,0.16159343314805924,0.5365306701420285,0,6472,false,502,5,0.7822768491942245,0.19338574741887626,null
14851574,66055636,603926,13562456,685192,310195,293731,10139459,0,334148,351044,98268,211927,1468700,2248028,4076029,0,107144,227004,102439,248605,1258265,64797371,322167,926371,9727,85160,237007,45670,39490,186216,50791,924820,1551,277390,647430,1551,0,18,9709,8,10,9709,0,20006563,44790808,4977482,15029081,16572799,28218009,n19134,false,0.29850367772617253,0.11188146704932622,0,5418,false,503,7,0.9081868361415778,0.35071556166735907,null
14851574,66055636,603926,13562456,685192,310195,293731,10139459,0,334148,351044,98268,211927,1468700,2248028,4076029,0,107144,227004,102439,248605,1258265,64797371,322167,926371,9727,85160,237007,45670,39490,186216,50791,924820,1551,277390,647430,1551,0,18,9709,8,10,9709,0,20006563,44790808,4977482,15029081,16572799,28218009,n21994,false,0.2577153913031332,0.33280685842629126,0,4740,false,503,8,0.9402274960079955,0.4372501176022435,null
14851574,66055636,603926,13562456,685192,310195,293731,10139459,0,334148,351044,98268,211927,1468700,2248028,4076029,0,107144,227004,102439,248605,1258265,64797371,322167,926371,9727,85160,237007,45670,39490,186216,50791,924820,1551,277390,647430,1551,0,18,9709,8,10,9709,0,20006563,44790808,4977482,15029081,16572799,28218009,n1868,false,0.30805337869922844,0.16580831640615512,0,14350,false,500,2,0.2929363606072547,0.10082625939383172,null
14851574,66055636,603926,13562456,685192,310195,293731,10139459,0,334148,351044,98268,211927,1468700,2248028,4076029,0,107144,227004,102439,248605,1258265,64797371,322167,926371,9727,85160,237007,45670,39490,186216,50791,924820,1551,277390,647430,1551,0,18,9709,8,10,9709,0,20006563,44790808,4977482,15029081,16572799,28218009,n2915,false,0.3327175870870442,0.7704167943454537,0,681,false,503,7,0.9849124603766688,0.1526405563946185,null
14851574,66055636,603926,13562456,685192,310195,293731,10139459,0,334148,351044,98268,211927,1468700,2248028,4076029,0,107144,227004,102439,248605,1258265,64797371,322167,926371,9727,85160,237007,45670,39490,186216,50791,924820,1551,277390,647430,1551,0,18,9709,8,10,9709,0,20006563,44790808,4977482,15029081,16572799,28218009,n2912,false,0.2754602249121469,0.6514443930984486,0,78,false,501,4,0.7632926842302377,0.8490127074793067,null
14851574,66055636,603926,13562456,685192,310195,293731,10139459,0,334148,351044,98268,211927,1468700,2248028,4076029,0,107144,227004,102439,248605,1258265,64797371,322167,926371,9727,85160,237007,45670,39490,186216,50791,924820,1551,277390,647430,1551,0,18,9709,8,10,9709,0,20006563,44790808,4977482,15029081,16572799,28218009,n8968,false,0.7541643031096827,0.3001066555651564,0,10063,false,503,7,0.8399954006703212,0.7638431978166076,null
14851574,66055636,603926,13562456,685192,310195,293731,10139459,0,334148,351044,98268,211927,1468700,2248028,4076029,0,107144,227004,102439,248605,1258265,64797371,322167,926371,9727,85160,237007,45670,39490,186216,50791,924820,1551,277390,647430,1551,0,18,9709,8,10,9709,0,20006563,44790808,4977482,15029081,16572799,28218009,n8966,false,0.8809607754600193,0.5111562057911991,0,8681,false,500,2,0.16561263932252246,0.6063534444535321,null
14851574,66055636,603926,13562456,685192,310195,293731,10139459,0,334148,351044,98268,211927,1468700,2248028,4076029,0,107144,227004,102439,248605,1258265,64797371,322167,926371,9727,85160,237007,45670,39490,186216,50791,924820,1551,277390,647430,1551,0,18,9709,8,10,9709,0,20006563,44790808,4977482,15029081,16572799,28218009,n1861,false,0.9743141179422293,0.9845502912262558,0,3498,false,502,5,0.9434680215022043,0.4083505358429628,null
14851574,66055636,603926,13562456,685192,310195,293731,10139459,0,334148,351044,98268,211927,1468700,2248028,4076029,0,107144,227004,102439,248605,1258265,64797371,322167,926371,9727,85160,237007,45670,39490,186216,50791,924820,1551,277390,647430,1551,0,18,9709,8,10,9709,0,20006563,44790808,4977482,15029081,16572799,28218009,n2911,false,0.2814634173907234,0.7870871495600784,0,4362,false,501,2,0.5236259192937863,0.3184510635265018,null
14851574,66055636,603926,13562456,685192,310195,293731,10139459,0,334148,351044,98268,211927,1468700,2248028,4076029,0,107144,227004,102439,248605,1258265,64797371,322167,926371,9727,85160,237007,45670,39490,186216,50791,924820,1551,277390,647430,1551,0,18,9709,8,10,9709,0,20006563,44790808,4977482,15029081,16572799,28218009,n8973,false,0.07997133360052235,0.6888822572993779,0,15218,false,502,5,0.9073023594934597,0.09329811702053836,null
14851574,66055636,603926,13562456,685192,310195,293731,10139459,0,334148,351044,98268,211927,1468700,2248028,4076029,0,107144,227004,102439,248605,1258265,64797371,322167,926371,9727,85160,237007,45670,39490,186216,50791,924820,1551,277390,647430,1551,0,18,9709,8,10,9709,0,20006563,44790808,4977482,15029081,16572799,28218009,n505,false,0.47451490393676865,0.432003438183051,0,28998,false,500,1,0.9244324391960413,0.13804994196954046,null
14851574,66055636,603926,13562456,685192,310195,293731,10139459,0,334148,351044,98268,211927,1468700,2248028,4076029,0,107144,227004,102439,248605,1258265,64797371,322167,926371,9727,85160,237007,45670,39490,186216,50791,924820,1551,277390,647430,1551,0,18,9709,8,10,9709,0,20006563,44790808,4977482,15029081,16572799,28218009,n1858,false,0.14408635272653178,0.05662030841477739,0,28916,false,500,1,0.07938055183244652,0.09581932932605597,null
14851574,66055636,603926,13562456,685192,310195,293731,10139459,0,334148,351044,98268,211927,1468700,2248028,4076029,0,107144,227004,102439,248605,1258265,64797371,322167,926371,9727,85160,237007,45670,39490,186216,50791,924820,1551,277390,647430,1551,0,18,9709,8,10,9709,0,20006563,44790808,4977482,15029081,16572799,28218009,n2905,false,0.9999963708867887,0.5148757581146644,0,2200,false,503,8,0.7935969712345772,0.7610878652539264,null
14851574,66055636,603926,13562456,685192,310195,293731,10139459,0,334148,351044,98268,211927,1468700,2248028,4076029,0,107144,227004,102439,248605,1258265,64797371,322167,926371,9727,85160,237007,45670,39490,186216,50791,924820,1551,277390,647430,1551,0,18,9709,8,10,9709,0,20006563,44790808,4977482,15029081,16572799,28218009,n509,false,0.7713943415869957,0.49351695327473777,0,3221,false,504,9,0.061144791775861185,0.8016484693889262,null
14851574,66055636,603926,13562456,685192,310195,293731,10139459,0,334148,351044,98268,211927,1468700,2248028,4076029,0,107144,227004,102439,248605,1258265,64797371,322167,926371,9727,85160,237007,45670,39490,186216,50791,924820,1551,277390,647430,1551,0,18,9709,8,10,9709,0,20006563,44790808,4977482,15029081,16572799,28218009,n1850,false,0.36344432856012915,0.6962331673190932,0,2087,false,503,7,0.7443375902217748,0.4651862111010115,null
14851574,66055636,603926,13562456,685192,310195,293731,10139459,0,334148,351044,98268,211927,1468700,2248028,4076029,0,107144,227004,102439,248605,1258265,64797371,322167,926371,9727,85160,237007,45670,39490,186216,50791,924820,1551,277390,647430,1551,0,18,9709,8,10,9709,0,20006563,44790808,4977482,15029081,16572799,28218009,n6838,true,0.22167691339804574,0.06129174706938434,11,28999,false,0,0,0.6697827470112374,0.8844832380022171,null
14851574,66055636,603926,13562456,685192,310195,293731,10139459,0,334148,351044,98268,211927,1468700,2248028,4076029,0,107144,227004,102439,248605,1258265,64797371,322167,926371,9727,85160,237007,45670,39490,186216,50791,924820,1551,277390,647430,1551,0,18,9709,8,10,9709,0,20006563,44790808,4977482,15029081,16572799,28218009,n501,false,0.9999984702920575,0.20867789420230415,0,9716,false,504,9,0.47242082767895094,0.4064169701200108,null
14851574,66055636,603926,13562456,685192,310195,293731,10139459,0,334148,351044,98268,211927,1468700,2248028,4076029,0,107144,227004,102439,248605,1258265,64797371,322167,926371,9727,85160,237007,45670,39490,186216,50791,924820,1551,277390,647430,1551,0,18,9709,8,10,9709,0,20006563,44790808,4977482,15029081,16572799,28218009,n1855,false,0.999997106338509,0.10008186718863499,0,11073,false,504,10,0.2952725712045384,0.3545502260750626,null
14851574,66055636,603926,13562456,685192,310195,293731,10139459,0,334148,351044,98268,211927,1468700,2248028,4076029,0,107144,227004,102439,248605,1258265,64797371,322167,926371,9727,85160,237007,45670,39490,186216,50791,924820,1551,277390,647430,1551,0,18,9709,8,10,9709,0,20006563,44790808,4977482,15029081,16572799,28218009,n502,false,0.24870026244546067,0.4098795982174677,0,23421,false,501,4,0.7750037599370939,0.059523000078574584,null
14851574,66055636,603926,13562456,685192,310195,293731,10139459,0,334148,351044,98268,211927,1468700,2248028,4076029,0,107144,227004,102439,248605,1258265,64797371,322167,926371,9727,85160,237007,45670,39490,186216,50791,924820,1551,277390,647430,1551,0,18,9709,8,10,9709,0,20006563,44790808,4977482,15029081,16572799,28218009,n500,true,0.3067992802262392,0.3819528402711271,15,17325,false,140,2,0.9782137326658121,0.7430451560450291,null
14851574,66055636,603926,13562456,685192,310195,293731,10139459,0,334148,351044,98268,211927,1468700,2248028,4076029,0,107144,227004,102439,248605,1258265,64797371,322167,926371,9727,85160,237007,45670,39490,186216,50791,924820,1551,277390,647430,1551,0,18,9709,8,10,9709,0,20006563,44790808,4977482,15029081,16572799,28218009,n6832,false,0.999999446679825,0.5820152216324298,0,2469,false,504,8,0.9425790382726889,0.8487668314600983,null
14851574,66055636,603926,13562456,685192,310195,293731,10139459,0,334148,351044,98268,211927,1468700,2248028,4076029,0,107144,227004,102439,248605,1258265,64797371,322167,926371,9727,85160,237007,45670,39490,186216,50791,924820,1551,277390,647430,1551,0,18,9709,8,10,9709,0,20006563,44790808,4977482,15029081,16572799,28218009,n8983,false,0.6376802225318241,0.7606686159790139,0,26864,false,500,2,0.8955464936870811,0.15602043658108977,null
14851574,66055636,603926,13562456,685192,310195,293731,10139459,0,334148,351044,98268,211927,1468700,2248028,4076029,0,107144,227004,102439,248605,1258265,64797371,322167,926371,9727,85160,237007,45670,39490,186216,50791,924820,1551,277390,647430,1551,0,18,9709,8,10,9709,0,20006563,44790808,4977482,15029081,16572799,28218009,n8986,false,0.3589582086028514,0.006649947610597118,0,2398,false,502,6,0.7432815454425468,0.28723128150897137,null
14851574,66055636,603926,13562456,685192,310195,293731,10139459,0,334148,351044,98268,211927,1468700,2248028,4076029,0,107144,227004,102439,248605,1258265,64797371,322167,926371,9727,85160,237007,45670,39490,186216,50791,924820,1551,277390,647430,1551,0,18,9709,8,10,9709,0,20006563,44790808,4977482,15029081,16572799,28218009,n8985,false,0.999998703298972,0.7691935878539,0,10571,false,503,8,0.20219144295851443,0.7870518008642597,null
14851574,66055636,603926,13562456,685192,310195,293731,10139459,0,334148,351044,98268,211927,1468700,2248028,4076029,0,107144,227004,102439,248605,1258265,64797371,322167,926371,9727,85160,237007,45670,39490,186216,50791,924820,1551,277390,647430,1551,0,18,9709,8,10,9709,0,20006563,44790808,4977482,15029081,16572799,28218009,n19195,false,0.1967828151644416,0.39570352061897146,0,9226,false,507,15,0.37004773739851493,0.27368087264141294,null
14851574,66055636,603926,13562456,685192,310195,293731,10139459,0,334148,351044,98268,211927,1468700,2248028,4076029,0,107144,227004,102439,248605,1258265,64797371,322167,926371,9727,85160,237007,45670,39490,186216,50791,924820,1551,277390,647430,1551,0,18,9709,8,10,9709,0,20006563,44790808,4977482,15029081,16572799,28218009,n22559,true,0.20756560495884813,0.7789134435718166,12,28999,false,0,0,0.9599295843582992,0.12699135390972682,null
14851574,66055636,603926,13562456,685192,310195,293731,10139459,0,334148,351044,98268,211927,1468700,2248028,4076029,0,107144,227004,102439,248605,1258265,64797371,322167,926371,9727,85160,237007,45670,39490,186216,50791,924820,1551,277390,647430,1551,0,18,9709,8,10,9709,0,20006563,44790808,4977482,15029081,16572799,28218009,n2938,false,0.3727253478325546,0.4708015165094116,0,5395,false,506,13,0.24753770310516954,0.17448893912423735,null
14851574,66055636,603926,13562456,685192,310195,293731,10139459,0,334148,351044,98268,211927,1468700,2248028,4076029,0,107144,227004,102439,248605,1258265,64797371,322167,926371,9727,85160,237007,45670,39490,186216,50791,924820,1551,277390,647430,1551,0,18,9709,8,10,9709,0,20006563,44790808,4977482,15029081,16572799,28218009,n8988,true,0.6669202147928346,0.5578763415340071,11,28999,false,0,0,0.420550674976611,0.07541557713666525,null
14851574,66055636,603926,13562456,685192,310195,293731,10139459,0,334148,351044,98268,211927,1468700,2248028,4076029,0,107144,227004,102439,248605,1258265,64797371,322167,926371,9727,85160,237007,45670,39490,186216,50791,924820,1551,277390,647430,1551,0,18,9709,8,10,9709,0,20006563,44790808,4977482,15029081,16572799,28218009,n4707,true,0.6478151959601438,0.1853763427881705,13,13195,false,501,3,0.917750363531107,0.6197734192932555,null
14851574,66055636,603926,13562456,685192,310195,293731,10139459,0,334148,351044,98268,211927,1468700,2248028,4076029,0,107144,227004,102439,248605,1258265,64797371,322167,926371,9727,85160,237007,45670,39490,186216,50791,924820,1551,277390,647430,1551,0,18,9709,8,10,9709,0,20006563,44790808,4977482,15029081,16572799,28218009,n4708,true,0.32395717804878915,0.7289812450038485,11,2663,false,501,6,0.8349568354901803,0.10855862423467388,null
14851574,66055636,603926,13562456,685192,310195,293731,10139459,0,334148,351044,98268,211927,1468700,2248028,4076029,0,107144,227004,102439,248605,1258265,64797371,322167,926371,9727,85160,237007,45670,39490,186216,50791,924820,1551,277390,647430,1551,0,18,9709,8,10,9709,0,20006563,44790808,4977482,15029081,16572799,28218009,n2935,false,0.9741116616811308,0.9686744061639619,0,6292,false,503,7,0.19781478450927514,0.5243737050135623,null
14851574,66055636,603926,13562456,685192,310195,293731,10139459,0,334148,351044,98268,211927,1468700,2248028,4076029,0,107144,227004,102439,248605,1258265,64797371,322167,926371,9727,85160,237007,45670,39490,186216,50791,924820,1551,277390,647430,1551,0,18,9709,8,10,9709,0,20006563,44790808,4977482,15029081,16572799,28218009,n2932,true,0.4757062294931156,0.27277100950570277,13,1498,false,502,7,0.8147237772326767,0.8881030863952073,null
14851574,66055636,603926,13562456,685192,310195,293731,10139459,0,334148,351044,98268,211927,1468700,2248028,4076029,0,107144,227004,102439,248605,1258265,64797371,322167,926371,9727,85160,237007,45670,39490,186216,50791,924820,1551,277390,647430,1551,0,18,9709,8,10,9709,0,20006563,44790808,4977482,15029081,16572799,28218009,n2933,false,0.8147162666282621,0.1177252192425543,0,6574,false,503,7,0.6803859842447306,0.4035445703038884,null
14851574,66055636,603926,13562456,685192,310195,293731,10139459,0,334148,351044,98268,211927,1468700,2248028,4076029,0,107144,227004,102439,248605,1258265,64797371,322167,926371,9727,85160,237007,45670,39490,186216,50791,924820,1551,277390,647430,1551,0,18,9709,8,10,9709,0,20006563,44790808,4977482,15029081,16572799,28218009,n4702,false,0.9734405428777227,0.3898646419819976,0,545,false,502,5,0.7761982283455694,0.12559174777589344,null
14851574,66055636,603926,13562456,685192,310195,293731,10139459,0,334148,351044,98268,211927,1468700,2248028,4076029,0,107144,227004,102439,248605,1258265,64797371,322167,926371,9727,85160,237007,45670,39490,186216,50791,924820,1551,277390,647430,1551,0,18,9709,8,10,9709,0,20006563,44790808,4977482,15029081,16572799,28218009,n1881,false,0.9166846667265461,0.3214882605789048,0,6209,false,502,5,0.6857818408143446,0.29531465269936685,null
14851574,66055636,603926,13562456,685192,310195,293731,10139459,0,334148,351044,98268,211927,1468700,2248028,4076029,0,107144,227004,102439,248605,1258265,64797371,322167,926371,9727,85160,237007,45670,39490,186216,50791,924820,1551,277390,647430,1551,0,18,9709,8,10,9709,0,20006563,44790808,4977482,15029081,16572799,28218009,n4700,true,0.5312096010785993,0.008724704182178411,9,5458,false,502,5,0.38282834407483113,0.13708181371549977,null
14851574,66055636,603926,13562456,685192,310195,293731,10139459,0,334148,351044,98268,211927,1468700,2248028,4076029,0,107144,227004,102439,248605,1258265,64797371,322167,926371,9727,85160,237007,45670,39490,186216,50791,924820,1551,277390,647430,1551,0,18,9709,8,10,9709,0,20006563,44790808,4977482,15029081,16572799,28218009,n1884,false,0.7987454155987994,0.19490935639602736,0,1345,false,502,6,0.9796851269400035,0.40228712422795654,null
14851574,66055636,603926,13562456,685192,310195,293731,10139459,0,334148,351044,98268,211927,1468700,2248028,4076029,0,107144,227004,102439,248605,1258265,64797371,322167,926371,9727,85160,237007,45670,39490,186216,50791,924820,1551,277390,647430,1551,0,18,9709,8,10,9709,0,20006563,44790808,4977482,15029081,16572799,28218009,n1890,false,0.09966460586899459,0.09554197445025048,0,9513,false,503,7,0.25492021678979804,0.9181643240846323,null
14851574,66055636,603926,13562456,685192,310195,293731,10139459,0,334148,351044,98268,211927,1468700,2248028,4076029,0,107144,227004,102439,248605,1258265,64797371,322167,926371,9727,85160,237007,45670,39490,186216,50791,924820,1551,277390,647430,1551,0,18,9709,8,10,9709,0,20006563,44790808,4977482,15029081,16572799,28218009,n19164,false,0.5189553324416963,0.587244969707827,0,19284,false,502,5,0.6137147623288072,0.38133920174140634,null
14851574,66055636,603926,13562456,685192,310195,293731,10139459,0,334148,351044,98268,211927,1468700,2248028,4076029,0,107144,227004,102439,248605,1258265,64797371,322167,926371,9727,85160,237007,45670,39490,186216,50791,924820,1551,277390,647430,1551,0,18,9709,8,10,9709,0,20006563,44790808,4977482,15029081,16572799,28218009,n8991,true,0.06433707804027984,0.587668949741547,13,7140,false,9,10,0.9200030178666283,0.34135939290651307,null
14851574,66055636,603926,13562456,685192,310195,293731,10139459,0,334148,351044,98268,211927,1468700,2248028,4076029,0,107144,227004,102439,248605,1258265,64797371,322167,926371,9727,85160,237007,45670,39490,186216,50791,924820,1551,277390,647430,1551,0,18,9709,8,10,9709,0,20006563,44790808,4977482,15029081,16572799,28218009,n8994,true,0.8594241797675951,0.6468168425821257,5,28999,false,0,0,0.549376128654411,0.5840451570523073,null
14851574,66055636,603926,13562456,685192,310195,293731,10139459,0,334148,351044,98268,211927,1468700,2248028,4076029,0,107144,227004,102439,248605,1258265,64797371,322167,926371,9727,85160,237007,45670,39490,186216,50791,924820,1551,277390,647430,1551,0,18,9709,8,10,9709,0,20006563,44790808,4977482,15029081,16572799,28218009,n2926,true,0.11881592287927345,0.49621726795893756,12,28999,false,0,0,0.9501772547290219,0.2558291067526939,null
14851574,66055636,603926,13562456,685192,310195,293731,10139459,0,334148,351044,98268,211927,1468700,2248028,4076029,0,107144,227004,102439,248605,1258265,64797371,322167,926371,9727,85160,237007,45670,39490,186216,50791,924820,1551,277390,647430,1551,0,18,9709,8,10,9709,0,20006563,44790808,4977482,15029081,16572799,28218009,n1876,false,0.3672006768407878,0.39186592909472695,0,28999,false,0,0,0.7748690492381959,0.4312598530420887,null
14851574,66055636,603926,13562456,685192,310195,293731,10139459,0,334148,351044,98268,211927,1468700,2248028,4076029,0,107144,227004,102439,248605,1258265,64797371,322167,926371,9727,85160,237007,45670,39490,186216,50791,924820,1551,277390,647430,1551,0,18,9709,8,10,9709,0,20006563,44790808,4977482,15029081,16572799,28218009,n4713,false,0.5920239565903349,0.1929452108737516,0,5080,false,500,2,0.9823592285778755,0.5525566060182696,null
14851574,66055636,603926,13562456,685192,310195,293731,10139459,0,334148,351044,98268,211927,1468700,2248028,4076029,0,107144,227004,102439,248605,1258265,64797371,322167,926371,9727,85160,237007,45670,39490,186216,50791,924820,1551,277390,647430,1551,0,18,9709,8,10,9709,0,20006563,44790808,4977482,15029081,16572799,28218009,n2920,false,0.41235954611530357,0.44225847775577753,0,3759,false,505,11,0.7459299157913342,0.2625279918062082,null
14851574,66055636,603926,13562456,685192,310195,293731,10139459,0,334148,351044,98268,211927,1468700,2248028,4076029,0,107144,227004,102439,248605,1258265,64797371,322167,926371,9727,85160,237007,45670,39490,186216,50791,924820,1551,277390,647430,1551,0,18,9709,8,10,9709,0,20006563,44790808,4977482,15029081,16572799,28218009,n4714,false,0.063116248623205,0.8995025940008805,0,2987,false,504,9,0.7905069423839455,0.7196816433541068,null
14851574,66055636,603926,13562456,685192,310195,293731,10139459,0,334148,351044,98268,211927,1468700,2248028,4076029,0,107144,227004,102439,248605,1258265,64797371,322167,926371,9727,85160,237007,45670,39490,186216,50791,924820,1551,277390,647430,1551,0,18,9709,8,10,9709,0,20006563,44790808,4977482,15029081,16572799,28218009,n1874,false,0.4621172757791697,0.4894045038686212,0,3023,false,502,5,0.8233311152481013,0.7935890100248907,null
14851574,66055636,603926,13562456,685192,310195,293731,10139459,0,334148,351044,98268,211927,1468700,2248028,4076029,0,107144,227004,102439,248605,1258265,64797371,322167,926371,9727,85160,237007,45670,39490,186216,50791,924820,1551,277390,647430,1551,0,18,9709,8,10,9709,0,20006563,44790808,4977482,15029081,16572799,28218009,n4710,false,0.016304495261500136,0.9685509667999088,0,19515,false,502,5,0.7362283693290351,0.863072605441789,null
14851574,66055636,603926,13562456,685192,310195,293731,10139459,0,334148,351044,98268,211927,1468700,2248028,4076029,0,107144,227004,102439,248605,1258265,64797371,322167,926371,9727,85160,237007,45670,39490,186216,50791,924820,1551,277390,647430,1551,0,18,9709,8,10,9709,0,20006563,44790808,4977482,15029081,16572799,28218009,n1870,true,0.5451798738588789,0.7967656167425614,11,11621,false,500,2,0.06738283320366245,0.16814001027106784,null
14851574,66055636,603926,13562456,685192,310195,293731,10139459,0,334148,351044,98268,211927,1468700,2248028,4076029,0,107144,227004,102439,248605,1258265,64797371,322167,926371,9727,85160,237007,45670,39490,186216,50791,924820,1551,277390,647430,1551,0,18,9709,8,10,9709,0,20006563,44790808,4977482,15029081,16572799,28218009,n24677,false,0.8476431823557988,0.816350623945656,0,13311,false,502,5,0.17082665070141723,0.8149867782072687,null
14851574,66055636,603926,13562456,685192,310195,293731,10139459,0,334148,351044,98268,211927,1468700,2248028,4076029,0,107144,227004,102439,248605,1258265,64797371,322167,926371,9727,85160,237007,45670,39490,186216,50791,924820,1551,277390,647430,1551,0,18,9709,8,10,9709,0,20006563,44790808,4977482,15029081,16572799,28218009,n22535,false,0.5792622662736561,0.475143367994054,0,570,false,503,7,0.8128431987259183,0.7272992900036954,null
14851574,66055636,603926,13562456,685192,310195,293731,10139459,0,334148,351044,98268,211927,1468700,2248028,4076029,0,107144,227004,102439,248605,1258265,64797371,322167,926371,9727,85160,237007,45670,39490,186216,50791,924820,1551,277390,647430,1551,0,18,9709,8,10,9709,0,20006563,44790808,4977482,15029081,16572799,28218009,n22538,false,0.9600905939588362,0.6363741845228776,0,9453,false,505,11,0.9192965021904024,0.8287000439790074,null
14851574,66055636,603926,13562456,685192,310195,293731,10139459,0,334148,351044,98268,211927,1468700,2248028,4076029,0,107144,227004,102439,248605,1258265,64797371,322167,926371,9727,85160,237007,45670,39490,186216,50791,924820,1551,277390,647430,1551,0,18,9709,8,10,9709,0,20006563,44790808,4977482,15029081,16572799,28218009,n31421,false,0.5933535637472116,0.8072648747738104,0,1880,false,503,7,0.9651290833028219,0.5555900346760761,null
14851574,66055636,603926,13562456,685192,310195,293731,10139459,0,334148,351044,98268,211927,1468700,2248028,4076029,0,107144,227004,102439,248605,1258265,64797371,322167,926371,9727,85160,237007,45670,39490,186216,50791,924820,1551,277390,647430,1551,0,18,9709,8,10,9709,0,20006563,44790808,4977482,15029081,16572799,28218009,n24773,false,0.30529909429822366,0.2662853163689766,0,2950,false,507,16,0.8927991180065181,0.9412258927511499,null
14851574,66055636,603926,13562456,685192,310195,293731,10139459,0,334148,351044,98268,211927,1468700,2248028,4076029,0,107144,227004,102439,248605,1258265,64797371,322167,926371,9727,85160,237007,45670,39490,186216,50791,924820,1551,277390,647430,1551,0,18,9709,8,10,9709,0,20006563,44790808,4977482,15029081,16572799,28218009,n4616,true,0.4216633365046826,0.1899016291876483,11,971,false,504,10,0.9832904574677652,0.9191770011052953,null
14851574,66055636,603926,13562456,685192,310195,293731,10139459,0,334148,351044,98268,211927,1468700,2248028,4076029,0,107144,227004,102439,248605,1258265,64797371,322167,926371,9727,85160,237007,45670,39490,186216,50791,924820,1551,277390,647430,1551,0,18,9709,8,10,9709,0,20006563,44790808,4977482,15029081,16572799,28218009,n4619,true,0.36574640754736465,0.6443107023619095,14,23247,false,501,4,0.6879849505053797,0.5986793687427988,null
14851574,66055636,603926,13562456,685192,310195,293731,10139459,0,334148,351044,98268,211927,1468700,2248028,4076029,0,107144,227004,102439,248605,1258265,64797371,322167,926371,9727,85160,237007,45670,39490,186216,50791,924820,1551,277390,647430,1551,0,18,9709,8,10,9709,0,20006563,44790808,4977482,15029081,16572799,28218009,n18491,false,0.9999953151183855,0.7645580946996302,0,9524,false,501,3,0.9072246412865747,0.36967277331821946,null
14851574,66055636,603926,13562456,685192,310195,293731,10139459,0,334148,351044,98268,211927,1468700,2248028,4076029,0,107144,227004,102439,248605,1258265,64797371,322167,926371,9727,85160,237007,45670,39490,186216,50791,924820,1551,277390,647430,1551,0,18,9709,8,10,9709,0,20006563,44790808,4977482,15029081,16572799,28218009,n18485,true,0.9999850197726751,0.3928598311286726,10,111,false,501,3,0.4806481442243661,0.6446008456192898,null
14851574,66055636,603926,13562456,685192,310195,293731,10139459,0,334148,351044,98268,211927,1468700,2248028,4076029,0,107144,227004,102439,248605,1258265,64797371,322167,926371,9727,85160,237007,45670,39490,186216,50791,924820,1551,277390,647430,1551,0,18,9709,8,10,9709,0,20006563,44790808,4977482,15029081,16572799,28218009,n4637,false,0.8139760800531718,0.25288378297061026,0,8660,false,503,8,0.9627729543507896,0.8921992706131292,null
14851574,66055636,603926,13562456,685192,310195,293731,10139459,0,334148,351044,98268,211927,1468700,2248028,4076029,0,107144,227004,102439,248605,1258265,64797371,322167,926371,9727,85160,237007,45670,39490,186216,50791,924820,1551,277390,647430,1551,0,18,9709,8,10,9709,0,20006563,44790808,4977482,15029081,16572799,28218009,n4654,false,0.0864111720876298,0.5102556365145163,0,1206,false,504,8,0.9470217398052903,0.1299499955422565,null
14851574,66055636,603926,13562456,685192,310195,293731,10139459,0,334148,351044,98268,211927,1468700,2248028,4076029,0,107144,227004,102439,248605,1258265,64797371,322167,926371,9727,85160,237007,45670,39490,186216,50791,924820,1551,277390,647430,1551,0,18,9709,8,10,9709,0,20006563,44790808,4977482,15029081,16572799,28218009,n4681,false,0.999997889635105,0.9467315453370186,0,20282,false,502,4,0.40029972307920325,0.8906655189676271,null
14851574,66055636,603926,13562456,685192,310195,293731,10139459,0,334148,351044,98268,211927,1468700,2248028,4076029,0,107144,227004,102439,248605,1258265,64797371,322167,926371,9727,85160,237007,45670,39490,186216,50791,924820,1551,277390,647430,1551,0,18,9709,8,10,9709,0,20006563,44790808,4977482,15029081,16572799,28218009,n4680,false,0.999997769613867,0.48154322312720843,0,20434,false,502,5,0.684770242093838,0.6032306458990956,null
14851574,66055636,603926,13562456,685192,310195,293731,10139459,0,334148,351044,98268,211927,1468700,2248028,4076029,0,107144,227004,102439,248605,1258265,64797371,322167,926371,9727,85160,237007,45670,39490,186216,50791,924820,1551,277390,647430,1551,0,18,9709,8,10,9709,0,20006563,44790808,4977482,15029081,16572799,28218009,n4683,false,0.9703802255370813,0.14717246438713705,0,10709,false,504,9,0.8993255079895734,0.60841122887939,null
14851574,66055636,603926,13562456,685192,310195,293731,10139459,0,334148,351044,98268,211927,1468700,2248028,4076029,0,107144,227004,102439,248605,1258265,64797371,322167,926371,9727,85160,237007,45670,39490,186216,50791,924820,1551,277390,647430,1551,0,18,9709,8,10,9709,0,20006563,44790808,4977482,15029081,16572799,28218009,n31441,true,0.9033113336009958,0.05600107660985798,11,28999,false,0,0,0.7444915584723906,0.1863747116661697,null
14851574,66055636,603926,13562456,685192,310195,293731,10139459,0,334148,351044,98268,211927,1468700,2248028,4076029,0,107144,227004,102439,248605,1258265,64797371,322167,926371,9727,85160,237007,45670,39490,186216,50791,924820,1551,277390,647430,1551,0,18,9709,8,10,9709,0,20006563,44790808,4977482,15029081,16572799,28218009,n4677,false,0.7442236356738308,0.06606894887254866,0,8135,false,502,4,0.6302565558629445,0.931366532725967,null
14851574,66055636,603926,13562456,685192,310195,293731,10139459,0,334148,351044,98268,211927,1468700,2248028,4076029,0,107144,227004,102439,248605,1258265,64797371,322167,926371,9727,85160,237007,45670,39490,186216,50791,924820,1551,277390,647430,1551,0,18,9709,8,10,9709,0,20006563,44790808,4977482,15029081,16572799,28218009,n4678,false,0.927708251813432,0.5350725691340408,0,6533,false,501,3,0.47923075788899583,0.7935804709574792,null
14851574,66055636,603926,13562456,685192,310195,293731,10139459,0,334148,351044,98268,211927,1468700,2248028,4076029,0,107144,227004,102439,248605,1258265,64797371,322167,926371,9727,85160,237007,45670,39490,186216,50791,924820,1551,277390,647430,1551,0,18,9709,8,10,9709,0,20006563,44790808,4977482,15029081,16572799,28218009,n4675,true,0.08805619637197803,0.6280902144814983,12,28999,false,0,0,0.9909441913364454,0.7277721355778185,null
14851574,66055636,603926,13562456,685192,310195,293731,10139459,0,334148,351044,98268,211927,1468700,2248028,4076029,0,107144,227004,102439,248605,1258265,64797371,322167,926371,9727,85160,237007,45670,39490,186216,50791,924820,1551,277390,647430,1551,0,18,9709,8,10,9709,0,20006563,44790808,4977482,15029081,16572799,28218009,n4679,false,0.9999968875366974,0.9266994528285343,0,28999,false,0,0,0.736662533201662,0.20023633756829118,null
14851574,66055636,603926,13562456,685192,310195,293731,10139459,0,334148,351044,98268,211927,1468700,2248028,4076029,0,107144,227004,102439,248605,1258265,64797371,322167,926371,9727,85160,237007,45670,39490,186216,50791,924820,1551,277390,647430,1551,0,18,9709,8,10,9709,0,20006563,44790808,4977482,15029081,16572799,28218009,n4670,false,0.7271437917979076,0.005851733950185567,0,2112,false,503,8,0.6892687571614442,0.06872005375522083,null
14851574,66055636,603926,13562456,685192,310195,293731,10139459,0,334148,351044,98268,211927,1468700,2248028,4076029,0,107144,227004,102439,248605,1258265,64797371,322167,926371,9727,85160,237007,45670,39490,186216,50791,924820,1551,277390,647430,1551,0,18,9709,8,10,9709,0,20006563,44790808,4977482,15029081,16572799,28218009,n4674,false,0.33241486944935306,0.8066523729332558,0,18981,false,502,4,0.35776637751779206,0.4294009839865562,null
14851574,66055636,603926,13562456,685192,310195,293731,10139459,0,334148,351044,98268,211927,1468700,2248028,4076029,0,107144,227004,102439,248605,1258265,64797371,322167,926371,9727,85160,237007,45670,39490,186216,50791,924820,1551,277390,647430,1551,0,18,9709,8,10,9709,0,20006563,44790808,4977482,15029081,16572799,28218009,n18430,false,0.05260267378564672,0.83485375834025,0,7751,false,502,6,0.5223252210583308,0.18872652027226278,null
14851574,66055636,603926,13562456,685192,310195,293731,10139459,0,334148,351044,98268,211927,1468700,2248028,4076029,0,107144,227004,102439,248605,1258265,64797371,322167,926371,9727,85160,237007,45670,39490,186216,50791,924820,1551,277390,647430,1551,0,18,9709,8,10,9709,0,20006563,44790808,4977482,15029081,16572799,28218009,n4673,false,0.9999982736855787,0.4984706598441132,0,1260,false,502,6,0.8829692151448096,0.8377262438483412,null
14851574,66055636,603926,13562456,685192,310195,293731,10139459,0,334148,351044,98268,211927,1468700,2248028,4076029,0,107144,227004,102439,248605,1258265,64797371,322167,926371,9727,85160,237007,45670,39490,186216,50791,924820,1551,277390,647430,1551,0,18,9709,8,10,9709,0,20006563,44790808,4977482,15029081,16572799,28218009,n24727,false,0.8906800315151532,0.974706382574738,0,3339,false,505,10,0.7867333390407901,0.09203490709512363,null
14851574,66055636,603926,13562456,685192,310195,293731,10139459,0,334148,351044,98268,211927,1468700,2248028,4076029,0,107144,227004,102439,248605,1258265,64797371,322167,926371,9727,85160,237007,45670,39490,186216,50791,924820,1551,277390,647430,1551,0,18,9709,8,10,9709,0,20006563,44790808,4977482,15029081,16572799,28218009,n4664,false,0.7142973781379522,0.8450157335903871,0,1937,false,506,14,0.9401630955910982,0.9814671261404684,null
14851574,66055636,603926,13562456,685192,310195,293731,10139459,0,334148,351044,98268,211927,1468700,2248028,4076029,0,107144,227004,102439,248605,1258265,64797371,322167,926371,9727,85160,237007,45670,39490,186216,50791,924820,1551,277390,647430,1551,0,18,9709,8,10,9709,0,20006563,44790808,4977482,15029081,16572799,28218009,n4665,false,0.8920482954563366,0.7852798652485196,0,11847,false,504,8,0.9973244468515139,0.2589341959853688,null
14851574,66055636,603926,13562456,685192,310195,293731,10139459,0,334148,351044,98268,211927,1468700,2248028,4076029,0,107144,227004,102439,248605,1258265,64797371,322167,926371,9727,85160,237007,45670,39490,186216,50791,924820,1551,277390,647430,1551,0,18,9709,8,10,9709,0,20006563,44790808,4977482,15029081,16572799,28218009,n4666,false,0.40044265760022385,0.28472279035909853,0,3,false,502,4,0.722099009106189,0.6203657456675842,null
14851574,66055636,603926,13562456,685192,310195,293731,10139459,0,334148,351044,98268,211927,1468700,2248028,4076029,0,107144,227004,102439,248605,1258265,64797371,322167,926371,9727,85160,237007,45670,39490,186216,50791,924820,1551,277390,647430,1551,0,18,9709,8,10,9709,0,20006563,44790808,4977482,15029081,16572799,28218009,n4667,true,0.8894660138219842,0.12053857324604478,14,7668,false,501,4,0.633287047793707,0.8829731484360807,null
14851574,66055636,603926,13562456,685192,310195,293731,10139459,0,334148,351044,98268,211927,1468700,2248028,4076029,0,107144,227004,102439,248605,1258265,64797371,322167,926371,9727,85160,237007,45670,39490,186216,50791,924820,1551,277390,647430,1551,0,18,9709,8,10,9709,0,20006563,44790808,4977482,15029081,16572799,28218009,n4669,false,0.7610469852993637,0.05061371199703679,0,5373,false,503,8,0.8045486871316804,0.3993724366560413,null
14851574,66055636,603926,13562456,685192,310195,293731,10139459,0,334148,351044,98268,211927,1468700,2248028,4076029,0,107144,227004,102439,248605,1258265,64797371,322167,926371,9727,85160,237007,45670,39490,186216,50791,924820,1551,277390,647430,1551,0,18,9709,8,10,9709,0,20006563,44790808,4977482,15029081,16572799,28218009,n4698,false,0.5006520266189526,0.9375293527050985,0,28999,false,0,0,0.8364225860953916,0.7232482871578783,null
14851574,66055636,603926,13562456,685192,310195,293731,10139459,0,334148,351044,98268,211927,1468700,2248028,4076029,0,107144,227004,102439,248605,1258265,64797371,322167,926371,9727,85160,237007,45670,39490,186216,50791,924820,1551,277390,647430,1551,0,18,9709,8,10,9709,0,20006563,44790808,4977482,15029081,16572799,28218009,n4697,false,0.49889722899246636,0.8904217646205725,0,563,false,504,9,0.323670210404579,0.19810291218327736,null
14851574,66055636,603926,13562456,685192,310195,293731,10139459,0,334148,351044,98268,211927,1468700,2248028,4076029,0,107144,227004,102439,248605,1258265,64797371,322167,926371,9727,85160,237007,45670,39490,186216,50791,924820,1551,277390,647430,1551,0,18,9709,8,10,9709,0,20006563,44790808,4977482,15029081,16572799,28218009,n4699,false,0.5787226385306331,0.12003902348668782,0,22606,false,501,3,0.5085294735926629,0.4347243074594381,null
14851574,66055636,603926,13562456,685192,310195,293731,10139459,0,334148,351044,98268,211927,1468700,2248028,4076029,0,107144,227004,102439,248605,1258265,64797371,322167,926371,9727,85160,237007,45670,39490,186216,50791,924820,1551,277390,647430,1551,0,18,9709,8,10,9709,0,20006563,44790808,4977482,15029081,16572799,28218009,n4689,true,0.0728177873298394,0.7729192602537341,12,13143,false,500,2,0.611751975791128,0.12267401284647816,null
14851574,66055636,603926,13562456,685192,310195,293731,10139459,0,334148,351044,98268,211927,1468700,2248028,4076029,0,107144,227004,102439,248605,1258265,64797371,322167,926371,9727,85160,237007,45670,39490,186216,50791,924820,1551,277390,647430,1551,0,18,9709,8,10,9709,0,20006563,44790808,4977482,15029081,16572799,28218009,n16071,false,0.6502406642803127,0.8207691560736887,0,9673,false,502,4,0.07148506498969809,0.2534648481039081,null
14851574,66055636,603926,13562456,685192,310195,293731,10139459,0,334148,351044,98268,211927,1468700,2248028,4076029,0,107144,227004,102439,248605,1258265,64797371,322167,926371,9727,85160,237007,45670,39490,186216,50791,924820,1551,277390,647430,1551,0,18,9709,8,10,9709,0,20006563,44790808,4977482,15029081,16572799,28218009,n4687,false,0.5974512938395383,0.15593536113707218,0,4178,false,502,4,0.6338036342852866,0.11370362316792837,null
14851574,66055636,603926,13562456,685192,310195,293731,10139459,0,334148,351044,98268,211927,1468700,2248028,4076029,0,107144,227004,102439,248605,1258265,64797371,322167,926371,9727,85160,237007,45670,39490,186216,50791,924820,1551,277390,647430,1551,0,18,9709,8,10,9709,0,20006563,44790808,4977482,15029081,16572799,28218009,n4695,false,0.9999976940708581,0.7103019493316852,0,17541,false,503,7,0.681471394740878,0.4671108626440454,null
14851574,66055636,603926,13562456,685192,310195,293731,10139459,0,334148,351044,98268,211927,1468700,2248028,4076029,0,107144,227004,102439,248605,1258265,64797371,322167,926371,9727,85160,237007,45670,39490,186216,50791,924820,1551,277390,647430,1551,0,18,9709,8,10,9709,0,20006563,44790808,4977482,15029081,16572799,28218009,n25833,false,0.2285752767244256,0.049963221575167194,0,6275,false,503,7,0.4477157527233359,0.6692693784846736,null
14851574,66055636,603926,13562456,685192,310195,293731,10139459,0,334148,351044,98268,211927,1468700,2248028,4076029,0,107144,227004,102439,248605,1258265,64797371,322167,926371,9727,85160,237007,45670,39490,186216,50791,924820,1551,277390,647430,1551,0,18,9709,8,10,9709,0,20006563,44790808,4977482,15029081,16572799,28218009,n4694,false,0.8196892834587614,0.2737309019461716,0,17119,false,501,3,0.6986657437874404,0.8573683630929237,null
14851574,66055636,603926,13562456,685192,310195,293731,10139459,0,334148,351044,98268,211927,1468700,2248028,4076029,0,107144,227004,102439,248605,1258265,64797371,322167,926371,9727,85160,237007,45670,39490,186216,50791,924820,1551,277390,647430,1551,0,18,9709,8,10,9709,0,20006563,44790808,4977482,15029081,16572799,28218009,n4690,false,0.9999985164000689,0.28226838389975895,0,2058,false,500,2,0.9735321191521454,0.5517435747574044,null
14851574,66055636,603926,13562456,685192,310195,293731,10139459,0,334148,351044,98268,211927,1468700,2248028,4076029,0,107144,227004,102439,248605,1258265,64797371,322167,926371,9727,85160,237007,45670,39490,186216,50791,924820,1551,277390,647430,1551,0,18,9709,8,10,9709,0,20006563,44790808,4977482,15029081,16572799,28218009,n16063,true,0.9129731453394037,0.7629522732046923,10,9755,false,501,4,0.3857025361570232,0.40286875762896956,null
14851574,66055636,603926,13562456,685192,310195,293731,10139459,0,334148,351044,98268,211927,1468700,2248028,4076029,0,107144,227004,102439,248605,1258265,64797371,322167,926371,9727,85160,237007,45670,39490,186216,50791,924820,1551,277390,647430,1551,0,18,9709,8,10,9709,0,20006563,44790808,4977482,15029081,16572799,28218009,n10944,false,0.9438598210405069,0.139475568525825,0,5908,false,505,11,0.969388444079082,0.6738323214505298,null
14851574,66055636,603926,13562456,685192,310195,293731,10139459,0,334148,351044,98268,211927,1468700,2248028,4076029,0,107144,227004,102439,248605,1258265,64797371,322167,926371,9727,85160,237007,45670,39490,186216,50791,924820,1551,277390,647430,1551,0,18,9709,8,10,9709,0,20006563,44790808,4977482,15029081,16572799,28218009,n10941,false,0.5678159397757373,0.9930135792053407,0,3780,false,501,3,0.7688794709707234,0.13746605915232124,null
14851574,66055636,603926,13562456,685192,310195,293731,10139459,0,334148,351044,98268,211927,1468700,2248028,4076029,0,107144,227004,102439,248605,1258265,64797371,322167,926371,9727,85160,237007,45670,39490,186216,50791,924820,1551,277390,647430,1551,0,18,9709,8,10,9709,0,20006563,44790808,4977482,15029081,16572799,28218009,n595,true,0.8283966407213826,0.8069946316302063,12,28999,false,0,0,0.8328943337045532,0.8235234141894316,null
14851574,66055636,603926,13562456,685192,310195,293731,10139459,0,334148,351044,98268,211927,1468700,2248028,4076029,0,107144,227004,102439,248605,1258265,64797371,322167,926371,9727,85160,237007,45670,39490,186216,50791,924820,1551,277390,647430,1551,0,18,9709,8,10,9709,0,20006563,44790808,4977482,15029081,16572799,28218009,n597,false,0.9999958545950578,0.18306238069036762,0,5670,false,501,4,0.9606640506585248,0.4225206083574775,null
14851574,66055636,603926,13562456,685192,310195,293731,10139459,0,334148,351044,98268,211927,1468700,2248028,4076029,0,107144,227004,102439,248605,1258265,64797371,322167,926371,9727,85160,237007,45670,39490,186216,50791,924820,1551,277390,647430,1551,0,18,9709,8,10,9709,0,20006563,44790808,4977482,15029081,16572799,28218009,n599,false,0.3996411404178278,0.09983146296861889,0,2395,false,502,6,0.5911719216390654,0.7758985915682305,null
14851574,66055636,603926,13562456,685192,310195,293731,10139459,0,334148,351044,98268,211927,1468700,2248028,4076029,0,107144,227004,102439,248605,1258265,64797371,322167,926371,9727,85160,237007,45670,39490,186216,50791,924820,1551,277390,647430,1551,0,18,9709,8,10,9709,0,20006563,44790808,4977482,15029081,16572799,28218009,n10934,false,0.9999950389106593,0.17010153163439035,0,14248,false,502,6,0.6872179271432273,0.6264521916290953,null
14851574,66055636,603926,13562456,685192,310195,293731,10139459,0,334148,351044,98268,211927,1468700,2248028,4076029,0,107144,227004,102439,248605,1258265,64797371,322167,926371,9727,85160,237007,45670,39490,186216,50791,924820,1551,277390,647430,1551,0,18,9709,8,10,9709,0,20006563,44790808,4977482,15029081,16572799,28218009,n10938,false,0.2862674944549287,0.6775440818064804,0,28196,false,500,1,0.7696206253710194,0.36725086972499893,null
14851574,66055636,603926,13562456,685192,310195,293731,10139459,0,334148,351044,98268,211927,1468700,2248028,4076029,0,107144,227004,102439,248605,1258265,64797371,322167,926371,9727,85160,237007,45670,39490,186216,50791,924820,1551,277390,647430,1551,0,18,9709,8,10,9709,0,20006563,44790808,4977482,15029081,16572799,28218009,n25810,true,0.7214447282214045,0.5218334275799625,11,26488,false,500,1,0.4259550218554776,0.5292923057913701,null
14851574,66055636,603926,13562456,685192,310195,293731,10139459,0,334148,351044,98268,211927,1468700,2248028,4076029,0,107144,227004,102439,248605,1258265,64797371,322167,926371,9727,85160,237007,45670,39490,186216,50791,924820,1551,277390,647430,1551,0,18,9709,8,10,9709,0,20006563,44790808,4977482,15029081,16572799,28218009,n25812,false,0.5233668681283951,0.1307946860769077,0,28999,false,0,0,0.4765591488766166,0.5876442501028455,null
14851574,66055636,603926,13562456,685192,310195,293731,10139459,0,334148,351044,98268,211927,1468700,2248028,4076029,0,107144,227004,102439,248605,1258265,64797371,322167,926371,9727,85160,237007,45670,39490,186216,50791,924820,1551,277390,647430,1551,0,18,9709,8,10,9709,0,20006563,44790808,4977482,15029081,16572799,28218009,n593,true,0.3751413335574502,0.6226397695852616,3,2432,false,501,6,0.4781455074840707,0.38875768353712425,null
14851574,66055636,603926,13562456,685192,310195,293731,10139459,0,334148,351044,98268,211927,1468700,2248028,4076029,0,107144,227004,102439,248605,1258265,64797371,322167,926371,9727,85160,237007,45670,39490,186216,50791,924820,1551,277390,647430,1551,0,18,9709,8,10,9709,0,20006563,44790808,4977482,15029081,16572799,28218009,n10900,false,0.5195209453340377,0.47148267400572047,0,4824,false,501,3,0.5342789042507181,0.5771342249336682,null
14851574,66055636,603926,13562456,685192,310195,293731,10139459,0,334148,351044,98268,211927,1468700,2248028,4076029,0,107144,227004,102439,248605,1258265,64797371,322167,926371,9727,85160,237007,45670,39490,186216,50791,924820,1551,277390,647430,1551,0,18,9709,8,10,9709,0,20006563,44790808,4977482,15029081,16572799,28218009,n10905,false,0.2925669350297824,0.9287083744293518,0,2067,false,500,2,0.2640388917416745,0.02965053479445179,null
14851574,66055636,603926,13562456,685192,310195,293731,10139459,0,334148,351044,98268,211927,1468700,2248028,4076029,0,107144,227004,102439,248605,1258265,64797371,322167,926371,9727,85160,237007,45670,39490,186216,50791,924820,1551,277390,647430,1551,0,18,9709,8,10,9709,0,20006563,44790808,4977482,15029081,16572799,28218009,n10896,true,0.9623536882747828,0.37817273683967223,11,6436,false,503,7,0.9712353078672077,0.2828196134288189,null
14851574,66055636,603926,13562456,685192,310195,293731,10139459,0,334148,351044,98268,211927,1468700,2248028,4076029,0,107144,227004,102439,248605,1258265,64797371,322167,926371,9727,85160,237007,45670,39490,186216,50791,924820,1551,277390,647430,1551,0,18,9709,8,10,9709,0,20006563,44790808,4977482,15029081,16572799,28218009,n10891,false,0.4467378448927069,0.4706247665429057,0,2203,false,501,2,0.6217281995020618,0.5750826647285863,null
14851574,66055636,603926,13562456,685192,310195,293731,10139459,0,334148,351044,98268,211927,1468700,2248028,4076029,0,107144,227004,102439,248605,1258265,64797371,322167,926371,9727,85160,237007,45670,39490,186216,50791,924820,1551,277390,647430,1551,0,18,9709,8,10,9709,0,20006563,44790808,4977482,15029081,16572799,28218009,n1728,true,0.7766028608127852,0.34483486087329435,10,2210,false,503,8,0.5452499784641185,0.45330270065500433,null
14851574,66055636,603926,13562456,685192,310195,293731,10139459,0,334148,351044,98268,211927,1468700,2248028,4076029,0,107144,227004,102439,248605,1258265,64797371,322167,926371,9727,85160,237007,45670,39490,186216,50791,924820,1551,277390,647430,1551,0,18,9709,8,10,9709,0,20006563,44790808,4977482,15029081,16572799,28218009,n1729,true,0.6255027175439932,0.3924594621679356,12,563,false,501,3,0.3508984363991683,0.7929296005521899,null
14851574,66055636,603926,13562456,685192,310195,293731,10139459,0,334148,351044,98268,211927,1468700,2248028,4076029,0,107144,227004,102439,248605,1258265,64797371,322167,926371,9727,85160,237007,45670,39490,186216,50791,924820,1551,277390,647430,1551,0,18,9709,8,10,9709,0,20006563,44790808,4977482,15029081,16572799,28218009,n1726,true,0.571088817925579,0.7279708272087457,5,1822,false,504,9,0.9573224384183427,0.6039352493853675,null
14851574,66055636,603926,13562456,685192,310195,293731,10139459,0,334148,351044,98268,211927,1468700,2248028,4076029,0,107144,227004,102439,248605,1258265,64797371,322167,926371,9727,85160,237007,45670,39490,186216,50791,924820,1551,277390,647430,1551,0,18,9709,8,10,9709,0,20006563,44790808,4977482,15029081,16572799,28218009,n2859,true,0.5077017477665979,0.6618627594521665,12,1801,false,501,4,0.6102438774695584,0.8927646739550401,null
14851574,66055636,603926,13562456,685192,310195,293731,10139459,0,334148,351044,98268,211927,1468700,2248028,4076029,0,107144,227004,102439,248605,1258265,64797371,322167,926371,9727,85160,237007,45670,39490,186216,50791,924820,1551,277390,647430,1551,0,18,9709,8,10,9709,0,20006563,44790808,4977482,15029081,16572799,28218009,n1723,false,0.9628954298927345,0.3493758467559471,0,8582,false,504,9,0.7614412289067694,0.5649511245596719,null
14851574,66055636,603926,13562456,685192,310195,293731,10139459,0,334148,351044,98268,211927,1468700,2248028,4076029,0,107144,227004,102439,248605,1258265,64797371,322167,926371,9727,85160,237007,45670,39490,186216,50791,924820,1551,277390,647430,1551,0,18,9709,8,10,9709,0,20006563,44790808,4977482,15029081,16572799,28218009,n25646,false,0.8538657297267657,0.20525925364089065,0,12742,false,500,2,0.45003754213011327,0.933610766827621,null
14851574,66055636,603926,13562456,685192,310195,293731,10139459,0,334148,351044,98268,211927,1468700,2248028,4076029,0,107144,227004,102439,248605,1258265,64797371,322167,926371,9727,85160,237007,45670,39490,186216,50791,924820,1551,277390,647430,1551,0,18,9709,8,10,9709,0,20006563,44790808,4977482,15029081,16572799,28218009,n408,false,0.9999989826113621,0.755774948343976,0,28986,false,500,2,0.4687206918222139,0.5336520643695041,null
14851574,66055636,603926,13562456,685192,310195,293731,10139459,0,334148,351044,98268,211927,1468700,2248028,4076029,0,107144,227004,102439,248605,1258265,64797371,322167,926371,9727,85160,237007,45670,39490,186216,50791,924820,1551,277390,647430,1551,0,18,9709,8,10,9709,0,20006563,44790808,4977482,15029081,16572799,28218009,n1718,false,0.42371019844400015,0.9069621139408719,0,20881,false,500,2,0.8182603875090098,0.39183448644279095,null
14851574,66055636,603926,13562456,685192,310195,293731,10139459,0,334148,351044,98268,211927,1468700,2248028,4076029,0,107144,227004,102439,248605,1258265,64797371,322167,926371,9727,85160,237007,45670,39490,186216,50791,924820,1551,277390,647430,1551,0,18,9709,8,10,9709,0,20006563,44790808,4977482,15029081,16572799,28218009,n404,false,0.9999978432038485,0.6231328451424063,0,7771,false,502,5,0.9134219520718269,0.11386469180164638,null
14851574,66055636,603926,13562456,685192,310195,293731,10139459,0,334148,351044,98268,211927,1468700,2248028,4076029,0,107144,227004,102439,248605,1258265,64797371,322167,926371,9727,85160,237007,45670,39490,186216,50791,924820,1551,277390,647430,1551,0,18,9709,8,10,9709,0,20006563,44790808,4977482,15029081,16572799,28218009,n1715,false,0.5557937845337647,0.7228313703106417,0,11546,false,503,6,0.9601107406074513,0.9705101210054763,null
14851574,66055636,603926,13562456,685192,310195,293731,10139459,0,334148,351044,98268,211927,1468700,2248028,4076029,0,107144,227004,102439,248605,1258265,64797371,322167,926371,9727,85160,237007,45670,39490,186216,50791,924820,1551,277390,647430,1551,0,18,9709,8,10,9709,0,20006563,44790808,4977482,15029081,16572799,28218009,n407,false,0.7102666276231692,0.31791943116434257,0,9695,false,503,7,0.27065748563511594,0.4253334200343328,null
14851574,66055636,603926,13562456,685192,310195,293731,10139459,0,334148,351044,98268,211927,1468700,2248028,4076029,0,107144,227004,102439,248605,1258265,64797371,322167,926371,9727,85160,237007,45670,39490,186216,50791,924820,1551,277390,647430,1551,0,18,9709,8,10,9709,0,20006563,44790808,4977482,15029081,16572799,28218009,n406,false,0.13889617958536013,0.23552472787476053,0,404,false,503,6,0.15188639283335992,0.45799429656400076,null
14851574,66055636,603926,13562456,685192,310195,293731,10139459,0,334148,351044,98268,211927,1468700,2248028,4076029,0,107144,227004,102439,248605,1258265,64797371,322167,926371,9727,85160,237007,45670,39490,186216,50791,924820,1551,277390,647430,1551,0,18,9709,8,10,9709,0,20006563,44790808,4977482,15029081,16572799,28218009,n2846,false,0.8632974440618326,0.8935687417750435,0,3388,false,501,2,0.06604876337165988,0.7891569185261625,null
14851574,66055636,603926,13562456,685192,310195,293731,10139459,0,334148,351044,98268,211927,1468700,2248028,4076029,0,107144,227004,102439,248605,1258265,64797371,322167,926371,9727,85160,237007,45670,39490,186216,50791,924820,1551,277390,647430,1551,0,18,9709,8,10,9709,0,20006563,44790808,4977482,15029081,16572799,28218009,n6776,false,0.2515315426763852,0.48229302989636624,0,448,true,448,1,0.6388338451885542,0.9449367749338544,null
14851574,66055636,603926,13562456,685192,310195,293731,10139459,0,334148,351044,98268,211927,1468700,2248028,4076029,0,107144,227004,102439,248605,1258265,64797371,322167,926371,9727,85160,237007,45670,39490,186216,50791,924820,1551,277390,647430,1551,0,18,9709,8,10,9709,0,20006563,44790808,4977482,15029081,16572799,28218009,n400,false,0.022738336577070736,0.29934792169423713,0,5329,false,504,9,0.5445277971676474,0.7485104626989886,null
14851574,66055636,603926,13562456,685192,310195,293731,10139459,0,334148,351044,98268,211927,1468700,2248028,4076029,0,107144,227004,102439,248605,1258265,64797371,322167,926371,9727,85160,237007,45670,39490,186216,50791,924820,1551,277390,647430,1551,0,18,9709,8,10,9709,0,20006563,44790808,4977482,15029081,16572799,28218009,n2844,false,0.07905501976321924,0.4273491723739553,0,3024,false,504,8,0.7180750589020902,0.5895452931766738,null
14851574,66055636,603926,13562456,685192,310195,293731,10139459,0,334148,351044,98268,211927,1468700,2248028,4076029,0,107144,227004,102439,248605,1258265,64797371,322167,926371,9727,85160,237007,45670,39490,186216,50791,924820,1551,277390,647430,1551,0,18,9709,8,10,9709,0,20006563,44790808,4977482,15029081,16572799,28218009,n403,false,0.6450502205039942,0.7000356085010844,0,3273,false,504,9,0.9706689108822462,0.49019327423368436,null
14851574,66055636,603926,13562456,685192,310195,293731,10139459,0,334148,351044,98268,211927,1468700,2248028,4076029,0,107144,227004,102439,248605,1258265,64797371,322167,926371,9727,85160,237007,45670,39490,186216,50791,924820,1551,277390,647430,1551,0,18,9709,8,10,9709,0,20006563,44790808,4977482,15029081,16572799,28218009,n1711,false,0.7113898578803396,0.7823807522886784,0,6075,false,502,6,0.9621228118272562,0.7140874804646118,null
14851574,66055636,603926,13562456,685192,310195,293731,10139459,0,334148,351044,98268,211927,1468700,2248028,4076029,0,107144,227004,102439,248605,1258265,64797371,322167,926371,9727,85160,237007,45670,39490,186216,50791,924820,1551,277390,647430,1551,0,18,9709,8,10,9709,0,20006563,44790808,4977482,15029081,16572799,28218009,n1712,false,0.5043456531251558,0.3634814053937055,0,512,false,502,5,0.8697369478402701,0.7357159751226727,null
14851574,66055636,603926,13562456,685192,310195,293731,10139459,0,334148,351044,98268,211927,1468700,2248028,4076029,0,107144,227004,102439,248605,1258265,64797371,322167,926371,9727,85160,237007,45670,39490,186216,50791,924820,1551,277390,647430,1551,0,18,9709,8,10,9709,0,20006563,44790808,4977482,15029081,16572799,28218009,n1704,false,0.6322546461642229,0.7978175281774146,0,14101,false,500,2,0.9486646765712066,0.49650850750532016,null
14851574,66055636,603926,13562456,685192,310195,293731,10139459,0,334148,351044,98268,211927,1468700,2248028,4076029,0,107144,227004,102439,248605,1258265,64797371,322167,926371,9727,85160,237007,45670,39490,186216,50791,924820,1551,277390,647430,1551,0,18,9709,8,10,9709,0,20006563,44790808,4977482,15029081,16572799,28218009,n2836,false,0.22433932594236114,0.1479148244683497,0,28994,false,500,1,0.374662295704136,0.8687164162584523,null
14851574,66055636,603926,13562456,685192,310195,293731,10139459,0,334148,351044,98268,211927,1468700,2248028,4076029,0,107144,227004,102439,248605,1258265,64797371,322167,926371,9727,85160,237007,45670,39490,186216,50791,924820,1551,277390,647430,1551,0,18,9709,8,10,9709,0,20006563,44790808,4977482,15029081,16572799,28218009,n2835,false,0.6263083578955421,0.7366165781878594,0,4948,false,505,10,0.2945138570599669,0.0010455841042644742,null
14851574,66055636,603926,13562456,685192,310195,293731,10139459,0,334148,351044,98268,211927,1468700,2248028,4076029,0,107144,227004,102439,248605,1258265,64797371,322167,926371,9727,85160,237007,45670,39490,186216,50791,924820,1551,277390,647430,1551,0,18,9709,8,10,9709,0,20006563,44790808,4977482,15029081,16572799,28218009,n416,false,0.24016682596546976,0.8012363163050055,0,11315,false,502,6,0.5276333226410315,0.8898156965014,null
14851574,66055636,603926,13562456,685192,310195,293731,10139459,0,334148,351044,98268,211927,1468700,2248028,4076029,0,107144,227004,102439,248605,1258265,64797371,322167,926371,9727,85160,237007,45670,39490,186216,50791,924820,1551,277390,647430,1551,0,18,9709,8,10,9709,0,20006563,44790808,4977482,15029081,16572799,28218009,n2838,false,0.11125304394229936,0.28140519872112263,0,12157,false,503,7,0.8814102045497951,0.1329543729672974,null
14851574,66055636,603926,13562456,685192,310195,293731,10139459,0,334148,351044,98268,211927,1468700,2248028,4076029,0,107144,227004,102439,248605,1258265,64797371,322167,926371,9727,85160,237007,45670,39490,186216,50791,924820,1551,277390,647430,1551,0,18,9709,8,10,9709,0,20006563,44790808,4977482,15029081,16572799,28218009,n1703,false,0.9999987710484883,0.7254252695014077,0,1780,false,502,5,0.23621573925536965,0.509773352624929,null
14851574,66055636,603926,13562456,685192,310195,293731,10139459,0,334148,351044,98268,211927,1468700,2248028,4076029,0,107144,227004,102439,248605,1258265,64797371,322167,926371,9727,85160,237007,45670,39490,186216,50791,924820,1551,277390,647430,1551,0,18,9709,8,10,9709,0,20006563,44790808,4977482,15029081,16572799,28218009,n1708,false,0.4800953039860152,0.47599801388191376,0,24300,false,500,2,0.987768759401134,0.7956646483887554,null
14851574,66055636,603926,13562456,685192,310195,293731,10139459,0,334148,351044,98268,211927,1468700,2248028,4076029,0,107144,227004,102439,248605,1258265,64797371,322167,926371,9727,85160,237007,45670,39490,186216,50791,924820,1551,277390,647430,1551,0,18,9709,8,10,9709,0,20006563,44790808,4977482,15029081,16572799,28218009,n2839,false,0.816907832746314,0.999453278794484,0,3269,false,503,8,0.5210890931458385,0.5503386426734972,null
14851574,66055636,603926,13562456,685192,310195,293731,10139459,0,334148,351044,98268,211927,1468700,2248028,4076029,0,107144,227004,102439,248605,1258265,64797371,322167,926371,9727,85160,237007,45670,39490,186216,50791,924820,1551,277390,647430,1551,0,18,9709,8,10,9709,0,20006563,44790808,4977482,15029081,16572799,28218009,n413,true,0.7848171527480902,0.5428110268859019,15,93,false,502,6,0.6778363003661358,0.8044172508147199,null
14851574,66055636,603926,13562456,685192,310195,293731,10139459,0,334148,351044,98268,211927,1468700,2248028,4076029,0,107144,227004,102439,248605,1258265,64797371,322167,926371,9727,85160,237007,45670,39490,186216,50791,924820,1551,277390,647430,1551,0,18,9709,8,10,9709,0,20006563,44790808,4977482,15029081,16572799,28218009,n2831,false,0.4405942496824319,0.5040000213002281,0,28998,false,500,1,0.7783257288889559,0.0951652709331402,null
14851574,66055636,603926,13562456,685192,310195,293731,10139459,0,334148,351044,98268,211927,1468700,2248028,4076029,0,107144,227004,102439,248605,1258265,64797371,322167,926371,9727,85160,237007,45670,39490,186216,50791,924820,1551,277390,647430,1551,0,18,9709,8,10,9709,0,20006563,44790808,4977482,15029081,16572799,28218009,n2833,false,0.6150678386338279,0.26283043444463644,0,1947,false,506,13,0.8234224585184093,0.14178830509889095,null
14851574,66055636,603926,13562456,685192,310195,293731,10139459,0,334148,351044,98268,211927,1468700,2248028,4076029,0,107144,227004,102439,248605,1258265,64797371,322167,926371,9727,85160,237007,45670,39490,186216,50791,924820,1551,277390,647430,1551,0,18,9709,8,10,9709,0,20006563,44790808,4977482,15029081,16572799,28218009,n10881,false,0.1563522341537867,0.17889290186136508,0,13096,false,505,11,0.9157410803700649,0.9480006895464882,null
14851574,66055636,603926,13562456,685192,310195,293731,10139459,0,334148,351044,98268,211927,1468700,2248028,4076029,0,107144,227004,102439,248605,1258265,64797371,322167,926371,9727,85160,237007,45670,39490,186216,50791,924820,1551,277390,647430,1551,0,18,9709,8,10,9709,0,20006563,44790808,4977482,15029081,16572799,28218009,n10886,false,0.15788530583090762,0.8685656863683072,0,1353,false,503,6,0.8628446601475653,0.8574887659504398,null
14851574,66055636,603926,13562456,685192,310195,293731,10139459,0,334148,351044,98268,211927,1468700,2248028,4076029,0,107144,227004,102439,248605,1258265,64797371,322167,926371,9727,85160,237007,45670,39490,186216,50791,924820,1551,277390,647430,1551,0,18,9709,8,10,9709,0,20006563,44790808,4977482,15029081,16572799,28218009,n2897,false,0.10491523369808155,0.45213697809455944,0,12634,false,502,6,0.7683681049036053,0.7372220142170257,null
14851574,66055636,603926,13562456,685192,310195,293731,10139459,0,334148,351044,98268,211927,1468700,2248028,4076029,0,107144,227004,102439,248605,1258265,64797371,322167,926371,9727,85160,237007,45670,39490,186216,50791,924820,1551,277390,647430,1551,0,18,9709,8,10,9709,0,20006563,44790808,4977482,15029081,16572799,28218009,n434,false,1.1938329643548158E-4,0.1772088372473224,0,4562,false,503,6,0.438934983126693,0.02035772252843915,null
14851574,66055636,603926,13562456,685192,310195,293731,10139459,0,334148,351044,98268,211927,1468700,2248028,4076029,0,107144,227004,102439,248605,1258265,64797371,322167,926371,9727,85160,237007,45670,39490,186216,50791,924820,1551,277390,647430,1551,0,18,9709,8,10,9709,0,20006563,44790808,4977482,15029081,16572799,28218009,n2895,false,0.5625844435415589,0.4132376817949204,0,888,false,504,8,0.5399121615702009,0.8756709544095954,null
14851574,66055636,603926,13562456,685192,310195,293731,10139459,0,334148,351044,98268,211927,1468700,2248028,4076029,0,107144,227004,102439,248605,1258265,64797371,322167,926371,9727,85160,237007,45670,39490,186216,50791,924820,1551,277390,647430,1551,0,18,9709,8,10,9709,0,20006563,44790808,4977482,15029081,16572799,28218009,n437,true,0.053861958714192006,0.7209175247387141,15,19608,false,501,3,0.9265328464269954,0.17028823538972726,null
14851574,66055636,603926,13562456,685192,310195,293731,10139459,0,334148,351044,98268,211927,1468700,2248028,4076029,0,107144,227004,102439,248605,1258265,64797371,322167,926371,9727,85160,237007,45670,39490,186216,50791,924820,1551,277390,647430,1551,0,18,9709,8,10,9709,0,20006563,44790808,4977482,15029081,16572799,28218009,n2892,true,0.3803373262712466,0.9922446927124946,11,12079,false,501,4,0.7546639044210187,0.7063842705354354,null
14851574,66055636,603926,13562456,685192,310195,293731,10139459,0,334148,351044,98268,211927,1468700,2248028,4076029,0,107144,227004,102439,248605,1258265,64797371,322167,926371,9727,85160,237007,45670,39490,186216,50791,924820,1551,277390,647430,1551,0,18,9709,8,10,9709,0,20006563,44790808,4977482,15029081,16572799,28218009,n2891,false,0.5930955893473903,0.40382957844220413,0,253,false,509,18,0.35123565650345,0.9545187908821076,null
14851574,66055636,603926,13562456,685192,310195,293731,10139459,0,334148,351044,98268,211927,1468700,2248028,4076029,0,107144,227004,102439,248605,1258265,64797371,322167,926371,9727,85160,237007,45670,39490,186216,50791,924820,1551,277390,647430,1551,0,18,9709,8,10,9709,0,20006563,44790808,4977482,15029081,16572799,28218009,n46765,false,0.32686141762504684,0.20782413650616383,0,9431,false,503,7,0.42303450120842256,0.248679922416414,null
14851574,66055636,603926,13562456,685192,310195,293731,10139459,0,334148,351044,98268,211927,1468700,2248028,4076029,0,107144,227004,102439,248605,1258265,64797371,322167,926371,9727,85160,237007,45670,39490,186216,50791,924820,1551,277390,647430,1551,0,18,9709,8,10,9709,0,20006563,44790808,4977482,15029081,16572799,28218009,n444,false,0.950013691616965,0.9466976607651794,0,560,false,502,4,0.724539641780542,0.29450552093646754,null
14851574,66055636,603926,13562456,685192,310195,293731,10139459,0,334148,351044,98268,211927,1468700,2248028,4076029,0,107144,227004,102439,248605,1258265,64797371,322167,926371,9727,85160,237007,45670,39490,186216,50791,924820,1551,277390,647430,1551,0,18,9709,8,10,9709,0,20006563,44790808,4977482,15029081,16572799,28218009,n447,false,0.7791053678038061,0.23610812713426588,0,15800,false,504,9,0.8166551518263458,0.7062085887220135,null
14851574,66055636,603926,13562456,685192,310195,293731,10139459,0,334148,351044,98268,211927,1468700,2248028,4076029,0,107144,227004,102439,248605,1258265,64797371,322167,926371,9727,85160,237007,45670,39490,186216,50791,924820,1551,277390,647430,1551,0,18,9709,8,10,9709,0,20006563,44790808,4977482,15029081,16572799,28218009,n440,true,0.25626367415553475,0.09380524967419612,6,28999,false,0,0,0.44690646919050564,0.6292442122197546,null
14851574,66055636,603926,13562456,685192,310195,293731,10139459,0,334148,351044,98268,211927,1468700,2248028,4076029,0,107144,227004,102439,248605,1258265,64797371,322167,926371,9727,85160,237007,45670,39490,186216,50791,924820,1551,277390,647430,1551,0,18,9709,8,10,9709,0,20006563,44790808,4977482,15029081,16572799,28218009,n442,false,0.25156330137414373,0.0544948158601094,0,6346,false,505,11,0.4087045838450307,0.8414476496715374,null
14851574,66055636,603926,13562456,685192,310195,293731,10139459,0,334148,351044,98268,211927,1468700,2248028,4076029,0,107144,227004,102439,248605,1258265,64797371,322167,926371,9727,85160,237007,45670,39490,186216,50791,924820,1551,277390,647430,1551,0,18,9709,8,10,9709,0,20006563,44790808,4977482,15029081,16572799,28218009,n6791,false,0.9999964895226535,0.7349477223526097,0,28999,false,500,0,0.5709670169803577,0.3598017873874088,null
14851574,66055636,603926,13562456,685192,310195,293731,10139459,0,334148,351044,98268,211927,1468700,2248028,4076029,0,107144,227004,102439,248605,1258265,64797371,322167,926371,9727,85160,237007,45670,39490,186216,50791,924820,1551,277390,647430,1551,0,18,9709,8,10,9709,0,20006563,44790808,4977482,15029081,16572799,28218009,n2871,false,0.1932118482911627,0.573778126195135,0,1981,false,503,7,0.7870473919489127,0.6983062598449922,null
14851574,66055636,603926,13562456,685192,310195,293731,10139459,0,334148,351044,98268,211927,1468700,2248028,4076029,0,107144,227004,102439,248605,1258265,64797371,322167,926371,9727,85160,237007,45670,39490,186216,50791,924820,1551,277390,647430,1551,0,18,9709,8,10,9709,0,20006563,44790808,4977482,15029081,16572799,28218009,n454,false,0.9407866061084404,0.2734219743360961,0,16525,false,501,3,0.5118791800778556,0.4487410400478364,null
14851574,66055636,603926,13562456,685192,310195,293731,10139459,0,334148,351044,98268,211927,1468700,2248028,4076029,0,107144,227004,102439,248605,1258265,64797371,322167,926371,9727,85160,237007,45670,39490,186216,50791,924820,1551,277390,647430,1551,0,18,9709,8,10,9709,0,20006563,44790808,4977482,15029081,16572799,28218009,n2879,true,0.455711056383302,0.7841602534748672,13,28999,false,0,0,0.997012971595649,0.3165303485299814,null
14851574,66055636,603926,13562456,685192,310195,293731,10139459,0,334148,351044,98268,211927,1468700,2248028,4076029,0,107144,227004,102439,248605,1258265,64797371,322167,926371,9727,85160,237007,45670,39490,186216,50791,924820,1551,277390,647430,1551,0,18,9709,8,10,9709,0,20006563,44790808,4977482,15029081,16572799,28218009,n10845,false,0.13318154411226607,0.8450662767818458,0,28999,false,500,0,0.902211515755062,0.8289903678300492,null
14851574,66055636,603926,13562456,685192,310195,293731,10139459,0,334148,351044,98268,211927,1468700,2248028,4076029,0,107144,227004,102439,248605,1258265,64797371,322167,926371,9727,85160,237007,45670,39490,186216,50791,924820,1551,277390,647430,1551,0,18,9709,8,10,9709,0,20006563,44790808,4977482,15029081,16572799,28218009,n20521,false,0.1730305588213077,0.00860416085235205,0,718,false,501,4,0.5290743327252556,0.7193541097309265,null
14851574,66055636,603926,13562456,685192,310195,293731,10139459,0,334148,351044,98268,211927,1468700,2248028,4076029,0,107144,227004,102439,248605,1258265,64797371,322167,926371,9727,85160,237007,45670,39490,186216,50791,924820,1551,277390,647430,1551,0,18,9709,8,10,9709,0,20006563,44790808,4977482,15029081,16572799,28218009,n20522,false,0.8811274190000945,0.19326082031824143,0,4088,false,501,4,0.4555946569204834,0.11198271463683385,null
14851574,66055636,603926,13562456,685192,310195,293731,10139459,0,334148,351044,98268,211927,1468700,2248028,4076029,0,107144,227004,102439,248605,1258265,64797371,322167,926371,9727,85160,237007,45670,39490,186216,50791,924820,1551,277390,647430,1551,0,18,9709,8,10,9709,0,20006563,44790808,4977482,15029081,16572799,28218009,n461,false,0.6054619189253843,0.04551079539418823,0,12317,false,502,5,0.3450974286650099,0.27323653100152456,null
14851574,66055636,603926,13562456,685192,310195,293731,10139459,0,334148,351044,98268,211927,1468700,2248028,4076029,0,107144,227004,102439,248605,1258265,64797371,322167,926371,9727,85160,237007,45670,39490,186216,50791,924820,1551,277390,647430,1551,0,18,9709,8,10,9709,0,20006563,44790808,4977482,15029081,16572799,28218009,n2863,true,0.00820378231974029,0.2793557562372935,11,3024,false,500,2,0.8165751036691046,0.9356678295265124,null
14851574,66055636,603926,13562456,685192,310195,293731,10139459,0,334148,351044,98268,211927,1468700,2248028,4076029,0,107144,227004,102439,248605,1258265,64797371,322167,926371,9727,85160,237007,45670,39490,186216,50791,924820,1551,277390,647430,1551,0,18,9709,8,10,9709,0,20006563,44790808,4977482,15029081,16572799,28218009,n464,false,0.5309442006783737,0.7157653144724422,0,2112,false,503,7,0.7269405302161362,0.4424099142160162,null
14851574,66055636,603926,13562456,685192,310195,293731,10139459,0,334148,351044,98268,211927,1468700,2248028,4076029,0,107144,227004,102439,248605,1258265,64797371,322167,926371,9727,85160,237007,45670,39490,186216,50791,924820,1551,277390,647430,1551,0,18,9709,8,10,9709,0,20006563,44790808,4977482,15029081,16572799,28218009,n467,false,0.3615710292567495,0.4040040961656927,0,2602,false,505,11,0.5044843596499139,0.7969178252070039,null
14851574,66055636,603926,13562456,685192,310195,293731,10139459,0,334148,351044,98268,211927,1468700,2248028,4076029,0,107144,227004,102439,248605,1258265,64797371,322167,926371,9727,85160,237007,45670,39490,186216,50791,924820,1551,277390,647430,1551,0,18,9709,8,10,9709,0,20006563,44790808,4977482,15029081,16572799,28218009,n468,false,0.012568390061333631,0.6387938331027629,0,369,false,501,3,0.1324866544115617,0.008282985359924666,null
14851574,66055636,603926,13562456,685192,310195,293731,10139459,0,334148,351044,98268,211927,1468700,2248028,4076029,0,107144,227004,102439,248605,1258265,64797371,322167,926371,9727,85160,237007,45670,39490,186216,50791,924820,1551,277390,647430,1551,0,18,9709,8,10,9709,0,20006563,44790808,4977482,15029081,16572799,28218009,n2864,false,0.3235218215006288,0.9965394768599569,0,1847,false,507,14,0.8716478109849146,0.37639066999751547,null
14851574,66055636,603926,13562456,685192,310195,293731,10139459,0,334148,351044,98268,211927,1468700,2248028,4076029,0,107144,227004,102439,248605,1258265,64797371,322167,926371,9727,85160,237007,45670,39490,186216,50791,924820,1551,277390,647430,1551,0,18,9709,8,10,9709,0,20006563,44790808,4977482,15029081,16572799,28218009,n2868,true,0.6232627725995182,0.31117819703429006,11,28999,false,0,0,0.6272334429720867,0.2791987217548578,null
14851574,66055636,603926,13562456,685192,310195,293731,10139459,0,334148,351044,98268,211927,1468700,2248028,4076029,0,107144,227004,102439,248605,1258265,64797371,322167,926371,9727,85160,237007,45670,39490,186216,50791,924820,1551,277390,647430,1551,0,18,9709,8,10,9709,0,20006563,44790808,4977482,15029081,16572799,28218009,n22461,true,0.8303994251920936,0.04494515987151171,13,10047,false,500,3,0.6277229184294837,0.6153672792002132,null
14851574,66055636,603926,13562456,685192,310195,293731,10139459,0,334148,351044,98268,211927,1468700,2248028,4076029,0,107144,227004,102439,248605,1258265,64797371,322167,926371,9727,85160,237007,45670,39490,186216,50791,924820,1551,277390,647430,1551,0,18,9709,8,10,9709,0,20006563,44790808,4977482,15029081,16572799,28218009,n11940,true,0.4273325405078131,0.10965428584823611,11,12460,false,19,9,0.6186164379108336,0.46208810226862196,null
14851574,66055636,603926,13562456,685192,310195,293731,10139459,0,334148,351044,98268,211927,1468700,2248028,4076029,0,107144,227004,102439,248605,1258265,64797371,322167,926371,9727,85160,237007,45670,39490,186216,50791,924820,1551,277390,647430,1551,0,18,9709,8,10,9709,0,20006563,44790808,4977482,15029081,16572799,28218009,n53676,false,0.1839885601942919,0.5826377727056506,0,2236,false,501,3,0.6654979741142245,0.4559585806461213,null
14851574,66055636,603926,13562456,685192,310195,293731,10139459,0,334148,351044,98268,211927,1468700,2248028,4076029,0,107144,227004,102439,248605,1258265,64797371,322167,926371,9727,85160,237007,45670,39490,186216,50791,924820,1551,277390,647430,1551,0,18,9709,8,10,9709,0,20006563,44790808,4977482,15029081,16572799,28218009,n19000,false,0.5466101600224827,0.17343708001698188,0,19080,false,501,3,0.8688709330747795,0.7489208021765523,null
14851574,66055636,603926,13562456,685192,310195,293731,10139459,0,334148,351044,98268,211927,1468700,2248028,4076029,0,107144,227004,102439,248605,1258265,64797371,322167,926371,9727,85160,237007,45670,39490,186216,50791,924820,1551,277390,647430,1551,0,18,9709,8,10,9709,0,20006563,44790808,4977482,15029081,16572799,28218009,n1799,false,0.20209335054211638,0.36999220424995694,0,1787,false,504,12,0.861384649211188,0.5735700408909681,null
14851574,66055636,603926,13562456,685192,310195,293731,10139459,0,334148,351044,98268,211927,1468700,2248028,4076029,0,107144,227004,102439,248605,1258265,64797371,322167,926371,9727,85160,237007,45670,39490,186216,50791,924820,1551,277390,647430,1551,0,18,9709,8,10,9709,0,20006563,44790808,4977482,15029081,16572799,28218009,n1793,false,0.060529475354443925,0.12507230793661772,0,1865,false,503,8,0.64969431010518,0.5869229865282463,null
14851574,66055636,603926,13562456,685192,310195,293731,10139459,0,334148,351044,98268,211927,1468700,2248028,4076029,0,107144,227004,102439,248605,1258265,64797371,322167,926371,9727,85160,237007,45670,39490,186216,50791,924820,1551,277390,647430,1551,0,18,9709,8,10,9709,0,20006563,44790808,4977482,15029081,16572799,28218009,n19014,true,0.7518655299028597,0.920824773954348,13,28999,false,0,0,0.7480449330286353,0.008807311063220191,null
14851574,66055636,603926,13562456,685192,310195,293731,10139459,0,334148,351044,98268,211927,1468700,2248028,4076029,0,107144,227004,102439,248605,1258265,64797371,322167,926371,9727,85160,237007,45670,39490,186216,50791,924820,1551,277390,647430,1551,0,18,9709,8,10,9709,0,20006563,44790808,4977482,15029081,16572799,28218009,n11956,false,0.3854863124609904,0.38469263620831606,0,969,false,503,9,0.9099102621221207,0.872217754294716,null
14851574,66055636,603926,13562456,685192,310195,293731,10139459,0,334148,351044,98268,211927,1468700,2248028,4076029,0,107144,227004,102439,248605,1258265,64797371,322167,926371,9727,85160,237007,45670,39490,186216,50791,924820,1551,277390,647430,1551,0,18,9709,8,10,9709,0,20006563,44790808,4977482,15029081,16572799,28218009,n19024,false,0.662165808919125,0.0030028462120188504,0,631,false,503,8,0.5625103491053172,0.8553286115876654,null
14851574,66055636,603926,13562456,685192,310195,293731,10139459,0,334148,351044,98268,211927,1468700,2248028,4076029,0,107144,227004,102439,248605,1258265,64797371,322167,926371,9727,85160,237007,45670,39490,186216,50791,924820,1551,277390,647430,1551,0,18,9709,8,10,9709,0,20006563,44790808,4977482,15029081,16572799,28218009,n11924,true,0.38490732549719475,0.9309565242543437,11,9706,false,501,3,0.5471013945000994,0.21053513565884008,null
14851574,66055636,603926,13562456,685192,310195,293731,10139459,0,334148,351044,98268,211927,1468700,2248028,4076029,0,107144,227004,102439,248605,1258265,64797371,322167,926371,9727,85160,237007,45670,39490,186216,50791,924820,1551,277390,647430,1551,0,18,9709,8,10,9709,0,20006563,44790808,4977482,15029081,16572799,28218009,n1779,true,0.9999855171057064,0.9558837182204667,13,7965,false,502,7,0.9802239991588678,0.2911251420646127,null
14851574,66055636,603926,13562456,685192,310195,293731,10139459,0,334148,351044,98268,211927,1468700,2248028,4076029,0,107144,227004,102439,248605,1258265,64797371,322167,926371,9727,85160,237007,45670,39490,186216,50791,924820,1551,277390,647430,1551,0,18,9709,8,10,9709,0,20006563,44790808,4977482,15029081,16572799,28218009,n1772,true,0.3142905591593989,0.7088611094246344,10,3225,false,502,8,0.9752173413725735,0.034757827042319,null
14851574,66055636,603926,13562456,685192,310195,293731,10139459,0,334148,351044,98268,211927,1468700,2248028,4076029,0,107144,227004,102439,248605,1258265,64797371,322167,926371,9727,85160,237007,45670,39490,186216,50791,924820,1551,277390,647430,1551,0,18,9709,8,10,9709,0,20006563,44790808,4977482,15029081,16572799,28218009,n19034,false,0.19124025510718604,0.4273283504588707,0,9786,false,502,4,0.43823781600302086,0.40241055978601226,null
14851574,66055636,603926,13562456,685192,310195,293731,10139459,0,334148,351044,98268,211927,1468700,2248028,4076029,0,107144,227004,102439,248605,1258265,64797371,322167,926371,9727,85160,237007,45670,39490,186216,50791,924820,1551,277390,647430,1551,0,18,9709,8,10,9709,0,20006563,44790808,4977482,15029081,16572799,28218009,n11934,true,0.3795921844601089,0.48493104872772186,8,19504,false,0,1,0.3711067374044561,0.10949593858005735,null
14851574,66055636,603926,13562456,685192,310195,293731,10139459,0,334148,351044,98268,211927,1468700,2248028,4076029,0,107144,227004,102439,248605,1258265,64797371,322167,926371,9727,85160,237007,45670,39490,186216,50791,924820,1551,277390,647430,1551,0,18,9709,8,10,9709,0,20006563,44790808,4977482,15029081,16572799,28218009,n6721,false,0.7525457596668091,0.12277569466992366,0,4650,false,504,9,0.8685508667743018,0.8695684371396952,null
14851574,66055636,603926,13562456,685192,310195,293731,10139459,0,334148,351044,98268,211927,1468700,2248028,4076029,0,107144,227004,102439,248605,1258265,64797371,322167,926371,9727,85160,237007,45670,39490,186216,50791,924820,1551,277390,647430,1551,0,18,9709,8,10,9709,0,20006563,44790808,4977482,15029081,16572799,28218009,n2811,false,0.7768360183587335,0.010272499621845621,0,3091,false,505,11,0.9378018250925892,0.10520402534963114,null
14851574,66055636,603926,13562456,685192,310195,293731,10139459,0,334148,351044,98268,211927,1468700,2248028,4076029,0,107144,227004,102439,248605,1258265,64797371,322167,926371,9727,85160,237007,45670,39490,186216,50791,924820,1551,277390,647430,1551,0,18,9709,8,10,9709,0,20006563,44790808,4977482,15029081,16572799,28218009,n24561,true,0.04853115504050076,0.445995656633855,6,28999,false,0,0,0.899002877729854,0.7238456773243307,null
14851574,66055636,603926,13562456,685192,310195,293731,10139459,0,334148,351044,98268,211927,1468700,2248028,4076029,0,107144,227004,102439,248605,1258265,64797371,322167,926371,9727,85160,237007,45670,39490,186216,50791,924820,1551,277390,647430,1551,0,18,9709,8,10,9709,0,20006563,44790808,4977482,15029081,16572799,28218009,n6723,false,0.24103302117542322,0.27338553162974427,0,28998,false,500,1,0.7837967390703484,0.6649942979028896,null
14851574,66055636,603926,13562456,685192,310195,293731,10139459,0,334148,351044,98268,211927,1468700,2248028,4076029,0,107144,227004,102439,248605,1258265,64797371,322167,926371,9727,85160,237007,45670,39490,186216,50791,924820,1551,277390,647430,1551,0,18,9709,8,10,9709,0,20006563,44790808,4977482,15029081,16572799,28218009,n2810,false,0.08838016466753608,0.47768113914024024,0,12731,false,503,7,0.7821343828210161,0.5127065754413429,null
14851574,66055636,603926,13562456,685192,310195,293731,10139459,0,334148,351044,98268,211927,1468700,2248028,4076029,0,107144,227004,102439,248605,1258265,64797371,322167,926371,9727,85160,237007,45670,39490,186216,50791,924820,1551,277390,647430,1551,0,18,9709,8,10,9709,0,20006563,44790808,4977482,15029081,16572799,28218009,n6726,false,0.9999966062841917,0.289124725849926,0,2975,false,501,2,0.9403940784014658,0.9041856858985219,null
14851574,66055636,603926,13562456,685192,310195,293731,10139459,0,334148,351044,98268,211927,1468700,2248028,4076029,0,107144,227004,102439,248605,1258265,64797371,322167,926371,9727,85160,237007,45670,39490,186216,50791,924820,1551,277390,647430,1551,0,18,9709,8,10,9709,0,20006563,44790808,4977482,15029081,16572799,28218009,n1763,false,0.6554619419160147,0.6745007506147735,0,4939,false,501,3,0.20112646319525795,0.6371031674377321,null
14851574,66055636,603926,13562456,685192,310195,293731,10139459,0,334148,351044,98268,211927,1468700,2248028,4076029,0,107144,227004,102439,248605,1258265,64797371,322167,926371,9727,85160,237007,45670,39490,186216,50791,924820,1551,277390,647430,1551,0,18,9709,8,10,9709,0,20006563,44790808,4977482,15029081,16572799,28218009,n2818,false,0.7837075792100624,0.4837874661680156,0,6430,false,502,6,0.9087684521567116,0.12158238326160897,null
14851574,66055636,603926,13562456,685192,310195,293731,10139459,0,334148,351044,98268,211927,1468700,2248028,4076029,0,107144,227004,102439,248605,1258265,64797371,322167,926371,9727,85160,237007,45670,39490,186216,50791,924820,1551,277390,647430,1551,0,18,9709,8,10,9709,0,20006563,44790808,4977482,15029081,16572799,28218009,n1769,false,0.9999976164563962,0.39755163707894553,0,20865,false,501,3,0.5890900354630793,0.7517334774214732,null
14851574,66055636,603926,13562456,685192,310195,293731,10139459,0,334148,351044,98268,211927,1468700,2248028,4076029,0,107144,227004,102439,248605,1258265,64797371,322167,926371,9727,85160,237007,45670,39490,186216,50791,924820,1551,277390,647430,1551,0,18,9709,8,10,9709,0,20006563,44790808,4977482,15029081,16572799,28218009,n2816,false,0.6525278624196484,0.5870784706531492,0,3460,false,503,8,0.30574535853451457,0.890151821220019,null
14851574,66055636,603926,13562456,685192,310195,293731,10139459,0,334148,351044,98268,211927,1468700,2248028,4076029,0,107144,227004,102439,248605,1258265,64797371,322167,926371,9727,85160,237007,45670,39490,186216,50791,924820,1551,277390,647430,1551,0,18,9709,8,10,9709,0,20006563,44790808,4977482,15029081,16572799,28218009,n1768,true,0.9412542948509087,0.5577503811696967,11,28999,false,0,0,0.5805471933485824,0.8589390234525346,null
14851574,66055636,603926,13562456,685192,310195,293731,10139459,0,334148,351044,98268,211927,1468700,2248028,4076029,0,107144,227004,102439,248605,1258265,64797371,322167,926371,9727,85160,237007,45670,39490,186216,50791,924820,1551,277390,647430,1551,0,18,9709,8,10,9709,0,20006563,44790808,4977482,15029081,16572799,28218009,n2813,true,0.6976968809151101,0.5888280434112608,9,5881,false,501,4,0.37448474011548005,0.5528662444801922,null
14851574,66055636,603926,13562456,685192,310195,293731,10139459,0,334148,351044,98268,211927,1468700,2248028,4076029,0,107144,227004,102439,248605,1258265,64797371,322167,926371,9727,85160,237007,45670,39490,186216,50791,924820,1551,277390,647430,1551,0,18,9709,8,10,9709,0,20006563,44790808,4977482,15029081,16572799,28218009,n19043,false,0.6690572610244796,0.43497448200788996,0,12302,false,502,4,0.5289793771054679,0.539446023284594,null
14851574,66055636,603926,13562456,685192,310195,293731,10139459,0,334148,351044,98268,211927,1468700,2248028,4076029,0,107144,227004,102439,248605,1258265,64797371,322167,926371,9727,85160,237007,45670,39490,186216,50791,924820,1551,277390,647430,1551,0,18,9709,8,10,9709,0,20006563,44790808,4977482,15029081,16572799,28218009,n11983,false,0.6032721745901226,0.7183935696176897,0,6336,false,505,10,0.95576280321247,0.15141890032393945,null
14851574,66055636,603926,13562456,685192,310195,293731,10139459,0,334148,351044,98268,211927,1468700,2248028,4076029,0,107144,227004,102439,248605,1258265,64797371,322167,926371,9727,85160,237007,45670,39490,186216,50791,924820,1551,277390,647430,1551,0,18,9709,8,10,9709,0,20006563,44790808,4977482,15029081,16572799,28218009,n11984,false,0.6657112173362423,0.938687285052231,0,3948,false,501,4,0.635846641113327,0.7804818722658062,null
14851574,66055636,603926,13562456,685192,310195,293731,10139459,0,334148,351044,98268,211927,1468700,2248028,4076029,0,107144,227004,102439,248605,1258265,64797371,322167,926371,9727,85160,237007,45670,39490,186216,50791,924820,1551,277390,647430,1551,0,18,9709,8,10,9709,0,20006563,44790808,4977482,15029081,16572799,28218009,n11985,false,0.20333327544851507,0.7636818431330863,0,11176,false,502,5,0.3291958442904933,0.48657253073013074,null
14851574,66055636,603926,13562456,685192,310195,293731,10139459,0,334148,351044,98268,211927,1468700,2248028,4076029,0,107144,227004,102439,248605,1258265,64797371,322167,926371,9727,85160,237007,45670,39490,186216,50791,924820,1551,277390,647430,1551,0,18,9709,8,10,9709,0,20006563,44790808,4977482,15029081,16572799,28218009,n11986,false,0.9999972614300798,0.5700829732346779,0,12521,false,504,9,0.581903548245555,0.8559792463238654,null
14851574,66055636,603926,13562456,685192,310195,293731,10139459,0,334148,351044,98268,211927,1468700,2248028,4076029,0,107144,227004,102439,248605,1258265,64797371,322167,926371,9727,85160,237007,45670,39490,186216,50791,924820,1551,277390,647430,1551,0,18,9709,8,10,9709,0,20006563,44790808,4977482,15029081,16572799,28218009,n22424,false,0.9999995379103315,0.25643978666339046,0,4133,false,504,10,0.3589602137477993,0.6501177061124673,null
14851574,66055636,603926,13562456,685192,310195,293731,10139459,0,334148,351044,98268,211927,1468700,2248028,4076029,0,107144,227004,102439,248605,1258265,64797371,322167,926371,9727,85160,237007,45670,39490,186216,50791,924820,1551,277390,647430,1551,0,18,9709,8,10,9709,0,20006563,44790808,4977482,15029081,16572799,28218009,n1754,false,0.7150603938866432,0.9650149096627492,0,8378,false,503,6,0.6281872587972454,0.745094656492036,null
14851574,66055636,603926,13562456,685192,310195,293731,10139459,0,334148,351044,98268,211927,1468700,2248028,4076029,0,107144,227004,102439,248605,1258265,64797371,322167,926371,9727,85160,237007,45670,39490,186216,50791,924820,1551,277390,647430,1551,0,18,9709,8,10,9709,0,20006563,44790808,4977482,15029081,16572799,28218009,n6733,true,0.5392576501197174,0.6031610671296057,8,1809,false,502,7,0.9578462196203357,0.3901465261843861,null
14851574,66055636,603926,13562456,685192,310195,293731,10139459,0,334148,351044,98268,211927,1468700,2248028,4076029,0,107144,227004,102439,248605,1258265,64797371,322167,926371,9727,85160,237007,45670,39490,186216,50791,924820,1551,277390,647430,1551,0,18,9709,8,10,9709,0,20006563,44790808,4977482,15029081,16572799,28218009,n1752,false,0.4159720044253895,0.88190026435478,0,2751,false,503,6,0.8170683080291886,0.9914761055106347,null
14851574,66055636,603926,13562456,685192,310195,293731,10139459,0,334148,351044,98268,211927,1468700,2248028,4076029,0,107144,227004,102439,248605,1258265,64797371,322167,926371,9727,85160,237007,45670,39490,186216,50791,924820,1551,277390,647430,1551,0,18,9709,8,10,9709,0,20006563,44790808,4977482,15029081,16572799,28218009,n1751,false,0.8081614738270476,0.8091829650468161,0,21242,false,501,4,0.9351105116966868,0.5187808602243225,null
14851574,66055636,603926,13562456,685192,310195,293731,10139459,0,334148,351044,98268,211927,1468700,2248028,4076029,0,107144,227004,102439,248605,1258265,64797371,322167,926371,9727,85160,237007,45670,39490,186216,50791,924820,1551,277390,647430,1551,0,18,9709,8,10,9709,0,20006563,44790808,4977482,15029081,16572799,28218009,n2803,false,0.42311085221206074,0.10607877529157483,0,8824,false,502,6,0.6800367333685259,0.5347827425723386,null
14851574,66055636,603926,13562456,685192,310195,293731,10139459,0,334148,351044,98268,211927,1468700,2248028,4076029,0,107144,227004,102439,248605,1258265,64797371,322167,926371,9727,85160,237007,45670,39490,186216,50791,924820,1551,277390,647430,1551,0,18,9709,8,10,9709,0,20006563,44790808,4977482,15029081,16572799,28218009,n11998,true,0.9968675652801321,0.19307478067838024,11,3302,false,502,6,0.7610426219274008,0.07851263028910316,null
14851574,66055636,603926,13562456,685192,310195,293731,10139459,0,334148,351044,98268,211927,1468700,2248028,4076029,0,107144,227004,102439,248605,1258265,64797371,322167,926371,9727,85160,237007,45670,39490,186216,50791,924820,1551,277390,647430,1551,0,18,9709,8,10,9709,0,20006563,44790808,4977482,15029081,16572799,28218009,n1741,false,0.29695318433012335,0.17207524022248832,0,11463,false,501,3,0.8798567561586312,0.9980801745512837,null
14851574,66055636,603926,13562456,685192,310195,293731,10139459,0,334148,351044,98268,211927,1468700,2248028,4076029,0,107144,227004,102439,248605,1258265,64797371,322167,926371,9727,85160,237007,45670,39490,186216,50791,924820,1551,277390,647430,1551,0,18,9709,8,10,9709,0,20006563,44790808,4977482,15029081,16572799,28218009,n6706,false,0.8784844965615746,0.3020629896033148,0,4380,false,503,7,0.20930319714495627,0.16034356974388098,null
14851574,66055636,603926,13562456,685192,310195,293731,10139459,0,334148,351044,98268,211927,1468700,2248028,4076029,0,107144,227004,102439,248605,1258265,64797371,322167,926371,9727,85160,237007,45670,39490,186216,50791,924820,1551,277390,647430,1551,0,18,9709,8,10,9709,0,20006563,44790808,4977482,15029081,16572799,28218009,n6700,true,0.08519441697936517,0.6055515692624996,7,1533,false,0,1,0.7434152308596642,0.8045295234966201,null
14851574,66055636,603926,13562456,685192,310195,293731,10139459,0,334148,351044,98268,211927,1468700,2248028,4076029,0,107144,227004,102439,248605,1258265,64797371,322167,926371,9727,85160,237007,45670,39490,186216,50791,924820,1551,277390,647430,1551,0,18,9709,8,10,9709,0,20006563,44790808,4977482,15029081,16572799,28218009,n11967,false,0.15707547230877938,0.45290958342715726,0,1081,false,506,13,0.840178391282788,0.15537640015804854,null
14851574,66055636,603926,13562456,685192,310195,293731,10139459,0,334148,351044,98268,211927,1468700,2248028,4076029,0,107144,227004,102439,248605,1258265,64797371,322167,926371,9727,85160,237007,45670,39490,186216,50791,924820,1551,277390,647430,1551,0,18,9709,8,10,9709,0,20006563,44790808,4977482,15029081,16572799,28218009,n1730,true,0.4236062048508774,0.4828666454364309,11,23325,false,500,2,0.44446497608251406,0.6147814917477279,null
14851574,66055636,603926,13562456,685192,310195,293731,10139459,0,334148,351044,98268,211927,1468700,2248028,4076029,0,107144,227004,102439,248605,1258265,64797371,322167,926371,9727,85160,237007,45670,39490,186216,50791,924820,1551,277390,647430,1551,0,18,9709,8,10,9709,0,20006563,44790808,4977482,15029081,16572799,28218009,n1738,false,0.6325959526244014,0.24510135904887032,0,1763,false,504,9,0.851532898233529,0.8399762315183092,null
14851574,66055636,603926,13562456,685192,310195,293731,10139459,0,334148,351044,98268,211927,1468700,2248028,4076029,0,107144,227004,102439,248605,1258265,64797371,322167,926371,9727,85160,237007,45670,39490,186216,50791,924820,1551,277390,647430,1551,0,18,9709,8,10,9709,0,20006563,44790808,4977482,15029081,16572799,28218009,n1737,false,0.6531335651448011,0.06825481123335986,0,2603,false,505,12,0.5132113392389045,0.6179357697741649,null
14851574,66055636,603926,13562456,685192,310195,293731,10139459,0,334148,351044,98268,211927,1468700,2248028,4076029,0,107144,227004,102439,248605,1258265,64797371,322167,926371,9727,85160,237007,45670,39490,186216,50791,924820,1551,277390,647430,1551,0,18,9709,8,10,9709,0,20006563,44790808,4977482,15029081,16572799,28218009,n11975,true,0.797710803287149,0.2844086426435656,8,2388,false,504,9,0.557186425675559,0.6987993248356703,null
14851574,66055636,603926,13562456,685192,310195,293731,10139459,0,334148,351044,98268,211927,1468700,2248028,4076029,0,107144,227004,102439,248605,1258265,64797371,322167,926371,9727,85160,237007,45670,39490,186216,50791,924820,1551,277390,647430,1551,0,18,9709,8,10,9709,0,20006563,44790808,4977482,15029081,16572799,28218009,n34,true,0.9999993139064747,0.21004698046134357,10,4937,false,501,4,0.41767659804152935,0.11601024882149613,null
14851574,66055636,603926,13562456,685192,310195,293731,10139459,0,334148,351044,98268,211927,1468700,2248028,4076029,0,107144,227004,102439,248605,1258265,64797371,322167,926371,9727,85160,237007,45670,39490,186216,50791,924820,1551,277390,647430,1551,0,18,9709,8,10,9709,0,20006563,44790808,4977482,15029081,16572799,28218009,n42,true,0.07440878061773912,0.7369320959954344,11,5921,false,502,9,0.7100463636280084,0.7260931242941655,null
14851574,66055636,603926,13562456,685192,310195,293731,10139459,0,334148,351044,98268,211927,1468700,2248028,4076029,0,107144,227004,102439,248605,1258265,64797371,322167,926371,9727,85160,237007,45670,39490,186216,50791,924820,1551,277390,647430,1551,0,18,9709,8,10,9709,0,20006563,44790808,4977482,15029081,16572799,28218009,n40,false,0.36977601298582163,0.6657372706770488,0,1994,false,509,20,0.7624025660462966,0.16935716320245586,null
14851574,66055636,603926,13562456,685192,310195,293731,10139459,0,334148,351044,98268,211927,1468700,2248028,4076029,0,107144,227004,102439,248605,1258265,64797371,322167,926371,9727,85160,237007,45670,39490,186216,50791,924820,1551,277390,647430,1551,0,18,9709,8,10,9709,0,20006563,44790808,4977482,15029081,16572799,28218009,n37590,false,0.9999972550425142,0.8004128375351635,0,211,false,504,10,0.7819822107820766,0.6306734038949259,null
14851574,66055636,603926,13562456,685192,310195,293731,10139459,0,334148,351044,98268,211927,1468700,2248028,4076029,0,107144,227004,102439,248605,1258265,64797371,322167,926371,9727,85160,237007,45670,39490,186216,50791,924820,1551,277390,647430,1551,0,18,9709,8,10,9709,0,20006563,44790808,4977482,15029081,16572799,28218009,n18351,true,0.8436672077450763,0.17914140810449952,11,2321,false,501,4,0.7790282401239661,0.9490049409076848,null
14851574,66055636,603926,13562456,685192,310195,293731,10139459,0,334148,351044,98268,211927,1468700,2248028,4076029,0,107144,227004,102439,248605,1258265,64797371,322167,926371,9727,85160,237007,45670,39490,186216,50791,924820,1551,277390,647430,1551,0,18,9709,8,10,9709,0,20006563,44790808,4977482,15029081,16572799,28218009,n22,false,0.1521623095056686,0.4154983767517215,0,14254,false,501,3,0.7599805698823046,0.8822546549459122,null
14851574,66055636,603926,13562456,685192,310195,293731,10139459,0,334148,351044,98268,211927,1468700,2248028,4076029,0,107144,227004,102439,248605,1258265,64797371,322167,926371,9727,85160,237007,45670,39490,186216,50791,924820,1551,277390,647430,1551,0,18,9709,8,10,9709,0,20006563,44790808,4977482,15029081,16572799,28218009,n23,false,0.8874806140801603,0.47559411171847454,0,961,false,503,6,0.8699432802587743,0.2768514205988988,null
14851574,66055636,603926,13562456,685192,310195,293731,10139459,0,334148,351044,98268,211927,1468700,2248028,4076029,0,107144,227004,102439,248605,1258265,64797371,322167,926371,9727,85160,237007,45670,39490,186216,50791,924820,1551,277390,647430,1551,0,18,9709,8,10,9709,0,20006563,44790808,4977482,15029081,16572799,28218009,n25,false,0.19310725482501287,0.8698218602592236,0,4602,false,503,6,0.8525499271093256,0.7054068293458667,null
14851574,66055636,603926,13562456,685192,310195,293731,10139459,0,334148,351044,98268,211927,1468700,2248028,4076029,0,107144,227004,102439,248605,1258265,64797371,322167,926371,9727,85160,237007,45670,39490,186216,50791,924820,1551,277390,647430,1551,0,18,9709,8,10,9709,0,20006563,44790808,4977482,15029081,16572799,28218009,n4505,true,0.8952761878449829,0.19652864584058938,12,4357,false,501,4,0.6470894743097437,0.3627395122616899,null
14851574,66055636,603926,13562456,685192,310195,293731,10139459,0,334148,351044,98268,211927,1468700,2248028,4076029,0,107144,227004,102439,248605,1258265,64797371,322167,926371,9727,85160,237007,45670,39490,186216,50791,924820,1551,277390,647430,1551,0,18,9709,8,10,9709,0,20006563,44790808,4977482,15029081,16572799,28218009,n15,true,0.8529844960442504,0.6390809699202724,11,8702,false,500,1,0.9687598873818296,0.7444432472769928,null
14851574,66055636,603926,13562456,685192,310195,293731,10139459,0,334148,351044,98268,211927,1468700,2248028,4076029,0,107144,227004,102439,248605,1258265,64797371,322167,926371,9727,85160,237007,45670,39490,186216,50791,924820,1551,277390,647430,1551,0,18,9709,8,10,9709,0,20006563,44790808,4977482,15029081,16572799,28218009,n18382,false,0.9999985651645047,0.48507795439680934,0,26109,false,501,3,0.808508228106997,0.35719833776087645,null
14851574,66055636,603926,13562456,685192,310195,293731,10139459,0,334148,351044,98268,211927,1468700,2248028,4076029,0,107144,227004,102439,248605,1258265,64797371,322167,926371,9727,85160,237007,45670,39490,186216,50791,924820,1551,277390,647430,1551,0,18,9709,8,10,9709,0,20006563,44790808,4977482,15029081,16572799,28218009,n14,false,0.9999997682596479,0.8846507942824734,0,25090,false,500,2,0.994174559042204,0.41520921970645724,null
14851574,66055636,603926,13562456,685192,310195,293731,10139459,0,334148,351044,98268,211927,1468700,2248028,4076029,0,107144,227004,102439,248605,1258265,64797371,322167,926371,9727,85160,237007,45670,39490,186216,50791,924820,1551,277390,647430,1551,0,18,9709,8,10,9709,0,20006563,44790808,4977482,15029081,16572799,28218009,n20,true,0.8831416013634357,0.07164852404608446,12,1304,false,504,10,0.8841686776588952,0.32772701101390306,null
14851574,66055636,603926,13562456,685192,310195,293731,10139459,0,334148,351044,98268,211927,1468700,2248028,4076029,0,107144,227004,102439,248605,1258265,64797371,322167,926371,9727,85160,237007,45670,39490,186216,50791,924820,1551,277390,647430,1551,0,18,9709,8,10,9709,0,20006563,44790808,4977482,15029081,16572799,28218009,n18376,false,0.8613550025308824,0.6079387263526493,0,5559,false,502,5,0.9019422061560762,0.3879291019976701,null
14851574,66055636,603926,13562456,685192,310195,293731,10139459,0,334148,351044,98268,211927,1468700,2248028,4076029,0,107144,227004,102439,248605,1258265,64797371,322167,926371,9727,85160,237007,45670,39490,186216,50791,924820,1551,277390,647430,1551,0,18,9709,8,10,9709,0,20006563,44790808,4977482,15029081,16572799,28218009,n79,false,0.8649313184110277,0.11340598284121262,0,8180,false,503,6,0.5641149756694723,0.4661110961410196,null
14851574,66055636,603926,13562456,685192,310195,293731,10139459,0,334148,351044,98268,211927,1468700,2248028,4076029,0,107144,227004,102439,248605,1258265,64797371,322167,926371,9727,85160,237007,45670,39490,186216,50791,924820,1551,277390,647430,1551,0,18,9709,8,10,9709,0,20006563,44790808,4977482,15029081,16572799,28218009,n11912,false,0.3086646589597388,0.6407348959121735,0,1393,false,503,7,0.9687960917703998,0.8219128690729929,null
14851574,66055636,603926,13562456,685192,310195,293731,10139459,0,334148,351044,98268,211927,1468700,2248028,4076029,0,107144,227004,102439,248605,1258265,64797371,322167,926371,9727,85160,237007,45670,39490,186216,50791,924820,1551,277390,647430,1551,0,18,9709,8,10,9709,0,20006563,44790808,4977482,15029081,16572799,28218009,n31323,false,0.7017620603240636,0.8407098405957042,0,23342,false,504,9,0.9846863760726347,0.12202835319486371,null
14851574,66055636,603926,13562456,685192,310195,293731,10139459,0,334148,351044,98268,211927,1468700,2248028,4076029,0,107144,227004,102439,248605,1258265,64797371,322167,926371,9727,85160,237007,45670,39490,186216,50791,924820,1551,277390,647430,1551,0,18,9709,8,10,9709,0,20006563,44790808,4977482,15029081,16572799,28218009,n18322,true,0.82404576916524,0.8330733766810052,12,25816,false,500,1,0.8218070834122312,0.9650638183504203,null
14851574,66055636,603926,13562456,685192,310195,293731,10139459,0,334148,351044,98268,211927,1468700,2248028,4076029,0,107144,227004,102439,248605,1258265,64797371,322167,926371,9727,85160,237007,45670,39490,186216,50791,924820,1551,277390,647430,1551,0,18,9709,8,10,9709,0,20006563,44790808,4977482,15029081,16572799,28218009,n4562,false,0.9999970890818698,0.03088861327391368,0,10453,false,504,8,0.55332887387113,0.7106490946200658,null
14851574,66055636,603926,13562456,685192,310195,293731,10139459,0,334148,351044,98268,211927,1468700,2248028,4076029,0,107144,227004,102439,248605,1258265,64797371,322167,926371,9727,85160,237007,45670,39490,186216,50791,924820,1551,277390,647430,1551,0,18,9709,8,10,9709,0,20006563,44790808,4977482,15029081,16572799,28218009,n83,false,0.03477840444641831,0.1404187443529742,0,3919,false,503,7,0.943192728411348,0.9259945613989014,null
14851574,66055636,603926,13562456,685192,310195,293731,10139459,0,334148,351044,98268,211927,1468700,2248028,4076029,0,107144,227004,102439,248605,1258265,64797371,322167,926371,9727,85160,237007,45670,39490,186216,50791,924820,1551,277390,647430,1551,0,18,9709,8,10,9709,0,20006563,44790808,4977482,15029081,16572799,28218009,n86,false,0.20994951227166173,0.6773837641061886,0,24115,false,501,2,0.8431103180531494,0.1336870030943328,null
14851574,66055636,603926,13562456,685192,310195,293731,10139459,0,334148,351044,98268,211927,1468700,2248028,4076029,0,107144,227004,102439,248605,1258265,64797371,322167,926371,9727,85160,237007,45670,39490,186216,50791,924820,1551,277390,647430,1551,0,18,9709,8,10,9709,0,20006563,44790808,4977482,15029081,16572799,28218009,n84,false,0.37334361901887847,0.7862726847468382,0,17663,false,500,2,0.4813165417363999,0.38786153366610204,null
14851574,66055636,603926,13562456,685192,310195,293731,10139459,0,334148,351044,98268,211927,1468700,2248028,4076029,0,107144,227004,102439,248605,1258265,64797371,322167,926371,9727,85160,237007,45670,39490,186216,50791,924820,1551,277390,647430,1551,0,18,9709,8,10,9709,0,20006563,44790808,4977482,15029081,16572799,28218009,n85,true,0.06620665349028604,0.5667441409672098,12,28994,false,5,1,0.6105678671317147,0.6992554230615242,null
14851574,66055636,603926,13562456,685192,310195,293731,10139459,0,334148,351044,98268,211927,1468700,2248028,4076029,0,107144,227004,102439,248605,1258265,64797371,322167,926371,9727,85160,237007,45670,39490,186216,50791,924820,1551,277390,647430,1551,0,18,9709,8,10,9709,0,20006563,44790808,4977482,15029081,16572799,28218009,n66,false,0.48910044652970597,0.11070990505778211,0,111,false,503,7,0.8721695053106493,0.9420363467109094,null
14851574,66055636,603926,13562456,685192,310195,293731,10139459,0,334148,351044,98268,211927,1468700,2248028,4076029,0,107144,227004,102439,248605,1258265,64797371,322167,926371,9727,85160,237007,45670,39490,186216,50791,924820,1551,277390,647430,1551,0,18,9709,8,10,9709,0,20006563,44790808,4977482,15029081,16572799,28218009,n68,true,0.2539663629181569,0.38114484654399977,6,28999,false,0,0,0.9055096859498142,0.6682874942409964,null
14851574,66055636,603926,13562456,685192,310195,293731,10139459,0,334148,351044,98268,211927,1468700,2248028,4076029,0,107144,227004,102439,248605,1258265,64797371,322167,926371,9727,85160,237007,45670,39490,186216,50791,924820,1551,277390,647430,1551,0,18,9709,8,10,9709,0,20006563,44790808,4977482,15029081,16572799,28218009,n4551,false,0.5794095464667364,0.41793476415956027,0,452,false,506,14,0.5898651521315771,0.990811946142635,null
14851574,66055636,603926,13562456,685192,310195,293731,10139459,0,334148,351044,98268,211927,1468700,2248028,4076029,0,107144,227004,102439,248605,1258265,64797371,322167,926371,9727,85160,237007,45670,39490,186216,50791,924820,1551,277390,647430,1551,0,18,9709,8,10,9709,0,20006563,44790808,4977482,15029081,16572799,28218009,n4553,false,0.9999958791182905,0.308722324619086,0,28998,false,500,1,0.7774221437061164,0.6072118380733617,null
14851574,66055636,603926,13562456,685192,310195,293731,10139459,0,334148,351044,98268,211927,1468700,2248028,4076029,0,107144,227004,102439,248605,1258265,64797371,322167,926371,9727,85160,237007,45670,39490,186216,50791,924820,1551,277390,647430,1551,0,18,9709,8,10,9709,0,20006563,44790808,4977482,15029081,16572799,28218009,n4543,false,0.8715578068225555,0.36343202662926816,0,1946,false,507,14,0.3204534150753846,0.9210593371475957,null
14851574,66055636,603926,13562456,685192,310195,293731,10139459,0,334148,351044,98268,211927,1468700,2248028,4076029,0,107144,227004,102439,248605,1258265,64797371,322167,926371,9727,85160,237007,45670,39490,186216,50791,924820,1551,277390,647430,1551,0,18,9709,8,10,9709,0,20006563,44790808,4977482,15029081,16572799,28218009,n4547,true,0.1680804880369965,0.5405570202193627,12,28999,false,0,0,0.7469697558977572,0.5001709525483806,null
14851574,66055636,603926,13562456,685192,310195,293731,10139459,0,334148,351044,98268,211927,1468700,2248028,4076029,0,107144,227004,102439,248605,1258265,64797371,322167,926371,9727,85160,237007,45670,39490,186216,50791,924820,1551,277390,647430,1551,0,18,9709,8,10,9709,0,20006563,44790808,4977482,15029081,16572799,28218009,n4549,true,0.5054548283569883,0.6149826214297357,10,18565,false,501,3,0.3689049415986494,0.40407589776618913,null
14851574,66055636,603926,13562456,685192,310195,293731,10139459,0,334148,351044,98268,211927,1468700,2248028,4076029,0,107144,227004,102439,248605,1258265,64797371,322167,926371,9727,85160,237007,45670,39490,186216,50791,924820,1551,277390,647430,1551,0,18,9709,8,10,9709,0,20006563,44790808,4977482,15029081,16572799,28218009,n75,false,0.10479333425962865,0.46820285641887865,0,21449,false,503,8,0.9756246715986912,0.19230731378339827,null
14851574,66055636,603926,13562456,685192,310195,293731,10139459,0,334148,351044,98268,211927,1468700,2248028,4076029,0,107144,227004,102439,248605,1258265,64797371,322167,926371,9727,85160,237007,45670,39490,186216,50791,924820,1551,277390,647430,1551,0,18,9709,8,10,9709,0,20006563,44790808,4977482,15029081,16572799,28218009,n59,true,0.18331880602464481,0.8008211372649331,10,10385,false,0,1,0.8126843905324715,0.4883198538375596,null
14851574,66055636,603926,13562456,685192,310195,293731,10139459,0,334148,351044,98268,211927,1468700,2248028,4076029,0,107144,227004,102439,248605,1258265,64797371,322167,926371,9727,85160,237007,45670,39490,186216,50791,924820,1551,277390,647430,1551,0,18,9709,8,10,9709,0,20006563,44790808,4977482,15029081,16572799,28218009,n58,true,0.21099772224220245,0.9410704366907732,14,26702,false,0,1,0.6490059808533292,0.526243778972145,null
14851574,66055636,603926,13562456,685192,310195,293731,10139459,0,334148,351044,98268,211927,1468700,2248028,4076029,0,107144,227004,102439,248605,1258265,64797371,322167,926371,9727,85160,237007,45670,39490,186216,50791,924820,1551,277390,647430,1551,0,18,9709,8,10,9709,0,20006563,44790808,4977482,15029081,16572799,28218009,n57,false,0.4658501623104505,0.6663541909416263,0,7490,false,501,4,0.7540886508880286,0.07905618812320325,null
14851574,66055636,603926,13562456,685192,310195,293731,10139459,0,334148,351044,98268,211927,1468700,2248028,4076029,0,107144,227004,102439,248605,1258265,64797371,322167,926371,9727,85160,237007,45670,39490,186216,50791,924820,1551,277390,647430,1551,0,18,9709,8,10,9709,0,20006563,44790808,4977482,15029081,16572799,28218009,n56,true,0.691748048055794,0.8575711378779346,13,4867,false,500,2,0.7085981579203253,0.6489941282247976,null
14851574,66055636,603926,13562456,685192,310195,293731,10139459,0,334148,351044,98268,211927,1468700,2248028,4076029,0,107144,227004,102439,248605,1258265,64797371,322167,926371,9727,85160,237007,45670,39490,186216,50791,924820,1551,277390,647430,1551,0,18,9709,8,10,9709,0,20006563,44790808,4977482,15029081,16572799,28218009,n18343,false,0.9189673429499362,0.06579333522705266,0,18989,false,501,2,0.3907012151207695,0.16045934534610706,null
14851574,66055636,603926,13562456,685192,310195,293731,10139459,0,334148,351044,98268,211927,1468700,2248028,4076029,0,107144,227004,102439,248605,1258265,64797371,322167,926371,9727,85160,237007,45670,39490,186216,50791,924820,1551,277390,647430,1551,0,18,9709,8,10,9709,0,20006563,44790808,4977482,15029081,16572799,28218009,n4540,false,0.4660802291044706,0.9462076620919142,0,14249,false,500,1,0.9018653889909728,0.02473669908472309,null
14851574,66055636,603926,13562456,685192,310195,293731,10139459,0,334148,351044,98268,211927,1468700,2248028,4076029,0,107144,227004,102439,248605,1258265,64797371,322167,926371,9727,85160,237007,45670,39490,186216,50791,924820,1551,277390,647430,1551,0,18,9709,8,10,9709,0,20006563,44790808,4977482,15029081,16572799,28218009,n18340,false,0.8282773038133578,0.6145190340969497,0,13081,false,500,1,0.4613052420862891,0.6831322259470041,null
14851574,66055636,603926,13562456,685192,310195,293731,10139459,0,334148,351044,98268,211927,1468700,2248028,4076029,0,107144,227004,102439,248605,1258265,64797371,322167,926371,9727,85160,237007,45670,39490,186216,50791,924820,1551,277390,647430,1551,0,18,9709,8,10,9709,0,20006563,44790808,4977482,15029081,16572799,28218009,n1699,false,0.32277925106348404,0.799011608051037,0,8258,false,506,14,0.6300213436513259,0.15105528700289061,null
14851574,66055636,603926,13562456,685192,310195,293731,10139459,0,334148,351044,98268,211927,1468700,2248028,4076029,0,107144,227004,102439,248605,1258265,64797371,322167,926371,9727,85160,237007,45670,39490,186216,50791,924820,1551,277390,647430,1551,0,18,9709,8,10,9709,0,20006563,44790808,4977482,15029081,16572799,28218009,n4538,false,0.9999975576887244,0.329209619349312,0,26074,false,501,4,0.9558911050389347,0.8805935036699023,null
14851574,66055636,603926,13562456,685192,310195,293731,10139459,0,334148,351044,98268,211927,1468700,2248028,4076029,0,107144,227004,102439,248605,1258265,64797371,322167,926371,9727,85160,237007,45670,39490,186216,50791,924820,1551,277390,647430,1551,0,18,9709,8,10,9709,0,20006563,44790808,4977482,15029081,16572799,28218009,n1695,false,0.5333231228937558,0.4525399227902286,0,14424,false,504,8,0.7888817905738521,0.36543250759820084,null
14851574,66055636,603926,13562456,685192,310195,293731,10139459,0,334148,351044,98268,211927,1468700,2248028,4076029,0,107144,227004,102439,248605,1258265,64797371,322167,926371,9727,85160,237007,45670,39490,186216,50791,924820,1551,277390,647430,1551,0,18,9709,8,10,9709,0,20006563,44790808,4977482,15029081,16572799,28218009,n4532,false,0.05359442815127586,0.23686209025142446,0,15074,false,500,2,0.31484696907238563,0.3327768264694786,null
14851574,66055636,603926,13562456,685192,310195,293731,10139459,0,334148,351044,98268,211927,1468700,2248028,4076029,0,107144,227004,102439,248605,1258265,64797371,322167,926371,9727,85160,237007,45670,39490,186216,50791,924820,1551,277390,647430,1551,0,18,9709,8,10,9709,0,20006563,44790808,4977482,15029081,16572799,28218009,n65,false,0.9999972856735317,0.1805508829414938,0,15,false,502,6,0.37800095354259966,0.651831873650196,null
14851574,66055636,603926,13562456,685192,310195,293731,10139459,0,334148,351044,98268,211927,1468700,2248028,4076029,0,107144,227004,102439,248605,1258265,64797371,322167,926371,9727,85160,237007,45670,39490,186216,50791,924820,1551,277390,647430,1551,0,18,9709,8,10,9709,0,20006563,44790808,4977482,15029081,16572799,28218009,n63,false,0.9444934493610748,0.3084854505453918,0,27091,false,501,3,0.5364915408376784,0.33748919207276457,null
14851574,66055636,603926,13562456,685192,310195,293731,10139459,0,334148,351044,98268,211927,1468700,2248028,4076029,0,107144,227004,102439,248605,1258265,64797371,322167,926371,9727,85160,237007,45670,39490,186216,50791,924820,1551,277390,647430,1551,0,18,9709,8,10,9709,0,20006563,44790808,4977482,15029081,16572799,28218009,n60,false,0.3835039544047633,0.4980525551111554,0,20972,false,502,5,0.8066242900262215,0.024247438335186722,null
14851574,66055636,603926,13562456,685192,310195,293731,10139459,0,334148,351044,98268,211927,1468700,2248028,4076029,0,107144,227004,102439,248605,1258265,64797371,322167,926371,9727,85160,237007,45670,39490,186216,50791,924820,1551,277390,647430,1551,0,18,9709,8,10,9709,0,20006563,44790808,4977482,15029081,16572799,28218009,n49,false,0.26016338588048615,0.43595048431615324,0,751,false,505,12,0.7120373885223222,0.029744431228376667,null
14851574,66055636,603926,13562456,685192,310195,293731,10139459,0,334148,351044,98268,211927,1468700,2248028,4076029,0,107144,227004,102439,248605,1258265,64797371,322167,926371,9727,85160,237007,45670,39490,186216,50791,924820,1551,277390,647430,1551,0,18,9709,8,10,9709,0,20006563,44790808,4977482,15029081,16572799,28218009,n48,false,0.9474948691947419,0.021223579619066957,0,7544,false,503,6,0.3698648523524255,0.6169212820857761,null
14851574,66055636,603926,13562456,685192,310195,293731,10139459,0,334148,351044,98268,211927,1468700,2248028,4076029,0,107144,227004,102439,248605,1258265,64797371,322167,926371,9727,85160,237007,45670,39490,186216,50791,924820,1551,277390,647430,1551,0,18,9709,8,10,9709,0,20006563,44790808,4977482,15029081,16572799,28218009,n46,true,0.3250511391806139,0.3845745202527802,14,3674,false,0,1,0.456963873701996,0.1912358374861931,null
14851574,66055636,603926,13562456,685192,310195,293731,10139459,0,334148,351044,98268,211927,1468700,2248028,4076029,0,107144,227004,102439,248605,1258265,64797371,322167,926371,9727,85160,237007,45670,39490,186216,50791,924820,1551,277390,647430,1551,0,18,9709,8,10,9709,0,20006563,44790808,4977482,15029081,16572799,28218009,n4527,true,0.7011770960888198,0.46697228446986533,11,4652,false,505,12,0.8407007634231255,0.6526457070833669,null
14851574,66055636,603926,13562456,685192,310195,293731,10139459,0,334148,351044,98268,211927,1468700,2248028,4076029,0,107144,227004,102439,248605,1258265,64797371,322167,926371,9727,85160,237007,45670,39490,186216,50791,924820,1551,277390,647430,1551,0,18,9709,8,10,9709,0,20006563,44790808,4977482,15029081,16572799,28218009,n4522,false,0.448276810012089,0.7109625486750686,0,13730,false,501,5,0.7528539363970317,0.7762101586252013,null
14851574,66055636,603926,13562456,685192,310195,293731,10139459,0,334148,351044,98268,211927,1468700,2248028,4076029,0,107144,227004,102439,248605,1258265,64797371,322167,926371,9727,85160,237007,45670,39490,186216,50791,924820,1551,277390,647430,1551,0,18,9709,8,10,9709,0,20006563,44790808,4977482,15029081,16572799,28218009,n54,false,0.5196106116655229,0.5668773456200229,0,15820,false,502,4,0.9350962950908566,0.43190744120127506,null
14851574,66055636,603926,13562456,685192,310195,293731,10139459,0,334148,351044,98268,211927,1468700,2248028,4076029,0,107144,227004,102439,248605,1258265,64797371,322167,926371,9727,85160,237007,45670,39490,186216,50791,924820,1551,277390,647430,1551,0,18,9709,8,10,9709,0,20006563,44790808,4977482,15029081,16572799,28218009,n489,false,0.9003098395668733,0.62565660287142,0,15120,false,503,7,0.2967974137183814,0.7919846517417896,null
14851574,66055636,603926,13562456,685192,310195,293731,10139459,0,334148,351044,98268,211927,1468700,2248028,4076029,0,107144,227004,102439,248605,1258265,64797371,322167,926371,9727,85160,237007,45670,39490,186216,50791,924820,1551,277390,647430,1551,0,18,9709,8,10,9709,0,20006563,44790808,4977482,15029081,16572799,28218009,n488,false,0.49322453106289793,0.7414268657667349,0,10702,false,502,4,0.7783808631075461,0.5164559321344728,null
14851574,66055636,603926,13562456,685192,310195,293731,10139459,0,334148,351044,98268,211927,1468700,2248028,4076029,0,107144,227004,102439,248605,1258265,64797371,322167,926371,9727,85160,237007,45670,39490,186216,50791,924820,1551,277390,647430,1551,0,18,9709,8,10,9709,0,20006563,44790808,4977482,15029081,16572799,28218009,n480,false,0.5350729428917171,0.506000396702801,0,28998,false,500,1,0.9078709873396513,0.4658534986367542,null
14851574,66055636,603926,13562456,685192,310195,293731,10139459,0,334148,351044,98268,211927,1468700,2248028,4076029,0,107144,227004,102439,248605,1258265,64797371,322167,926371,9727,85160,237007,45670,39490,186216,50791,924820,1551,277390,647430,1551,0,18,9709,8,10,9709,0,20006563,44790808,4977482,15029081,16572799,28218009,n10823,false,0.06060839066899945,0.9318584426905573,0,688,false,503,7,0.18272020753023932,0.13079753999686428,null
14851574,66055636,603926,13562456,685192,310195,293731,10139459,0,334148,351044,98268,211927,1468700,2248028,4076029,0,107144,227004,102439,248605,1258265,64797371,322167,926371,9727,85160,237007,45670,39490,186216,50791,924820,1551,277390,647430,1551,0,18,9709,8,10,9709,0,20006563,44790808,4977482,15029081,16572799,28218009,n10824,false,0.24900481739085517,0.2645555027421103,0,733,false,506,12,0.9574073650759957,0.8018993135549292,null
14851574,66055636,603926,13562456,685192,310195,293731,10139459,0,334148,351044,98268,211927,1468700,2248028,4076029,0,107144,227004,102439,248605,1258265,64797371,322167,926371,9727,85160,237007,45670,39490,186216,50791,924820,1551,277390,647430,1551,0,18,9709,8,10,9709,0,20006563,44790808,4977482,15029081,16572799,28218009,n20507,false,0.9161812482274571,0.5207695116709419,0,7830,false,503,6,0.6247890086139295,0.7305728503599022,null
14851574,66055636,603926,13562456,685192,310195,293731,10139459,0,334148,351044,98268,211927,1468700,2248028,4076029,0,107144,227004,102439,248605,1258265,64797371,322167,926371,9727,85160,237007,45670,39490,186216,50791,924820,1551,277390,647430,1551,0,18,9709,8,10,9709,0,20006563,44790808,4977482,15029081,16572799,28218009,n4588,false,0.93427119186427,0.374295075537424,0,8962,false,505,11,0.828642111609739,0.0363145735730378,null
14851574,66055636,603926,13562456,685192,310195,293731,10139459,0,334148,351044,98268,211927,1468700,2248028,4076029,0,107144,227004,102439,248605,1258265,64797371,322167,926371,9727,85160,237007,45670,39490,186216,50791,924820,1551,277390,647430,1551,0,18,9709,8,10,9709,0,20006563,44790808,4977482,15029081,16572799,28218009,n472,false,0.4094630700919633,0.5155543426924967,0,2830,false,502,4,0.9075626300766657,0.59121413423708,null
14851574,66055636,603926,13562456,685192,310195,293731,10139459,0,334148,351044,98268,211927,1468700,2248028,4076029,0,107144,227004,102439,248605,1258265,64797371,322167,926371,9727,85160,237007,45670,39490,186216,50791,924820,1551,277390,647430,1551,0,18,9709,8,10,9709,0,20006563,44790808,4977482,15029081,16572799,28218009,n10817,false,0.21726439768137717,0.9626360879501412,0,4161,false,503,7,0.4742399112516188,0.41640406734330443,null
14851574,66055636,603926,13562456,685192,310195,293731,10139459,0,334148,351044,98268,211927,1468700,2248028,4076029,0,107144,227004,102439,248605,1258265,64797371,322167,926371,9727,85160,237007,45670,39490,186216,50791,924820,1551,277390,647430,1551,0,18,9709,8,10,9709,0,20006563,44790808,4977482,15029081,16572799,28218009,n2788,false,0.16624218657491927,0.19321611836246766,0,12760,false,501,2,0.8001575574341168,0.2636786215724847,null
14851574,66055636,603926,13562456,685192,310195,293731,10139459,0,334148,351044,98268,211927,1468700,2248028,4076029,0,107144,227004,102439,248605,1258265,64797371,322167,926371,9727,85160,237007,45670,39490,186216,50791,924820,1551,277390,647430,1551,0,18,9709,8,10,9709,0,20006563,44790808,4977482,15029081,16572799,28218009,n2789,false,0.8228342408020769,0.912705980963593,0,8619,false,502,4,0.9025128144299643,0.45715179220181285,null
14851574,66055636,603926,13562456,685192,310195,293731,10139459,0,334148,351044,98268,211927,1468700,2248028,4076029,0,107144,227004,102439,248605,1258265,64797371,322167,926371,9727,85160,237007,45670,39490,186216,50791,924820,1551,277390,647430,1551,0,18,9709,8,10,9709,0,20006563,44790808,4977482,15029081,16572799,28218009,n2784,false,0.26872632661445744,0.8598869002917646,0,17508,false,503,7,0.8207045313104343,0.9491732684821246,null
14851574,66055636,603926,13562456,685192,310195,293731,10139459,0,334148,351044,98268,211927,1468700,2248028,4076029,0,107144,227004,102439,248605,1258265,64797371,322167,926371,9727,85160,237007,45670,39490,186216,50791,924820,1551,277390,647430,1551,0,18,9709,8,10,9709,0,20006563,44790808,4977482,15029081,16572799,28218009,n2792,false,0.9999967058122953,0.19705249359544175,0,8677,false,511,23,0.31935354559853724,0.8539486110564706,null
14851574,66055636,603926,13562456,685192,310195,293731,10139459,0,334148,351044,98268,211927,1468700,2248028,4076029,0,107144,227004,102439,248605,1258265,64797371,322167,926371,9727,85160,237007,45670,39490,186216,50791,924820,1551,277390,647430,1551,0,18,9709,8,10,9709,0,20006563,44790808,4977482,15029081,16572799,28218009,n10803,true,0.20696139270998468,0.6499591028538539,10,28970,false,0,1,0.6050836022020284,0.7311866006225858,null
14851574,66055636,603926,13562456,685192,310195,293731,10139459,0,334148,351044,98268,211927,1468700,2248028,4076029,0,107144,227004,102439,248605,1258265,64797371,322167,926371,9727,85160,237007,45670,39490,186216,50791,924820,1551,277390,647430,1551,0,18,9709,8,10,9709,0,20006563,44790808,4977482,15029081,16572799,28218009,n10806,false,0.6185900236678213,0.20063997519233795,0,615,false,502,4,0.5936209503963227,0.8357861523878964,null
14851574,66055636,603926,13562456,685192,310195,293731,10139459,0,334148,351044,98268,211927,1468700,2248028,4076029,0,107144,227004,102439,248605,1258265,64797371,322167,926371,9727,85160,237007,45670,39490,186216,50791,924820,1551,277390,647430,1551,0,18,9709,8,10,9709,0,20006563,44790808,4977482,15029081,16572799,28218009,n99,true,0.35756310563192695,0.5823026782295534,11,3689,false,501,4,0.3165329343592139,0.3034307182395559,null
14851574,66055636,603926,13562456,685192,310195,293731,10139459,0,334148,351044,98268,211927,1468700,2248028,4076029,0,107144,227004,102439,248605,1258265,64797371,322167,926371,9727,85160,237007,45670,39490,186216,50791,924820,1551,277390,647430,1551,0,18,9709,8,10,9709,0,20006563,44790808,4977482,15029081,16572799,28218009,n10800,false,0.5781063665693443,0.4843998255148849,0,14653,false,502,5,0.8199164932112851,0.06338405534322322,null
14851574,66055636,603926,13562456,685192,310195,293731,10139459,0,334148,351044,98268,211927,1468700,2248028,4076029,0,107144,227004,102439,248605,1258265,64797371,322167,926371,9727,85160,237007,45670,39490,186216,50791,924820,1551,277390,647430,1551,0,18,9709,8,10,9709,0,20006563,44790808,4977482,15029081,16572799,28218009,n97,false,0.9361101193081758,0.34493798906168704,0,13711,false,500,4,0.9587196082291988,0.4971568159575522,null
14851574,66055636,603926,13562456,685192,310195,293731,10139459,0,334148,351044,98268,211927,1468700,2248028,4076029,0,107144,227004,102439,248605,1258265,64797371,322167,926371,9727,85160,237007,45670,39490,186216,50791,924820,1551,277390,647430,1551,0,18,9709,8,10,9709,0,20006563,44790808,4977482,15029081,16572799,28218009,n95,false,0.13650229661591187,0.45680930566248934,0,8725,false,503,7,0.8483232269099392,0.9897874763529545,null
14851574,66055636,603926,13562456,685192,310195,293731,10139459,0,334148,351044,98268,211927,1468700,2248028,4076029,0,107144,227004,102439,248605,1258265,64797371,322167,926371,9727,85160,237007,45670,39490,186216,50791,924820,1551,277390,647430,1551,0,18,9709,8,10,9709,0,20006563,44790808,4977482,15029081,16572799,28218009,n93,false,0.5900360911033765,0.6801622586662853,0,4774,false,505,11,0.20415531142987586,0.21279777903428476,null
14851574,66055636,603926,13562456,685192,310195,293731,10139459,0,334148,351044,98268,211927,1468700,2248028,4076029,0,107144,227004,102439,248605,1258265,64797371,322167,926371,9727,85160,237007,45670,39490,186216,50791,924820,1551,277390,647430,1551,0,18,9709,8,10,9709,0,20006563,44790808,4977482,15029081,16572799,28218009,n91,true,0.9842109516298472,0.31681060632782015,14,21318,false,501,4,0.6007634539113498,0.30989020811703616,null
14851574,66055636,603926,13562456,685192,310195,293731,10139459,0,334148,351044,98268,211927,1468700,2248028,4076029,0,107144,227004,102439,248605,1258265,64797371,322167,926371,9727,85160,237007,45670,39490,186216,50791,924820,1551,277390,647430,1551,0,18,9709,8,10,9709,0,20006563,44790808,4977482,15029081,16572799,28218009,n4569,false,0.6093403914124436,0.3827754459615891,0,10438,false,503,8,0.4088235098250981,0.9228632954666965,null
14851574,66055636,603926,13562456,685192,310195,293731,10139459,0,334148,351044,98268,211927,1468700,2248028,4076029,0,107144,227004,102439,248605,1258265,64797371,322167,926371,9727,85160,237007,45670,39490,186216,50791,924820,1551,277390,647430,1551,0,18,9709,8,10,9709,0,20006563,44790808,4977482,15029081,16572799,28218009,n495,true,0.4435961318795648,0.9908347615796171,12,28999,false,0,0,0.5503582797978485,0.9786955712598466,null
14851574,66055636,603926,13562456,685192,310195,293731,10139459,0,334148,351044,98268,211927,1468700,2248028,4076029,0,107144,227004,102439,248605,1258265,64797371,322167,926371,9727,85160,237007,45670,39490,186216,50791,924820,1551,277390,647430,1551,0,18,9709,8,10,9709,0,20006563,44790808,4977482,15029081,16572799,28218009,n2794,true,0.2043250251994978,0.3836460314013922,12,28999,false,0,0,0.8585451892611822,0.22565354991416753,null
14851574,66055636,603926,13562456,685192,310195,293731,10139459,0,334148,351044,98268,211927,1468700,2248028,4076029,0,107144,227004,102439,248605,1258265,64797371,322167,926371,9727,85160,237007,45670,39490,186216,50791,924820,1551,277390,647430,1551,0,18,9709,8,10,9709,0,20006563,44790808,4977482,15029081,16572799,28218009,n4572,true,0.49644289989835316,0.7457525379515154,9,28911,false,0,1,0.6813702343342931,0.8959531842905524,null
14851574,66055636,603926,13562456,685192,310195,293731,10139459,0,334148,351044,98268,211927,1468700,2248028,4076029,0,107144,227004,102439,248605,1258265,64797371,322167,926371,9727,85160,237007,45670,39490,186216,50791,924820,1551,277390,647430,1551,0,18,9709,8,10,9709,0,20006563,44790808,4977482,15029081,16572799,28218009,n490,false,0.7815134451510893,0.22057441485343898,0,3910,false,503,8,0.5254958951651757,0.5983116281893992,null
14851574,66055636,603926,13562456,685192,310195,293731,10139459,0,334148,351044,98268,211927,1468700,2248028,4076029,0,107144,227004,102439,248605,1258265,64797371,322167,926371,9727,85160,237007,45670,39490,186216,50791,924820,1551,277390,647430,1551,0,18,9709,8,10,9709,0,20006563,44790808,4977482,15029081,16572799,28218009,n34236,false,0.5757155905456879,0.3544527660509743,0,1043,false,507,15,0.6791054996814838,0.418312784558336,null
14851574,66055636,603926,13562456,685192,310195,293731,10139459,0,334148,351044,98268,211927,1468700,2248028,4076029,0,107144,227004,102439,248605,1258265,64797371,322167,926371,9727,85160,237007,45670,39490,186216,50791,924820,1551,277390,647430,1551,0,18,9709,8,10,9709,0,20006563,44790808,4977482,15029081,16572799,28218009,n18392,true,0.5609334121642848,0.28474970485984763,11,28999,false,0,0,0.8386354734747667,0.7633370107287386,null
14851574,66055636,603926,13562456,685192,310195,293731,10139459,0,334148,351044,98268,211927,1468700,2248028,4076029,0,107144,227004,102439,248605,1258265,64797371,322167,926371,9727,85160,237007,45670,39490,186216,50791,924820,1551,277390,647430,1551,0,18,9709,8,10,9709,0,20006563,44790808,4977482,15029081,16572799,28218009,n18395,false,0.79812340676927,0.001884419212277777,0,3609,false,502,4,0.03123328660015734,0.4761754564340877,null
14851574,66055636,603926,13562456,685192,310195,293731,10139459,0,334148,351044,98268,211927,1468700,2248028,4076029,0,107144,227004,102439,248605,1258265,64797371,322167,926371,9727,85160,237007,45670,39490,186216,50791,924820,1551,277390,647430,1551,0,18,9709,8,10,9709,0,20006563,44790808,4977482,15029081,16572799,28218009,n14094,false,0.2425738101557211,0.5812789435865697,0,7156,false,501,5,0.34910932521380766,0.27979550087926564,null
14851574,66055636,603926,13562456,685192,310195,293731,10139459,0,334148,351044,98268,211927,1468700,2248028,4076029,0,107144,227004,102439,248605,1258265,64797371,322167,926371,9727,85160,237007,45670,39490,186216,50791,924820,1551,277390,647430,1551,0,18,9709,8,10,9709,0,20006563,44790808,4977482,15029081,16572799,28218009,n338,false,0.9999968274914353,0.6539168716589077,0,10358,false,502,5,0.8676744856414303,0.6997683825147409,null
14851574,66055636,603926,13562456,685192,310195,293731,10139459,0,334148,351044,98268,211927,1468700,2248028,4076029,0,107144,227004,102439,248605,1258265,64797371,322167,926371,9727,85160,237007,45670,39490,186216,50791,924820,1551,277390,647430,1551,0,18,9709,8,10,9709,0,20006563,44790808,4977482,15029081,16572799,28218009,n14096,false,0.2779403263280123,0.2613865463349365,0,7549,false,501,2,0.5491668748231564,0.9711062989878788,null
14851574,66055636,603926,13562456,685192,310195,293731,10139459,0,334148,351044,98268,211927,1468700,2248028,4076029,0,107144,227004,102439,248605,1258265,64797371,322167,926371,9727,85160,237007,45670,39490,186216,50791,924820,1551,277390,647430,1551,0,18,9709,8,10,9709,0,20006563,44790808,4977482,15029081,16572799,28218009,n332,false,0.3625944552688552,0.5799747790057588,0,1144,false,506,13,0.3255736364027786,0.7905036825401996,null
14851574,66055636,603926,13562456,685192,310195,293731,10139459,0,334148,351044,98268,211927,1468700,2248028,4076029,0,107144,227004,102439,248605,1258265,64797371,322167,926371,9727,85160,237007,45670,39490,186216,50791,924820,1551,277390,647430,1551,0,18,9709,8,10,9709,0,20006563,44790808,4977482,15029081,16572799,28218009,n331,false,0.2826080493223572,0.9573192314146381,0,7501,false,503,7,0.9253925312302573,0.8042478796383757,null
14851574,66055636,603926,13562456,685192,310195,293731,10139459,0,334148,351044,98268,211927,1468700,2248028,4076029,0,107144,227004,102439,248605,1258265,64797371,322167,926371,9727,85160,237007,45670,39490,186216,50791,924820,1551,277390,647430,1551,0,18,9709,8,10,9709,0,20006563,44790808,4977482,15029081,16572799,28218009,n337,false,0.9999992043533641,0.17894552501804628,0,736,false,502,6,0.9906967876630496,0.9599441006086172,null
14851574,66055636,603926,13562456,685192,310195,293731,10139459,0,334148,351044,98268,211927,1468700,2248028,4076029,0,107144,227004,102439,248605,1258265,64797371,322167,926371,9727,85160,237007,45670,39490,186216,50791,924820,1551,277390,647430,1551,0,18,9709,8,10,9709,0,20006563,44790808,4977482,15029081,16572799,28218009,n12858,true,0.3599203358789492,0.6273468733778209,0,5916,false,501,4,0.9244326281658736,0.6126205032141474,null
14851574,66055636,603926,13562456,685192,310195,293731,10139459,0,334148,351044,98268,211927,1468700,2248028,4076029,0,107144,227004,102439,248605,1258265,64797371,322167,926371,9727,85160,237007,45670,39490,186216,50791,924820,1551,277390,647430,1551,0,18,9709,8,10,9709,0,20006563,44790808,4977482,15029081,16572799,28218009,n14998,false,0.9999974270008464,0.04964047114182324,0,11897,false,501,3,0.8479868421155357,0.1346016602977188,null
14851574,66055636,603926,13562456,685192,310195,293731,10139459,0,334148,351044,98268,211927,1468700,2248028,4076029,0,107144,227004,102439,248605,1258265,64797371,322167,926371,9727,85160,237007,45670,39490,186216,50791,924820,1551,277390,647430,1551,0,18,9709,8,10,9709,0,20006563,44790808,4977482,15029081,16572799,28218009,n10714,false,0.9999988799152081,0.3446380452719907,0,638,false,504,9,0.6828440515714668,0.8773985355136352,null
14851574,66055636,603926,13562456,685192,310195,293731,10139459,0,334148,351044,98268,211927,1468700,2248028,4076029,0,107144,227004,102439,248605,1258265,64797371,322167,926371,9727,85160,237007,45670,39490,186216,50791,924820,1551,277390,647430,1551,0,18,9709,8,10,9709,0,20006563,44790808,4977482,15029081,16572799,28218009,n10713,false,0.9999954167191597,0.6178300258252789,0,2797,false,503,7,0.8780925314299598,0.6683147063066517,null
14851574,66055636,603926,13562456,685192,310195,293731,10139459,0,334148,351044,98268,211927,1468700,2248028,4076029,0,107144,227004,102439,248605,1258265,64797371,322167,926371,9727,85160,237007,45670,39490,186216,50791,924820,1551,277390,647430,1551,0,18,9709,8,10,9709,0,20006563,44790808,4977482,15029081,16572799,28218009,n14999,false,0.2177853904572565,0.5295010219129359,0,50,false,507,16,0.5198916111302527,0.35173250427261016,null
14851574,66055636,603926,13562456,685192,310195,293731,10139459,0,334148,351044,98268,211927,1468700,2248028,4076029,0,107144,227004,102439,248605,1258265,64797371,322167,926371,9727,85160,237007,45670,39490,186216,50791,924820,1551,277390,647430,1551,0,18,9709,8,10,9709,0,20006563,44790808,4977482,15029081,16572799,28218009,n12855,false,0.8306717206743555,0.33557843993663383,0,11629,false,501,3,0.6505404035763928,0.8423058851446282,null
14851574,66055636,603926,13562456,685192,310195,293731,10139459,0,334148,351044,98268,211927,1468700,2248028,4076029,0,107144,227004,102439,248605,1258265,64797371,322167,926371,9727,85160,237007,45670,39490,186216,50791,924820,1551,277390,647430,1551,0,18,9709,8,10,9709,0,20006563,44790808,4977482,15029081,16572799,28218009,n349,false,0.2644389210458171,0.27320969504341397,0,1693,false,503,10,0.7948779478456334,0.21545280190977756,null
14851574,66055636,603926,13562456,685192,310195,293731,10139459,0,334148,351044,98268,211927,1468700,2248028,4076029,0,107144,227004,102439,248605,1258265,64797371,322167,926371,9727,85160,237007,45670,39490,186216,50791,924820,1551,277390,647430,1551,0,18,9709,8,10,9709,0,20006563,44790808,4977482,15029081,16572799,28218009,n343,true,0.08793333893053445,0.07053675629475897,13,28999,false,0,0,0.8113107833221929,0.26762499829296305,null
14851574,66055636,603926,13562456,685192,310195,293731,10139459,0,334148,351044,98268,211927,1468700,2248028,4076029,0,107144,227004,102439,248605,1258265,64797371,322167,926371,9727,85160,237007,45670,39490,186216,50791,924820,1551,277390,647430,1551,0,18,9709,8,10,9709,0,20006563,44790808,4977482,15029081,16572799,28218009,n344,false,0.9895432124955987,0.5399240948876283,0,10125,false,502,8,0.6866275889588216,0.9288744512961509,null
14851574,66055636,603926,13562456,685192,310195,293731,10139459,0,334148,351044,98268,211927,1468700,2248028,4076029,0,107144,227004,102439,248605,1258265,64797371,322167,926371,9727,85160,237007,45670,39490,186216,50791,924820,1551,277390,647430,1551,0,18,9709,8,10,9709,0,20006563,44790808,4977482,15029081,16572799,28218009,n340,false,0.6129733955694131,0.4659335894905363,0,2204,false,501,4,0.4196958414180548,0.9780993138011472,null
14851574,66055636,603926,13562456,685192,310195,293731,10139459,0,334148,351044,98268,211927,1468700,2248028,4076029,0,107144,227004,102439,248605,1258265,64797371,322167,926371,9727,85160,237007,45670,39490,186216,50791,924820,1551,277390,647430,1551,0,18,9709,8,10,9709,0,20006563,44790808,4977482,15029081,16572799,28218009,n10725,true,0.03526715441798878,0.983831137302878,12,28999,false,0,0,0.12109122868297939,0.018151318403361594,null
14851574,66055636,603926,13562456,685192,310195,293731,10139459,0,334148,351044,98268,211927,1468700,2248028,4076029,0,107144,227004,102439,248605,1258265,64797371,322167,926371,9727,85160,237007,45670,39490,186216,50791,924820,1551,277390,647430,1551,0,18,9709,8,10,9709,0,20006563,44790808,4977482,15029081,16572799,28218009,n10724,false,0.1277307553941054,0.45844742728689314,0,2073,false,503,7,0.9490520403631219,0.990672452167234,null
14851574,66055636,603926,13562456,685192,310195,293731,10139459,0,334148,351044,98268,211927,1468700,2248028,4076029,0,107144,227004,102439,248605,1258265,64797371,322167,926371,9727,85160,237007,45670,39490,186216,50791,924820,1551,277390,647430,1551,0,18,9709,8,10,9709,0,20006563,44790808,4977482,15029081,16572799,28218009,n12862,false,0.932094028170968,0.5852503321809274,0,5537,false,501,3,0.7181193325244272,0.4763863052892821,null
14851574,66055636,603926,13562456,685192,310195,293731,10139459,0,334148,351044,98268,211927,1468700,2248028,4076029,0,107144,227004,102439,248605,1258265,64797371,322167,926371,9727,85160,237007,45670,39490,186216,50791,924820,1551,277390,647430,1551,0,18,9709,8,10,9709,0,20006563,44790808,4977482,15029081,16572799,28218009,n10728,false,0.2307815349702772,0.2998461005657217,0,22157,false,501,4,0.2049514888934605,0.13110759322529597,null
14851574,66055636,603926,13562456,685192,310195,293731,10139459,0,334148,351044,98268,211927,1468700,2248028,4076029,0,107144,227004,102439,248605,1258265,64797371,322167,926371,9727,85160,237007,45670,39490,186216,50791,924820,1551,277390,647430,1551,0,18,9709,8,10,9709,0,20006563,44790808,4977482,15029081,16572799,28218009,n16205,false,0.5431470046579331,0.5564208008699916,0,1768,false,504,8,0.819061000785277,0.580737108897833,null
14851574,66055636,603926,13562456,685192,310195,293731,10139459,0,334148,351044,98268,211927,1468700,2248028,4076029,0,107144,227004,102439,248605,1258265,64797371,322167,926371,9727,85160,237007,45670,39490,186216,50791,924820,1551,277390,647430,1551,0,18,9709,8,10,9709,0,20006563,44790808,4977482,15029081,16572799,28218009,n20645,false,0.5788851837350298,0.5794616330393152,0,1778,false,501,3,0.3209675643687311,0.18249932039243522,null
14851574,66055636,603926,13562456,685192,310195,293731,10139459,0,334148,351044,98268,211927,1468700,2248028,4076029,0,107144,227004,102439,248605,1258265,64797371,322167,926371,9727,85160,237007,45670,39490,186216,50791,924820,1551,277390,647430,1551,0,18,9709,8,10,9709,0,20006563,44790808,4977482,15029081,16572799,28218009,n14079,false,0.8008348553515513,0.45547699213863924,0,8845,false,502,4,0.860060712390149,0.6125658336474766,null
14851574,66055636,603926,13562456,685192,310195,293731,10139459,0,334148,351044,98268,211927,1468700,2248028,4076029,0,107144,227004,102439,248605,1258265,64797371,322167,926371,9727,85160,237007,45670,39490,186216,50791,924820,1551,277390,647430,1551,0,18,9709,8,10,9709,0,20006563,44790808,4977482,15029081,16572799,28218009,n14072,false,0.821346282803809,0.6639576498559727,0,1730,false,501,3,0.9778992361422246,0.3851084365777485,null
14851574,66055636,603926,13562456,685192,310195,293731,10139459,0,334148,351044,98268,211927,1468700,2248028,4076029,0,107144,227004,102439,248605,1258265,64797371,322167,926371,9727,85160,237007,45670,39490,186216,50791,924820,1551,277390,647430,1551,0,18,9709,8,10,9709,0,20006563,44790808,4977482,15029081,16572799,28218009,n318,false,0.6606928540644671,0.4681145887505571,0,12419,false,501,2,0.7718434099446416,0.6099945642702156,null
14851574,66055636,603926,13562456,685192,310195,293731,10139459,0,334148,351044,98268,211927,1468700,2248028,4076029,0,107144,227004,102439,248605,1258265,64797371,322167,926371,9727,85160,237007,45670,39490,186216,50791,924820,1551,277390,647430,1551,0,18,9709,8,10,9709,0,20006563,44790808,4977482,15029081,16572799,28218009,n313,true,0.5051470818183185,0.7325302211943978,11,28999,false,0,0,0.8886034946599728,0.023564042683511754,null
14851574,66055636,603926,13562456,685192,310195,293731,10139459,0,334148,351044,98268,211927,1468700,2248028,4076029,0,107144,227004,102439,248605,1258265,64797371,322167,926371,9727,85160,237007,45670,39490,186216,50791,924820,1551,277390,647430,1551,0,18,9709,8,10,9709,0,20006563,44790808,4977482,15029081,16572799,28218009,n10732,false,0.13154261068931192,0.9367323594564305,0,2444,false,502,5,0.7197585807895879,0.07357198248716834,null
14851574,66055636,603926,13562456,685192,310195,293731,10139459,0,334148,351044,98268,211927,1468700,2248028,4076029,0,107144,227004,102439,248605,1258265,64797371,322167,926371,9727,85160,237007,45670,39490,186216,50791,924820,1551,277390,647430,1551,0,18,9709,8,10,9709,0,20006563,44790808,4977482,15029081,16572799,28218009,n10737,true,0.9337886881496401,0.7832740592951711,13,273,false,501,3,0.8560037456916387,0.20449359357114893,null
14851574,66055636,603926,13562456,685192,310195,293731,10139459,0,334148,351044,98268,211927,1468700,2248028,4076029,0,107144,227004,102439,248605,1258265,64797371,322167,926371,9727,85160,237007,45670,39490,186216,50791,924820,1551,277390,647430,1551,0,18,9709,8,10,9709,0,20006563,44790808,4977482,15029081,16572799,28218009,n12871,false,0.5272170176621715,0.10011355735667438,0,3480,false,503,6,0.9021361529522449,0.5724242555099602,null
14851574,66055636,603926,13562456,685192,310195,293731,10139459,0,334148,351044,98268,211927,1468700,2248028,4076029,0,107144,227004,102439,248605,1258265,64797371,322167,926371,9727,85160,237007,45670,39490,186216,50791,924820,1551,277390,647430,1551,0,18,9709,8,10,9709,0,20006563,44790808,4977482,15029081,16572799,28218009,n10735,false,0.46480335290070385,0.7564501556934748,0,12966,false,505,11,0.9736738214327436,0.9203718829968968,null
14851574,66055636,603926,13562456,685192,310195,293731,10139459,0,334148,351044,98268,211927,1468700,2248028,4076029,0,107144,227004,102439,248605,1258265,64797371,322167,926371,9727,85160,237007,45670,39490,186216,50791,924820,1551,277390,647430,1551,0,18,9709,8,10,9709,0,20006563,44790808,4977482,15029081,16572799,28218009,n14087,false,0.13411917211888794,0.659386118746104,0,7190,false,503,7,0.9953161207240246,0.823583835939008,null
14851574,66055636,603926,13562456,685192,310195,293731,10139459,0,334148,351044,98268,211927,1468700,2248028,4076029,0,107144,227004,102439,248605,1258265,64797371,322167,926371,9727,85160,237007,45670,39490,186216,50791,924820,1551,277390,647430,1551,0,18,9709,8,10,9709,0,20006563,44790808,4977482,15029081,16572799,28218009,n324,false,0.2480341358424195,0.4165360742103972,0,28998,false,500,1,0.29910305688459204,0.6403269726419307,null
14851574,66055636,603926,13562456,685192,310195,293731,10139459,0,334148,351044,98268,211927,1468700,2248028,4076029,0,107144,227004,102439,248605,1258265,64797371,322167,926371,9727,85160,237007,45670,39490,186216,50791,924820,1551,277390,647430,1551,0,18,9709,8,10,9709,0,20006563,44790808,4977482,15029081,16572799,28218009,n320,false,0.9406752860732548,0.005812124477084124,0,17100,false,502,5,0.6345494609706375,0.4143784316982458,null
14851574,66055636,603926,13562456,685192,310195,293731,10139459,0,334148,351044,98268,211927,1468700,2248028,4076029,0,107144,227004,102439,248605,1258265,64797371,322167,926371,9727,85160,237007,45670,39490,186216,50791,924820,1551,277390,647430,1551,0,18,9709,8,10,9709,0,20006563,44790808,4977482,15029081,16572799,28218009,n12886,false,0.8070766833235421,0.7032155366861498,0,8339,false,505,12,0.6727320050155747,0.1582701245509307,null
14851574,66055636,603926,13562456,685192,310195,293731,10139459,0,334148,351044,98268,211927,1468700,2248028,4076029,0,107144,227004,102439,248605,1258265,64797371,322167,926371,9727,85160,237007,45670,39490,186216,50791,924820,1551,277390,647430,1551,0,18,9709,8,10,9709,0,20006563,44790808,4977482,15029081,16572799,28218009,n12885,false,0.35906358973544944,0.15150337006534265,0,4331,false,505,11,0.7170809558196226,0.36274561816271683,null
14851574,66055636,603926,13562456,685192,310195,293731,10139459,0,334148,351044,98268,211927,1468700,2248028,4076029,0,107144,227004,102439,248605,1258265,64797371,322167,926371,9727,85160,237007,45670,39490,186216,50791,924820,1551,277390,647430,1551,0,18,9709,8,10,9709,0,20006563,44790808,4977482,15029081,16572799,28218009,n12881,false,0.08052596389534464,0.8865211951401828,0,28960,false,500,1,0.9278271765789371,0.5218132747571901,null
14851574,66055636,603926,13562456,685192,310195,293731,10139459,0,334148,351044,98268,211927,1468700,2248028,4076029,0,107144,227004,102439,248605,1258265,64797371,322167,926371,9727,85160,237007,45670,39490,186216,50791,924820,1551,277390,647430,1551,0,18,9709,8,10,9709,0,20006563,44790808,4977482,15029081,16572799,28218009,n12892,false,0.7866476528263884,0.4629689633605071,0,26225,false,501,4,0.8971504751795006,0.9080552242929649,null
14851574,66055636,603926,13562456,685192,310195,293731,10139459,0,334148,351044,98268,211927,1468700,2248028,4076029,0,107144,227004,102439,248605,1258265,64797371,322167,926371,9727,85160,237007,45670,39490,186216,50791,924820,1551,277390,647430,1551,0,18,9709,8,10,9709,0,20006563,44790808,4977482,15029081,16572799,28218009,n16239,false,0.20410459488848723,0.27070454868472216,0,16097,false,504,9,0.8970842019121169,0.4913789464077352,null
14851574,66055636,603926,13562456,685192,310195,293731,10139459,0,334148,351044,98268,211927,1468700,2248028,4076029,0,107144,227004,102439,248605,1258265,64797371,322167,926371,9727,85160,237007,45670,39490,186216,50791,924820,1551,277390,647430,1551,0,18,9709,8,10,9709,0,20006563,44790808,4977482,15029081,16572799,28218009,n20676,false,0.5134285086302576,0.08340748768964523,0,25054,false,501,2,0.40903894658266554,0.3087595753640265,null
14851574,66055636,603926,13562456,685192,310195,293731,10139459,0,334148,351044,98268,211927,1468700,2248028,4076029,0,107144,227004,102439,248605,1258265,64797371,322167,926371,9727,85160,237007,45670,39490,186216,50791,924820,1551,277390,647430,1551,0,18,9709,8,10,9709,0,20006563,44790808,4977482,15029081,16572799,28218009,n34468,true,0.3178305886702107,0.7276213782081776,13,23636,false,0,1,0.7630992312245223,0.8805728606973551,null
14851574,66055636,603926,13562456,685192,310195,293731,10139459,0,334148,351044,98268,211927,1468700,2248028,4076029,0,107144,227004,102439,248605,1258265,64797371,322167,926371,9727,85160,237007,45670,39490,186216,50791,924820,1551,277390,647430,1551,0,18,9709,8,10,9709,0,20006563,44790808,4977482,15029081,16572799,28218009,n303,false,0.2221885200041713,0.5054364363478192,0,7758,false,503,7,0.84157946559421,0.9749346530438597,null
14851574,66055636,603926,13562456,685192,310195,293731,10139459,0,334148,351044,98268,211927,1468700,2248028,4076029,0,107144,227004,102439,248605,1258265,64797371,322167,926371,9727,85160,237007,45670,39490,186216,50791,924820,1551,277390,647430,1551,0,18,9709,8,10,9709,0,20006563,44790808,4977482,15029081,16572799,28218009,n309,false,0.9380004509904474,0.9377266164188671,0,4408,false,503,6,0.35880410862697265,0.6936740144675216,null
14851574,66055636,603926,13562456,685192,310195,293731,10139459,0,334148,351044,98268,211927,1468700,2248028,4076029,0,107144,227004,102439,248605,1258265,64797371,322167,926371,9727,85160,237007,45670,39490,186216,50791,924820,1551,277390,647430,1551,0,18,9709,8,10,9709,0,20006563,44790808,4977482,15029081,16572799,28218009,n10772,false,0.401012915460747,0.004688374268254414,0,12403,false,502,4,0.7479742867061805,0.0738895248261191,null
14851574,66055636,603926,13562456,685192,310195,293731,10139459,0,334148,351044,98268,211927,1468700,2248028,4076029,0,107144,227004,102439,248605,1258265,64797371,322167,926371,9727,85160,237007,45670,39490,186216,50791,924820,1551,277390,647430,1551,0,18,9709,8,10,9709,0,20006563,44790808,4977482,15029081,16572799,28218009,n10787,false,0.959923923552286,0.7552045759699109,0,10207,false,501,3,0.24922422566993774,0.7345014034944665,null
14851574,66055636,603926,13562456,685192,310195,293731,10139459,0,334148,351044,98268,211927,1468700,2248028,4076029,0,107144,227004,102439,248605,1258265,64797371,322167,926371,9727,85160,237007,45670,39490,186216,50791,924820,1551,277390,647430,1551,0,18,9709,8,10,9709,0,20006563,44790808,4977482,15029081,16572799,28218009,n10793,false,0.8184187823302209,0.7132074054397521,0,20358,false,500,2,0.6722606946177859,0.8408381116324743,null
14851574,66055636,603926,13562456,685192,310195,293731,10139459,0,334148,351044,98268,211927,1468700,2248028,4076029,0,107144,227004,102439,248605,1258265,64797371,322167,926371,9727,85160,237007,45670,39490,186216,50791,924820,1551,277390,647430,1551,0,18,9709,8,10,9709,0,20006563,44790808,4977482,15029081,16572799,28218009,n21761,false,0.5814326008117283,0.22699600565763378,0,1579,false,503,7,0.5020056416271306,0.9026809638746218,null
14851574,66055636,603926,13562456,685192,310195,293731,10139459,0,334148,351044,98268,211927,1468700,2248028,4076029,0,107144,227004,102439,248605,1258265,64797371,322167,926371,9727,85160,237007,45670,39490,186216,50791,924820,1551,277390,647430,1551,0,18,9709,8,10,9709,0,20006563,44790808,4977482,15029081,16572799,28218009,n4920,false,0.6555997620918108,0.6118464938462427,0,17286,false,503,7,0.49161248062714036,0.9853816298642278,null
14851574,66055636,603926,13562456,685192,310195,293731,10139459,0,334148,351044,98268,211927,1468700,2248028,4076029,0,107144,227004,102439,248605,1258265,64797371,322167,926371,9727,85160,237007,45670,39490,186216,50791,924820,1551,277390,647430,1551,0,18,9709,8,10,9709,0,20006563,44790808,4977482,15029081,16572799,28218009,n1620,false,0.39566176804972636,0.1334113152445694,0,3612,false,503,7,0.10547203319711529,0.5180496553723756,null
14851574,66055636,603926,13562456,685192,310195,293731,10139459,0,334148,351044,98268,211927,1468700,2248028,4076029,0,107144,227004,102439,248605,1258265,64797371,322167,926371,9727,85160,237007,45670,39490,186216,50791,924820,1551,277390,647430,1551,0,18,9709,8,10,9709,0,20006563,44790808,4977482,15029081,16572799,28218009,n1622,false,0.09012386744714466,0.08041066071706149,0,15250,false,502,5,0.4092396746846747,0.7499394841534961,null
14851574,66055636,603926,13562456,685192,310195,293731,10139459,0,334148,351044,98268,211927,1468700,2248028,4076029,0,107144,227004,102439,248605,1258265,64797371,322167,926371,9727,85160,237007,45670,39490,186216,50791,924820,1551,277390,647430,1551,0,18,9709,8,10,9709,0,20006563,44790808,4977482,15029081,16572799,28218009,n10790,false,0.9999959890231692,0.09050193978255039,0,16716,false,503,6,0.4763757789480447,0.3308399702926961,null
14851574,66055636,603926,13562456,685192,310195,293731,10139459,0,334148,351044,98268,211927,1468700,2248028,4076029,0,107144,227004,102439,248605,1258265,64797371,322167,926371,9727,85160,237007,45670,39490,186216,50791,924820,1551,277390,647430,1551,0,18,9709,8,10,9709,0,20006563,44790808,4977482,15029081,16572799,28218009,n1621,false,0.3001735031500043,0.7902602127014715,0,19280,false,500,2,0.9456484122689798,0.8189041802760151,null
14851574,66055636,603926,13562456,685192,310195,293731,10139459,0,334148,351044,98268,211927,1468700,2248028,4076029,0,107144,227004,102439,248605,1258265,64797371,322167,926371,9727,85160,237007,45670,39490,186216,50791,924820,1551,277390,647430,1551,0,18,9709,8,10,9709,0,20006563,44790808,4977482,15029081,16572799,28218009,n4922,false,0.5229426792873881,0.6964486637516996,0,7249,false,501,3,0.3818738717202259,0.10687283176736528,null
14851574,66055636,603926,13562456,685192,310195,293731,10139459,0,334148,351044,98268,211927,1468700,2248028,4076029,0,107144,227004,102439,248605,1258265,64797371,322167,926371,9727,85160,237007,45670,39490,186216,50791,924820,1551,277390,647430,1551,0,18,9709,8,10,9709,0,20006563,44790808,4977482,15029081,16572799,28218009,n1623,false,0.8082853361013116,0.13118169477524644,0,3543,false,503,6,0.7045307728811303,0.11096235820729705,null
14851574,66055636,603926,13562456,685192,310195,293731,10139459,0,334148,351044,98268,211927,1468700,2248028,4076029,0,107144,227004,102439,248605,1258265,64797371,322167,926371,9727,85160,237007,45670,39490,186216,50791,924820,1551,277390,647430,1551,0,18,9709,8,10,9709,0,20006563,44790808,4977482,15029081,16572799,28218009,n4936,true,0.7699336527966684,0.16749473011986615,4,1872,false,504,10,0.9524384566529428,0.1597156287607282,null
14851574,66055636,603926,13562456,685192,310195,293731,10139459,0,334148,351044,98268,211927,1468700,2248028,4076029,0,107144,227004,102439,248605,1258265,64797371,322167,926371,9727,85160,237007,45670,39490,186216,50791,924820,1551,277390,647430,1551,0,18,9709,8,10,9709,0,20006563,44790808,4977482,15029081,16572799,28218009,n1616,true,0.017853393990081345,0.9097040370435447,11,28999,false,0,0,0.9624895621164936,0.9636109281990006,null
14851574,66055636,603926,13562456,685192,310195,293731,10139459,0,334148,351044,98268,211927,1468700,2248028,4076029,0,107144,227004,102439,248605,1258265,64797371,322167,926371,9727,85160,237007,45670,39490,186216,50791,924820,1551,277390,647430,1551,0,18,9709,8,10,9709,0,20006563,44790808,4977482,15029081,16572799,28218009,n4938,true,0.8908790853591281,0.20711769308971983,8,3398,false,500,3,0.9774384588529461,0.37124380942961377,null
14851574,66055636,603926,13562456,685192,310195,293731,10139459,0,334148,351044,98268,211927,1468700,2248028,4076029,0,107144,227004,102439,248605,1258265,64797371,322167,926371,9727,85160,237007,45670,39490,186216,50791,924820,1551,277390,647430,1551,0,18,9709,8,10,9709,0,20006563,44790808,4977482,15029081,16572799,28218009,n1615,false,0.08950917587846821,0.9084380288478804,0,11639,false,503,7,0.7526603592104564,0.4501489112105136,null
14851574,66055636,603926,13562456,685192,310195,293731,10139459,0,334148,351044,98268,211927,1468700,2248028,4076029,0,107144,227004,102439,248605,1258265,64797371,322167,926371,9727,85160,237007,45670,39490,186216,50791,924820,1551,277390,647430,1551,0,18,9709,8,10,9709,0,20006563,44790808,4977482,15029081,16572799,28218009,n1614,false,0.937909335295663,0.9815592462020157,0,19709,false,502,7,0.5788662765333269,0.32831806615164,null
14851574,66055636,603926,13562456,685192,310195,293731,10139459,0,334148,351044,98268,211927,1468700,2248028,4076029,0,107144,227004,102439,248605,1258265,64797371,322167,926371,9727,85160,237007,45670,39490,186216,50791,924820,1551,277390,647430,1551,0,18,9709,8,10,9709,0,20006563,44790808,4977482,15029081,16572799,28218009,n4930,false,0.11927749543130939,0.7312107808262994,0,4921,false,504,8,0.7158029511869984,0.5003069034576255,null
14851574,66055636,603926,13562456,685192,310195,293731,10139459,0,334148,351044,98268,211927,1468700,2248028,4076029,0,107144,227004,102439,248605,1258265,64797371,322167,926371,9727,85160,237007,45670,39490,186216,50791,924820,1551,277390,647430,1551,0,18,9709,8,10,9709,0,20006563,44790808,4977482,15029081,16572799,28218009,n24450,false,0.5443176275395827,0.4475429035569533,0,5489,false,504,9,0.567824932013481,0.4900984887558699,null
14851574,66055636,603926,13562456,685192,310195,293731,10139459,0,334148,351044,98268,211927,1468700,2248028,4076029,0,107144,227004,102439,248605,1258265,64797371,322167,926371,9727,85160,237007,45670,39490,186216,50791,924820,1551,277390,647430,1551,0,18,9709,8,10,9709,0,20006563,44790808,4977482,15029081,16572799,28218009,n1613,false,0.26038773921119257,0.4238798803575051,0,15834,false,503,9,0.3190643870793274,0.13452817166020203,null
14851574,66055636,603926,13562456,685192,310195,293731,10139459,0,334148,351044,98268,211927,1468700,2248028,4076029,0,107144,227004,102439,248605,1258265,64797371,322167,926371,9727,85160,237007,45670,39490,186216,50791,924820,1551,277390,647430,1551,0,18,9709,8,10,9709,0,20006563,44790808,4977482,15029081,16572799,28218009,n1611,false,0.5184601565986247,0.5944805149982084,0,27562,false,501,3,0.9935627355094366,0.487376516718897,null
14851574,66055636,603926,13562456,685192,310195,293731,10139459,0,334148,351044,98268,211927,1468700,2248028,4076029,0,107144,227004,102439,248605,1258265,64797371,322167,926371,9727,85160,237007,45670,39490,186216,50791,924820,1551,277390,647430,1551,0,18,9709,8,10,9709,0,20006563,44790808,4977482,15029081,16572799,28218009,n1647,false,0.9881893685328306,0.8675522537055922,0,732,false,500,1,0.9904239053659785,0.5553372795317421,null
14851574,66055636,603926,13562456,685192,310195,293731,10139459,0,334148,351044,98268,211927,1468700,2248028,4076029,0,107144,227004,102439,248605,1258265,64797371,322167,926371,9727,85160,237007,45670,39490,186216,50791,924820,1551,277390,647430,1551,0,18,9709,8,10,9709,0,20006563,44790808,4977482,15029081,16572799,28218009,n1649,false,0.5290659447143644,0.37774675704243316,0,2039,false,500,1,0.9316519104110477,0.6102353805785954,null
14851574,66055636,603926,13562456,685192,310195,293731,10139459,0,334148,351044,98268,211927,1468700,2248028,4076029,0,107144,227004,102439,248605,1258265,64797371,322167,926371,9727,85160,237007,45670,39490,186216,50791,924820,1551,277390,647430,1551,0,18,9709,8,10,9709,0,20006563,44790808,4977482,15029081,16572799,28218009,n4948,true,0.4578370190403883,0.022618076177665203,11,28999,false,0,0,0.9691900549170004,0.0991223035171016,null
14851574,66055636,603926,13562456,685192,310195,293731,10139459,0,334148,351044,98268,211927,1468700,2248028,4076029,0,107144,227004,102439,248605,1258265,64797371,322167,926371,9727,85160,237007,45670,39490,186216,50791,924820,1551,277390,647430,1551,0,18,9709,8,10,9709,0,20006563,44790808,4977482,15029081,16572799,28218009,n1643,false,0.9999993975003744,0.7817449313902676,0,2506,false,503,8,0.5078380145797743,0.18233644402409188,null
14851574,66055636,603926,13562456,685192,310195,293731,10139459,0,334148,351044,98268,211927,1468700,2248028,4076029,0,107144,227004,102439,248605,1258265,64797371,322167,926371,9727,85160,237007,45670,39490,186216,50791,924820,1551,277390,647430,1551,0,18,9709,8,10,9709,0,20006563,44790808,4977482,15029081,16572799,28218009,n4943,false,0.47717072865197274,0.17914374949924494,0,11022,false,505,11,0.622352540238529,0.644200769354946,null
14851574,66055636,603926,13562456,685192,310195,293731,10139459,0,334148,351044,98268,211927,1468700,2248028,4076029,0,107144,227004,102439,248605,1258265,64797371,322167,926371,9727,85160,237007,45670,39490,186216,50791,924820,1551,277390,647430,1551,0,18,9709,8,10,9709,0,20006563,44790808,4977482,15029081,16572799,28218009,n4944,false,0.864888840173066,0.797078490057367,0,7307,false,503,8,0.6725372999602477,0.19200417868305153,null
14851574,66055636,603926,13562456,685192,310195,293731,10139459,0,334148,351044,98268,211927,1468700,2248028,4076029,0,107144,227004,102439,248605,1258265,64797371,322167,926371,9727,85160,237007,45670,39490,186216,50791,924820,1551,277390,647430,1551,0,18,9709,8,10,9709,0,20006563,44790808,4977482,15029081,16572799,28218009,n1640,false,0.9999983908096552,0.39489170497898435,0,10296,false,501,3,0.5419518092470316,0.4089473570542899,null
14851574,66055636,603926,13562456,685192,310195,293731,10139459,0,334148,351044,98268,211927,1468700,2248028,4076029,0,107144,227004,102439,248605,1258265,64797371,322167,926371,9727,85160,237007,45670,39490,186216,50791,924820,1551,277390,647430,1551,0,18,9709,8,10,9709,0,20006563,44790808,4977482,15029081,16572799,28218009,n4941,false,0.41718145661124945,0.12132943483845748,0,4369,false,501,4,0.9933634430085174,0.3311193200681836,null
14851574,66055636,603926,13562456,685192,310195,293731,10139459,0,334148,351044,98268,211927,1468700,2248028,4076029,0,107144,227004,102439,248605,1258265,64797371,322167,926371,9727,85160,237007,45670,39490,186216,50791,924820,1551,277390,647430,1551,0,18,9709,8,10,9709,0,20006563,44790808,4977482,15029081,16572799,28218009,n4942,true,0.6088130851044851,0.9577189035238775,10,13211,false,500,1,0.9966871700262061,0.7130332537600552,null
14851574,66055636,603926,13562456,685192,310195,293731,10139459,0,334148,351044,98268,211927,1468700,2248028,4076029,0,107144,227004,102439,248605,1258265,64797371,322167,926371,9727,85160,237007,45670,39490,186216,50791,924820,1551,277390,647430,1551,0,18,9709,8,10,9709,0,20006563,44790808,4977482,15029081,16572799,28218009,n1642,false,0.23731698410260327,0.7075654686604057,0,1398,false,506,13,0.7515114623134846,0.12024272545309811,null
14851574,66055636,603926,13562456,685192,310195,293731,10139459,0,334148,351044,98268,211927,1468700,2248028,4076029,0,107144,227004,102439,248605,1258265,64797371,322167,926371,9727,85160,237007,45670,39490,186216,50791,924820,1551,277390,647430,1551,0,18,9709,8,10,9709,0,20006563,44790808,4977482,15029081,16572799,28218009,n1641,true,0.5280016468230192,0.46807896576407926,14,541,false,501,4,0.10576282902928558,0.3321273659726331,null
14851574,66055636,603926,13562456,685192,310195,293731,10139459,0,334148,351044,98268,211927,1468700,2248028,4076029,0,107144,227004,102439,248605,1258265,64797371,322167,926371,9727,85160,237007,45670,39490,186216,50791,924820,1551,277390,647430,1551,0,18,9709,8,10,9709,0,20006563,44790808,4977482,15029081,16572799,28218009,n23829,false,0.9618892143726941,0.3363768497105379,0,9790,false,501,3,0.6490074758555024,0.3453574374111498,null
14851574,66055636,603926,13562456,685192,310195,293731,10139459,0,334148,351044,98268,211927,1468700,2248028,4076029,0,107144,227004,102439,248605,1258265,64797371,322167,926371,9727,85160,237007,45670,39490,186216,50791,924820,1551,277390,647430,1551,0,18,9709,8,10,9709,0,20006563,44790808,4977482,15029081,16572799,28218009,n4954,false,0.2531673650477013,0.06610782919466351,0,23,false,504,10,0.5758010013180417,0.4018861488407865,null
14851574,66055636,603926,13562456,685192,310195,293731,10139459,0,334148,351044,98268,211927,1468700,2248028,4076029,0,107144,227004,102439,248605,1258265,64797371,322167,926371,9727,85160,237007,45670,39490,186216,50791,924820,1551,277390,647430,1551,0,18,9709,8,10,9709,0,20006563,44790808,4977482,15029081,16572799,28218009,n1635,false,0.37191181034607695,0.5053061568342656,0,11595,false,503,6,0.2701560905844771,0.42836822590076334,null
14851574,66055636,603926,13562456,685192,310195,293731,10139459,0,334148,351044,98268,211927,1468700,2248028,4076029,0,107144,227004,102439,248605,1258265,64797371,322167,926371,9727,85160,237007,45670,39490,186216,50791,924820,1551,277390,647430,1551,0,18,9709,8,10,9709,0,20006563,44790808,4977482,15029081,16572799,28218009,n4956,true,0.0049465563770646,0.47777664487312527,15,1299,false,509,20,0.48684779851430904,0.21840271979833492,null
14851574,66055636,603926,13562456,685192,310195,293731,10139459,0,334148,351044,98268,211927,1468700,2248028,4076029,0,107144,227004,102439,248605,1258265,64797371,322167,926371,9727,85160,237007,45670,39490,186216,50791,924820,1551,277390,647430,1551,0,18,9709,8,10,9709,0,20006563,44790808,4977482,15029081,16572799,28218009,n1632,false,0.4090960391506039,0.9304116394176944,0,4259,false,504,8,0.579527919038457,0.15308491364336352,null
14851574,66055636,603926,13562456,685192,310195,293731,10139459,0,334148,351044,98268,211927,1468700,2248028,4076029,0,107144,227004,102439,248605,1258265,64797371,322167,926371,9727,85160,237007,45670,39490,186216,50791,924820,1551,277390,647430,1551,0,18,9709,8,10,9709,0,20006563,44790808,4977482,15029081,16572799,28218009,n4950,true,0.7172023460379628,0.026416170214183077,8,5457,false,501,3,0.4890936285240658,0.6992515340286606,null
14851574,66055636,603926,13562456,685192,310195,293731,10139459,0,334148,351044,98268,211927,1468700,2248028,4076029,0,107144,227004,102439,248605,1258265,64797371,322167,926371,9727,85160,237007,45670,39490,186216,50791,924820,1551,277390,647430,1551,0,18,9709,8,10,9709,0,20006563,44790808,4977482,15029081,16572799,28218009,n1631,false,0.23485895549942176,0.03870857191063182,0,32,false,504,9,0.6650059716119867,0.9460945201101021,null
14851574,66055636,603926,13562456,685192,310195,293731,10139459,0,334148,351044,98268,211927,1468700,2248028,4076029,0,107144,227004,102439,248605,1258265,64797371,322167,926371,9727,85160,237007,45670,39490,186216,50791,924820,1551,277390,647430,1551,0,18,9709,8,10,9709,0,20006563,44790808,4977482,15029081,16572799,28218009,n4951,false,0.7784500401472993,0.5301737856080436,0,7963,false,502,5,0.297604629692376,0.4476068295367224,null
14851574,66055636,603926,13562456,685192,310195,293731,10139459,0,334148,351044,98268,211927,1468700,2248028,4076029,0,107144,227004,102439,248605,1258265,64797371,322167,926371,9727,85160,237007,45670,39490,186216,50791,924820,1551,277390,647430,1551,0,18,9709,8,10,9709,0,20006563,44790808,4977482,15029081,16572799,28218009,n19380,false,0.5646032935249291,0.4933199274760959,0,6243,false,502,6,0.8915032780174852,0.8318188729699972,null
14851574,66055636,603926,13562456,685192,310195,293731,10139459,0,334148,351044,98268,211927,1468700,2248028,4076029,0,107144,227004,102439,248605,1258265,64797371,322167,926371,9727,85160,237007,45670,39490,186216,50791,924820,1551,277390,647430,1551,0,18,9709,8,10,9709,0,20006563,44790808,4977482,15029081,16572799,28218009,n23815,false,0.33305035979315,0.020427542222350104,0,251,false,501,2,0.4462937424209163,0.6903117201904271,null
14851574,66055636,603926,13562456,685192,310195,293731,10139459,0,334148,351044,98268,211927,1468700,2248028,4076029,0,107144,227004,102439,248605,1258265,64797371,322167,926371,9727,85160,237007,45670,39490,186216,50791,924820,1551,277390,647430,1551,0,18,9709,8,10,9709,0,20006563,44790808,4977482,15029081,16572799,28218009,n19388,true,0.05181621813353576,0.7788830081574817,12,28999,false,0,0,0.22223590630448398,0.06611161303096469,null
14851574,66055636,603926,13562456,685192,310195,293731,10139459,0,334148,351044,98268,211927,1468700,2248028,4076029,0,107144,227004,102439,248605,1258265,64797371,322167,926371,9727,85160,237007,45670,39490,186216,50791,924820,1551,277390,647430,1551,0,18,9709,8,10,9709,0,20006563,44790808,4977482,15029081,16572799,28218009,n1671,false,0.9204390599188526,0.5823494019409242,0,14313,false,503,7,0.7717063723794615,0.7333105914340047,null
14851574,66055636,603926,13562456,685192,310195,293731,10139459,0,334148,351044,98268,211927,1468700,2248028,4076029,0,107144,227004,102439,248605,1258265,64797371,322167,926371,9727,85160,237007,45670,39490,186216,50791,924820,1551,277390,647430,1551,0,18,9709,8,10,9709,0,20006563,44790808,4977482,15029081,16572799,28218009,n1663,false,0.019952150947764608,0.06445471128265767,0,6834,false,502,6,0.7750981433744667,0.3858652816467567,null
14851574,66055636,603926,13562456,685192,310195,293731,10139459,0,334148,351044,98268,211927,1468700,2248028,4076029,0,107144,227004,102439,248605,1258265,64797371,322167,926371,9727,85160,237007,45670,39490,186216,50791,924820,1551,277390,647430,1551,0,18,9709,8,10,9709,0,20006563,44790808,4977482,15029081,16572799,28218009,n19395,false,0.43426311709469795,0.4478404229417811,0,28999,false,500,0,0.980346820209264,0.7117716802048332,null
14851574,66055636,603926,13562456,685192,310195,293731,10139459,0,334148,351044,98268,211927,1468700,2248028,4076029,0,107144,227004,102439,248605,1258265,64797371,322167,926371,9727,85160,237007,45670,39490,186216,50791,924820,1551,277390,647430,1551,0,18,9709,8,10,9709,0,20006563,44790808,4977482,15029081,16572799,28218009,n12823,true,0.22239533867441727,0.49161613344128713,10,4030,false,501,4,0.3466772278441509,0.6116924843107054,null
14851574,66055636,603926,13562456,685192,310195,293731,10139459,0,334148,351044,98268,211927,1468700,2248028,4076029,0,107144,227004,102439,248605,1258265,64797371,322167,926371,9727,85160,237007,45670,39490,186216,50791,924820,1551,277390,647430,1551,0,18,9709,8,10,9709,0,20006563,44790808,4977482,15029081,16572799,28218009,n19398,false,0.9523298930119407,0.6822846670160461,0,9152,false,502,4,0.92472584043452,0.839438668457088,null
14851574,66055636,603926,13562456,685192,310195,293731,10139459,0,334148,351044,98268,211927,1468700,2248028,4076029,0,107144,227004,102439,248605,1258265,64797371,322167,926371,9727,85160,237007,45670,39490,186216,50791,924820,1551,277390,647430,1551,0,18,9709,8,10,9709,0,20006563,44790808,4977482,15029081,16572799,28218009,n12828,false,0.8752514943287826,0.34592162765412493,0,20119,false,500,2,0.8962320665458477,0.7406831120805585,null
14851574,66055636,603926,13562456,685192,310195,293731,10139459,0,334148,351044,98268,211927,1468700,2248028,4076029,0,107144,227004,102439,248605,1258265,64797371,322167,926371,9727,85160,237007,45670,39490,186216,50791,924820,1551,277390,647430,1551,0,18,9709,8,10,9709,0,20006563,44790808,4977482,15029081,16572799,28218009,n1652,false,0.07579365046152228,0.8064207926997945,0,7882,false,503,6,0.4226126115072352,0.01461560074291457,null
14851574,66055636,603926,13562456,685192,310195,293731,10139459,0,334148,351044,98268,211927,1468700,2248028,4076029,0,107144,227004,102439,248605,1258265,64797371,322167,926371,9727,85160,237007,45670,39490,186216,50791,924820,1551,277390,647430,1551,0,18,9709,8,10,9709,0,20006563,44790808,4977482,15029081,16572799,28218009,n1653,false,0.4954950745439237,0.7090236719076846,0,10775,false,502,5,0.7948335785830978,0.36901277274925576,null
14851574,66055636,603926,13562456,685192,310195,293731,10139459,0,334148,351044,98268,211927,1468700,2248028,4076029,0,107144,227004,102439,248605,1258265,64797371,322167,926371,9727,85160,237007,45670,39490,186216,50791,924820,1551,277390,647430,1551,0,18,9709,8,10,9709,0,20006563,44790808,4977482,15029081,16572799,28218009,n1657,false,0.20486572564371347,0.2824441160631584,0,4175,false,506,12,0.4828920611787118,0.49727158572404867,null
14851574,66055636,603926,13562456,685192,310195,293731,10139459,0,334148,351044,98268,211927,1468700,2248028,4076029,0,107144,227004,102439,248605,1258265,64797371,322167,926371,9727,85160,237007,45670,39490,186216,50791,924820,1551,277390,647430,1551,0,18,9709,8,10,9709,0,20006563,44790808,4977482,15029081,16572799,28218009,n1655,false,0.6013129285848192,0.024545755113444145,0,28999,false,0,0,0.6641176605716748,0.641145005010556,null
14851574,66055636,603926,13562456,685192,310195,293731,10139459,0,334148,351044,98268,211927,1468700,2248028,4076029,0,107144,227004,102439,248605,1258265,64797371,322167,926371,9727,85160,237007,45670,39490,186216,50791,924820,1551,277390,647430,1551,0,18,9709,8,10,9709,0,20006563,44790808,4977482,15029081,16572799,28218009,n12831,false,0.6867154859857875,0.18789829604200636,0,10801,false,500,2,0.5924952251964414,0.41624112322261586,null
14851574,66055636,603926,13562456,685192,310195,293731,10139459,0,334148,351044,98268,211927,1468700,2248028,4076029,0,107144,227004,102439,248605,1258265,64797371,322167,926371,9727,85160,237007,45670,39490,186216,50791,924820,1551,277390,647430,1551,0,18,9709,8,10,9709,0,20006563,44790808,4977482,15029081,16572799,28218009,n12833,false,0.9597970443286331,0.14222300199303384,0,1465,false,501,4,0.5123210902155377,0.6868484733256958,null
14851574,66055636,603926,13562456,685192,310195,293731,10139459,0,334148,351044,98268,211927,1468700,2248028,4076029,0,107144,227004,102439,248605,1258265,64797371,322167,926371,9727,85160,237007,45670,39490,186216,50791,924820,1551,277390,647430,1551,0,18,9709,8,10,9709,0,20006563,44790808,4977482,15029081,16572799,28218009,n12838,true,0.6809011882008528,0.7045495715504415,5,26360,false,397,2,0.6217384572712863,0.029498800680524795,null
14851574,66055636,603926,13562456,685192,310195,293731,10139459,0,334148,351044,98268,211927,1468700,2248028,4076029,0,107144,227004,102439,248605,1258265,64797371,322167,926371,9727,85160,237007,45670,39490,186216,50791,924820,1551,277390,647430,1551,0,18,9709,8,10,9709,0,20006563,44790808,4977482,15029081,16572799,28218009,n1693,false,0.09912770371342745,0.2510650880408023,0,18296,false,503,6,0.8196870108288432,0.793839608906738,null
14851574,66055636,603926,13562456,685192,310195,293731,10139459,0,334148,351044,98268,211927,1468700,2248028,4076029,0,107144,227004,102439,248605,1258265,64797371,322167,926371,9727,85160,237007,45670,39490,186216,50791,924820,1551,277390,647430,1551,0,18,9709,8,10,9709,0,20006563,44790808,4977482,15029081,16572799,28218009,n1692,true,0.5673794327961611,0.5105720043552217,13,6215,false,502,7,0.6957806862732681,0.5375644020093346,null
14851574,66055636,603926,13562456,685192,310195,293731,10139459,0,334148,351044,98268,211927,1468700,2248028,4076029,0,107144,227004,102439,248605,1258265,64797371,322167,926371,9727,85160,237007,45670,39490,186216,50791,924820,1551,277390,647430,1551,0,18,9709,8,10,9709,0,20006563,44790808,4977482,15029081,16572799,28218009,n12836,true,0.19187913285443078,0.5008180882376634,10,5516,false,503,8,0.8841082344909731,0.9467959282657321,null
14851574,66055636,603926,13562456,685192,310195,293731,10139459,0,334148,351044,98268,211927,1468700,2248028,4076029,0,107144,227004,102439,248605,1258265,64797371,322167,926371,9727,85160,237007,45670,39490,186216,50791,924820,1551,277390,647430,1551,0,18,9709,8,10,9709,0,20006563,44790808,4977482,15029081,16572799,28218009,n4902,false,0.42909143922271104,0.3152663839325373,0,2775,false,506,12,0.8953711426290402,0.8081798512920961,null
14851574,66055636,603926,13562456,685192,310195,293731,10139459,0,334148,351044,98268,211927,1468700,2248028,4076029,0,107144,227004,102439,248605,1258265,64797371,322167,926371,9727,85160,237007,45670,39490,186216,50791,924820,1551,277390,647430,1551,0,18,9709,8,10,9709,0,20006563,44790808,4977482,15029081,16572799,28218009,n1683,false,0.1122593798714126,0.8579935912492331,0,9552,false,501,4,0.6140287971722904,0.8395229306063604,null
14851574,66055636,603926,13562456,685192,310195,293731,10139459,0,334148,351044,98268,211927,1468700,2248028,4076029,0,107144,227004,102439,248605,1258265,64797371,322167,926371,9727,85160,237007,45670,39490,186216,50791,924820,1551,277390,647430,1551,0,18,9709,8,10,9709,0,20006563,44790808,4977482,15029081,16572799,28218009,n4908,true,0.8776543569651427,0.9731266961343532,6,12042,false,500,3,0.912844416845725,0.3535407010089077,null
14851574,66055636,603926,13562456,685192,310195,293731,10139459,0,334148,351044,98268,211927,1468700,2248028,4076029,0,107144,227004,102439,248605,1258265,64797371,322167,926371,9727,85160,237007,45670,39490,186216,50791,924820,1551,277390,647430,1551,0,18,9709,8,10,9709,0,20006563,44790808,4977482,15029081,16572799,28218009,n12849,false,0.9921779926918879,0.39304134762909754,0,28999,false,0,0,0.868171586620932,0.10029297739138243,null
14851574,66055636,603926,13562456,685192,310195,293731,10139459,0,334148,351044,98268,211927,1468700,2248028,4076029,0,107144,227004,102439,248605,1258265,64797371,322167,926371,9727,85160,237007,45670,39490,186216,50791,924820,1551,277390,647430,1551,0,18,9709,8,10,9709,0,20006563,44790808,4977482,15029081,16572799,28218009,n12846,false,0.15545656164073282,0.5821148351725285,0,10697,false,502,7,0.6317204844398561,0.10532709032098175,null
14851574,66055636,603926,13562456,685192,310195,293731,10139459,0,334148,351044,98268,211927,1468700,2248028,4076029,0,107144,227004,102439,248605,1258265,64797371,322167,926371,9727,85160,237007,45670,39490,186216,50791,924820,1551,277390,647430,1551,0,18,9709,8,10,9709,0,20006563,44790808,4977482,15029081,16572799,28218009,n1675,false,0.4703074357340346,0.8790948014933987,0,15057,false,501,3,0.7592299415870125,0.169940956740814,null
14851574,66055636,603926,13562456,685192,310195,293731,10139459,0,334148,351044,98268,211927,1468700,2248028,4076029,0,107144,227004,102439,248605,1258265,64797371,322167,926371,9727,85160,237007,45670,39490,186216,50791,924820,1551,277390,647430,1551,0,18,9709,8,10,9709,0,20006563,44790808,4977482,15029081,16572799,28218009,n4914,false,0.5025732915602342,0.983593639553245,0,4517,false,503,7,0.6123187832885288,0.9826964170050987,null
14851574,66055636,603926,13562456,685192,310195,293731,10139459,0,334148,351044,98268,211927,1468700,2248028,4076029,0,107144,227004,102439,248605,1258265,64797371,322167,926371,9727,85160,237007,45670,39490,186216,50791,924820,1551,277390,647430,1551,0,18,9709,8,10,9709,0,20006563,44790808,4977482,15029081,16572799,28218009,n1578,false,0.04142025153566445,0.5991848901197888,0,7674,false,502,6,0.521650533665886,0.6584854249123674,null
14851574,66055636,603926,13562456,685192,310195,293731,10139459,0,334148,351044,98268,211927,1468700,2248028,4076029,0,107144,227004,102439,248605,1258265,64797371,322167,926371,9727,85160,237007,45670,39490,186216,50791,924820,1551,277390,647430,1551,0,18,9709,8,10,9709,0,20006563,44790808,4977482,15029081,16572799,28218009,n4899,false,0.10627965692624423,0.6200601281228377,0,2829,false,502,6,0.4923051284677239,0.6782706326896084,null
14851574,66055636,603926,13562456,685192,310195,293731,10139459,0,334148,351044,98268,211927,1468700,2248028,4076029,0,107144,227004,102439,248605,1258265,64797371,322167,926371,9727,85160,237007,45670,39490,186216,50791,924820,1551,277390,647430,1551,0,18,9709,8,10,9709,0,20006563,44790808,4977482,15029081,16572799,28218009,n4895,false,0.3323310575612813,0.2975264986609683,0,13897,false,501,3,0.05677732074187125,0.8942855091136251,null
14851574,66055636,603926,13562456,685192,310195,293731,10139459,0,334148,351044,98268,211927,1468700,2248028,4076029,0,107144,227004,102439,248605,1258265,64797371,322167,926371,9727,85160,237007,45670,39490,186216,50791,924820,1551,277390,647430,1551,0,18,9709,8,10,9709,0,20006563,44790808,4977482,15029081,16572799,28218009,n1575,false,0.4256721593076751,0.5291040660250502,0,19364,false,501,3,0.8222125746863455,0.22774087926102293,null
14851574,66055636,603926,13562456,685192,310195,293731,10139459,0,334148,351044,98268,211927,1468700,2248028,4076029,0,107144,227004,102439,248605,1258265,64797371,322167,926371,9727,85160,237007,45670,39490,186216,50791,924820,1551,277390,647430,1551,0,18,9709,8,10,9709,0,20006563,44790808,4977482,15029081,16572799,28218009,n4896,false,0.9999984325199093,0.2716180402644645,0,625,false,504,10,0.9363124226013193,0.7841269594893626,null
14851574,66055636,603926,13562456,685192,310195,293731,10139459,0,334148,351044,98268,211927,1468700,2248028,4076029,0,107144,227004,102439,248605,1258265,64797371,322167,926371,9727,85160,237007,45670,39490,186216,50791,924820,1551,277390,647430,1551,0,18,9709,8,10,9709,0,20006563,44790808,4977482,15029081,16572799,28218009,n1582,true,0.5586501263439304,0.15757245345966664,12,22848,false,501,4,0.47211843494730565,0.1952547461396118,null
14851574,66055636,603926,13562456,685192,310195,293731,10139459,0,334148,351044,98268,211927,1468700,2248028,4076029,0,107144,227004,102439,248605,1258265,64797371,322167,926371,9727,85160,237007,45670,39490,186216,50791,924820,1551,277390,647430,1551,0,18,9709,8,10,9709,0,20006563,44790808,4977482,15029081,16572799,28218009,n4889,false,0.9173378287697288,0.4905478486634851,0,12137,false,503,7,0.609623872530106,0.8336699684798878,null
14851574,66055636,603926,13562456,685192,310195,293731,10139459,0,334148,351044,98268,211927,1468700,2248028,4076029,0,107144,227004,102439,248605,1258265,64797371,322167,926371,9727,85160,237007,45670,39490,186216,50791,924820,1551,277390,647430,1551,0,18,9709,8,10,9709,0,20006563,44790808,4977482,15029081,16572799,28218009,n4884,false,0.11351189467885403,0.4305481883991936,0,1869,false,503,8,0.5163056160396412,0.5077818356811561,null
14851574,66055636,603926,13562456,685192,310195,293731,10139459,0,334148,351044,98268,211927,1468700,2248028,4076029,0,107144,227004,102439,248605,1258265,64797371,322167,926371,9727,85160,237007,45670,39490,186216,50791,924820,1551,277390,647430,1551,0,18,9709,8,10,9709,0,20006563,44790808,4977482,15029081,16572799,28218009,n1584,false,0.6814741722062474,0.9300396935076967,0,18435,false,502,5,0.87692046211141,0.02988304284481469,null
14851574,66055636,603926,13562456,685192,310195,293731,10139459,0,334148,351044,98268,211927,1468700,2248028,4076029,0,107144,227004,102439,248605,1258265,64797371,322167,926371,9727,85160,237007,45670,39490,186216,50791,924820,1551,277390,647430,1551,0,18,9709,8,10,9709,0,20006563,44790808,4977482,15029081,16572799,28218009,n4887,false,0.7172528033283392,0.9840253846753451,0,16742,false,502,5,0.5236579192234697,0.8103979034799497,null
14851574,66055636,603926,13562456,685192,310195,293731,10139459,0,334148,351044,98268,211927,1468700,2248028,4076029,0,107144,227004,102439,248605,1258265,64797371,322167,926371,9727,85160,237007,45670,39490,186216,50791,924820,1551,277390,647430,1551,0,18,9709,8,10,9709,0,20006563,44790808,4977482,15029081,16572799,28218009,n1594,true,0.9956795312746632,0.44465644920880915,6,915,false,502,7,0.8829010192613451,0.013582634415961636,null
14851574,66055636,603926,13562456,685192,310195,293731,10139459,0,334148,351044,98268,211927,1468700,2248028,4076029,0,107144,227004,102439,248605,1258265,64797371,322167,926371,9727,85160,237007,45670,39490,186216,50791,924820,1551,277390,647430,1551,0,18,9709,8,10,9709,0,20006563,44790808,4977482,15029081,16572799,28218009,n1590,false,0.6707139218526356,0.11236520660791449,0,6335,false,503,6,0.9962716127414024,0.5885065202842007,null
14851574,66055636,603926,13562456,685192,310195,293731,10139459,0,334148,351044,98268,211927,1468700,2248028,4076029,0,107144,227004,102439,248605,1258265,64797371,322167,926371,9727,85160,237007,45670,39490,186216,50791,924820,1551,277390,647430,1551,0,18,9709,8,10,9709,0,20006563,44790808,4977482,15029081,16572799,28218009,n1596,false,0.22213825745387614,0.8146036455716271,0,973,false,502,4,0.7257671483172746,0.8761957924648867,null
14851574,66055636,603926,13562456,685192,310195,293731,10139459,0,334148,351044,98268,211927,1468700,2248028,4076029,0,107144,227004,102439,248605,1258265,64797371,322167,926371,9727,85160,237007,45670,39490,186216,50791,924820,1551,277390,647430,1551,0,18,9709,8,10,9709,0,20006563,44790808,4977482,15029081,16572799,28218009,n22251,false,0.1646356060548375,0.5554795257093219,0,4762,false,504,8,0.9958687256973334,0.8353791876355422,null
14851574,66055636,603926,13562456,685192,310195,293731,10139459,0,334148,351044,98268,211927,1468700,2248028,4076029,0,107144,227004,102439,248605,1258265,64797371,322167,926371,9727,85160,237007,45670,39490,186216,50791,924820,1551,277390,647430,1551,0,18,9709,8,10,9709,0,20006563,44790808,4977482,15029081,16572799,28218009,n1599,false,0.9999972437960826,0.5019168733502615,0,7301,false,503,6,0.6382249552837707,0.24267266866995407,null
14851574,66055636,603926,13562456,685192,310195,293731,10139459,0,334148,351044,98268,211927,1468700,2248028,4076029,0,107144,227004,102439,248605,1258265,64797371,322167,926371,9727,85160,237007,45670,39490,186216,50791,924820,1551,277390,647430,1551,0,18,9709,8,10,9709,0,20006563,44790808,4977482,15029081,16572799,28218009,n4856,false,0.38373152449405246,0.3484043940839951,0,28998,false,500,1,0.21889083243800134,0.14726001998953864,null
14851574,66055636,603926,13562456,685192,310195,293731,10139459,0,334148,351044,98268,211927,1468700,2248028,4076029,0,107144,227004,102439,248605,1258265,64797371,322167,926371,9727,85160,237007,45670,39490,186216,50791,924820,1551,277390,647430,1551,0,18,9709,8,10,9709,0,20006563,44790808,4977482,15029081,16572799,28218009,n4854,false,0.39845247496539304,0.011582574859858696,0,6515,false,501,7,0.9741665210805834,0.4617501621652621,null
14851574,66055636,603926,13562456,685192,310195,293731,10139459,0,334148,351044,98268,211927,1468700,2248028,4076029,0,107144,227004,102439,248605,1258265,64797371,322167,926371,9727,85160,237007,45670,39490,186216,50791,924820,1551,277390,647430,1551,0,18,9709,8,10,9709,0,20006563,44790808,4977482,15029081,16572799,28218009,n4852,false,0.4221152224364481,0.030188343719308786,0,3136,false,502,6,0.5913953768606499,0.3204702416776994,null
14851574,66055636,603926,13562456,685192,310195,293731,10139459,0,334148,351044,98268,211927,1468700,2248028,4076029,0,107144,227004,102439,248605,1258265,64797371,322167,926371,9727,85160,237007,45670,39490,186216,50791,924820,1551,277390,647430,1551,0,18,9709,8,10,9709,0,20006563,44790808,4977482,15029081,16572799,28218009,n4844,false,0.9999968900051678,0.9783979469013564,0,708,false,503,7,0.8868933146918515,0.458433979510681,null
14851574,66055636,603926,13562456,685192,310195,293731,10139459,0,334148,351044,98268,211927,1468700,2248028,4076029,0,107144,227004,102439,248605,1258265,64797371,322167,926371,9727,85160,237007,45670,39490,186216,50791,924820,1551,277390,647430,1551,0,18,9709,8,10,9709,0,20006563,44790808,4977482,15029081,16572799,28218009,n4843,false,0.00499128427276553,0.08713155901895453,0,5859,false,503,7,0.8361046030803936,0.26390846038926463,null
14851574,66055636,603926,13562456,685192,310195,293731,10139459,0,334148,351044,98268,211927,1468700,2248028,4076029,0,107144,227004,102439,248605,1258265,64797371,322167,926371,9727,85160,237007,45670,39490,186216,50791,924820,1551,277390,647430,1551,0,18,9709,8,10,9709,0,20006563,44790808,4977482,15029081,16572799,28218009,n4850,false,0.999996194227482,0.31062396164270945,0,2775,false,506,12,0.8734477704167555,0.6655802341111926,null
14851574,66055636,603926,13562456,685192,310195,293731,10139459,0,334148,351044,98268,211927,1468700,2248028,4076029,0,107144,227004,102439,248605,1258265,64797371,322167,926371,9727,85160,237007,45670,39490,186216,50791,924820,1551,277390,647430,1551,0,18,9709,8,10,9709,0,20006563,44790808,4977482,15029081,16572799,28218009,n4875,false,0.8970431657419473,0.14567885316885787,0,9833,false,501,4,0.4182339381417065,0.09603514802427404,null
14851574,66055636,603926,13562456,685192,310195,293731,10139459,0,334148,351044,98268,211927,1468700,2248028,4076029,0,107144,227004,102439,248605,1258265,64797371,322167,926371,9727,85160,237007,45670,39490,186216,50791,924820,1551,277390,647430,1551,0,18,9709,8,10,9709,0,20006563,44790808,4977482,15029081,16572799,28218009,n4879,true,0.9877208583945633,0.5824818567588882,12,28999,false,0,0,0.44887307664385173,0.521186815990058,null
14851574,66055636,603926,13562456,685192,310195,293731,10139459,0,334148,351044,98268,211927,1468700,2248028,4076029,0,107144,227004,102439,248605,1258265,64797371,322167,926371,9727,85160,237007,45670,39490,186216,50791,924820,1551,277390,647430,1551,0,18,9709,8,10,9709,0,20006563,44790808,4977482,15029081,16572799,28218009,n17196,false,0.9999993432280032,0.9046383745617844,0,4607,false,502,8,0.6698573135886705,0.7024163170932789,null
14851574,66055636,603926,13562456,685192,310195,293731,10139459,0,334148,351044,98268,211927,1468700,2248028,4076029,0,107144,227004,102439,248605,1258265,64797371,322167,926371,9727,85160,237007,45670,39490,186216,50791,924820,1551,277390,647430,1551,0,18,9709,8,10,9709,0,20006563,44790808,4977482,15029081,16572799,28218009,n4882,true,0.9602832394310468,0.05978434508023611,13,6334,false,500,2,0.6810467461321243,0.42849430997115584,null
14851574,66055636,603926,13562456,685192,310195,293731,10139459,0,334148,351044,98268,211927,1468700,2248028,4076029,0,107144,227004,102439,248605,1258265,64797371,322167,926371,9727,85160,237007,45670,39490,186216,50791,924820,1551,277390,647430,1551,0,18,9709,8,10,9709,0,20006563,44790808,4977482,15029081,16572799,28218009,n17197,false,0.814081926100069,0.1463918950218186,0,16578,false,502,6,0.9527166374309142,0.9235172970247381,null
14851574,66055636,603926,13562456,685192,310195,293731,10139459,0,334148,351044,98268,211927,1468700,2248028,4076029,0,107144,227004,102439,248605,1258265,64797371,322167,926371,9727,85160,237007,45670,39490,186216,50791,924820,1551,277390,647430,1551,0,18,9709,8,10,9709,0,20006563,44790808,4977482,15029081,16572799,28218009,n4881,false,0.4295561273622954,0.38280969578049845,0,578,false,504,8,0.7236461005399517,0.19968568325942315,null
14851574,66055636,603926,13562456,685192,310195,293731,10139459,0,334148,351044,98268,211927,1468700,2248028,4076029,0,107144,227004,102439,248605,1258265,64797371,322167,926371,9727,85160,237007,45670,39490,186216,50791,924820,1551,277390,647430,1551,0,18,9709,8,10,9709,0,20006563,44790808,4977482,15029081,16572799,28218009,n4868,true,0.3452358078860064,0.6286228756217095,10,28998,false,0,1,0.8283580830903482,0.2775500633421688,null
14851574,66055636,603926,13562456,685192,310195,293731,10139459,0,334148,351044,98268,211927,1468700,2248028,4076029,0,107144,227004,102439,248605,1258265,64797371,322167,926371,9727,85160,237007,45670,39490,186216,50791,924820,1551,277390,647430,1551,0,18,9709,8,10,9709,0,20006563,44790808,4977482,15029081,16572799,28218009,n4872,false,0.8815331377112612,0.3472666278239874,0,723,false,501,3,0.856816116707216,0.7597635510201448,null
14851574,66055636,603926,13562456,685192,310195,293731,10139459,0,334148,351044,98268,211927,1468700,2248028,4076029,0,107144,227004,102439,248605,1258265,64797371,322167,926371,9727,85160,237007,45670,39490,186216,50791,924820,1551,277390,647430,1551,0,18,9709,8,10,9709,0,20006563,44790808,4977482,15029081,16572799,28218009,n14028,false,0.38002280787270415,0.9763949453441836,0,13418,false,502,4,0.7747607706816889,0.702991260427384,null
14851574,66055636,603926,13562456,685192,310195,293731,10139459,0,334148,351044,98268,211927,1468700,2248028,4076029,0,107144,227004,102439,248605,1258265,64797371,322167,926371,9727,85160,237007,45670,39490,186216,50791,924820,1551,277390,647430,1551,0,18,9709,8,10,9709,0,20006563,44790808,4977482,15029081,16572799,28218009,n14021,false,0.6912688845046177,0.5452600577996157,0,17541,false,503,6,0.8395502316950201,0.49334838706598566,null
14851574,66055636,603926,13562456,685192,310195,293731,10139459,0,334148,351044,98268,211927,1468700,2248028,4076029,0,107144,227004,102439,248605,1258265,64797371,322167,926371,9727,85160,237007,45670,39490,186216,50791,924820,1551,277390,647430,1551,0,18,9709,8,10,9709,0,20006563,44790808,4977482,15029081,16572799,28218009,n14024,false,0.9601566227862174,0.5337155336266504,0,4565,false,505,11,0.7287657513690758,0.4568403961609167,null
14851574,66055636,603926,13562456,685192,310195,293731,10139459,0,334148,351044,98268,211927,1468700,2248028,4076029,0,107144,227004,102439,248605,1258265,64797371,322167,926371,9727,85160,237007,45670,39490,186216,50791,924820,1551,277390,647430,1551,0,18,9709,8,10,9709,0,20006563,44790808,4977482,15029081,16572799,28218009,n14020,false,0.9999997923345363,0.5508136257048211,0,13068,false,502,5,0.9527605517384217,0.24987718078599352,null
14851574,66055636,603926,13562456,685192,310195,293731,10139459,0,334148,351044,98268,211927,1468700,2248028,4076029,0,107144,227004,102439,248605,1258265,64797371,322167,926371,9727,85160,237007,45670,39490,186216,50791,924820,1551,277390,647430,1551,0,18,9709,8,10,9709,0,20006563,44790808,4977482,15029081,16572799,28218009,n42473,false,0.9999999291886421,0.32526618588132217,0,8515,false,505,11,0.7114085462673162,0.268534182215586,null
14851574,66055636,603926,13562456,685192,310195,293731,10139459,0,334148,351044,98268,211927,1468700,2248028,4076029,0,107144,227004,102439,248605,1258265,64797371,322167,926371,9727,85160,237007,45670,39490,186216,50791,924820,1551,277390,647430,1551,0,18,9709,8,10,9709,0,20006563,44790808,4977482,15029081,16572799,28218009,n14014,false,0.316449137122977,0.7715312158323829,0,23238,false,502,6,0.7064741506845363,0.06287568937031263,null
14851574,66055636,603926,13562456,685192,310195,293731,10139459,0,334148,351044,98268,211927,1468700,2248028,4076029,0,107144,227004,102439,248605,1258265,64797371,322167,926371,9727,85160,237007,45670,39490,186216,50791,924820,1551,277390,647430,1551,0,18,9709,8,10,9709,0,20006563,44790808,4977482,15029081,16572799,28218009,n5933,false,0.7776760910086143,0.06533021672951389,0,15344,false,503,8,0.04049556046285396,0.1211134727834432,null
14851574,66055636,603926,13562456,685192,310195,293731,10139459,0,334148,351044,98268,211927,1468700,2248028,4076029,0,107144,227004,102439,248605,1258265,64797371,322167,926371,9727,85160,237007,45670,39490,186216,50791,924820,1551,277390,647430,1551,0,18,9709,8,10,9709,0,20006563,44790808,4977482,15029081,16572799,28218009,n5930,false,0.05127788802925537,0.19846362534694084,0,2176,false,507,14,0.6337346010661242,0.4294941011636098,null
14851574,66055636,603926,13562456,685192,310195,293731,10139459,0,334148,351044,98268,211927,1468700,2248028,4076029,0,107144,227004,102439,248605,1258265,64797371,322167,926371,9727,85160,237007,45670,39490,186216,50791,924820,1551,277390,647430,1551,0,18,9709,8,10,9709,0,20006563,44790808,4977482,15029081,16572799,28218009,n18281,false,0.9736738470319923,0.41676171668774253,0,19526,false,502,6,0.6292502817199723,0.2882595937312812,null
14851574,66055636,603926,13562456,685192,310195,293731,10139459,0,334148,351044,98268,211927,1468700,2248028,4076029,0,107144,227004,102439,248605,1258265,64797371,322167,926371,9727,85160,237007,45670,39490,186216,50791,924820,1551,277390,647430,1551,0,18,9709,8,10,9709,0,20006563,44790808,4977482,15029081,16572799,28218009,n16266,false,0.9988409962269671,0.5062102072462227,0,2759,false,501,4,0.5164839246736392,0.5104439594705721,null
14851574,66055636,603926,13562456,685192,310195,293731,10139459,0,334148,351044,98268,211927,1468700,2248028,4076029,0,107144,227004,102439,248605,1258265,64797371,322167,926371,9727,85160,237007,45670,39490,186216,50791,924820,1551,277390,647430,1551,0,18,9709,8,10,9709,0,20006563,44790808,4977482,15029081,16572799,28218009,n5965,false,0.7832485778666105,0.7488862752141451,0,7545,false,539,79,0.6526683457262004,0.10647558934545465,null
14851574,66055636,603926,13562456,685192,310195,293731,10139459,0,334148,351044,98268,211927,1468700,2248028,4076029,0,107144,227004,102439,248605,1258265,64797371,322167,926371,9727,85160,237007,45670,39490,186216,50791,924820,1551,277390,647430,1551,0,18,9709,8,10,9709,0,20006563,44790808,4977482,15029081,16572799,28218009,n18276,false,0.15475413603080487,0.1732351640690748,0,1425,false,505,10,0.6508793736941182,0.27216559530956097,null
14851574,66055636,603926,13562456,685192,310195,293731,10139459,0,334148,351044,98268,211927,1468700,2248028,4076029,0,107144,227004,102439,248605,1258265,64797371,322167,926371,9727,85160,237007,45670,39490,186216,50791,924820,1551,277390,647430,1551,0,18,9709,8,10,9709,0,20006563,44790808,4977482,15029081,16572799,28218009,n17141,false,0.4166366624671319,0.8453203988273202,0,8875,false,502,6,0.5401459803491091,0.3488285694979772,null
14851574,66055636,603926,13562456,685192,310195,293731,10139459,0,334148,351044,98268,211927,1468700,2248028,4076029,0,107144,227004,102439,248605,1258265,64797371,322167,926371,9727,85160,237007,45670,39490,186216,50791,924820,1551,277390,647430,1551,0,18,9709,8,10,9709,0,20006563,44790808,4977482,15029081,16572799,28218009,n18277,true,0.41271887775589,0.42805920579848944,10,15870,false,501,3,0.2839756882440937,0.43974146865979874,null
14851574,66055636,603926,13562456,685192,310195,293731,10139459,0,334148,351044,98268,211927,1468700,2248028,4076029,0,107144,227004,102439,248605,1258265,64797371,322167,926371,9727,85160,237007,45670,39490,186216,50791,924820,1551,277390,647430,1551,0,18,9709,8,10,9709,0,20006563,44790808,4977482,15029081,16572799,28218009,n394,false,0.2571657535428883,0.7411980735274672,0,7464,false,500,1,0.47857762610841703,0.8396228753962038,null
14851574,66055636,603926,13562456,685192,310195,293731,10139459,0,334148,351044,98268,211927,1468700,2248028,4076029,0,107144,227004,102439,248605,1258265,64797371,322167,926371,9727,85160,237007,45670,39490,186216,50791,924820,1551,277390,647430,1551,0,18,9709,8,10,9709,0,20006563,44790808,4977482,15029081,16572799,28218009,n18273,false,0.7795244749721387,0.4405613304753124,0,4866,false,502,5,0.9076482050648093,0.5519798886730554,null
14851574,66055636,603926,13562456,685192,310195,293731,10139459,0,334148,351044,98268,211927,1468700,2248028,4076029,0,107144,227004,102439,248605,1258265,64797371,322167,926371,9727,85160,237007,45670,39490,186216,50791,924820,1551,277390,647430,1551,0,18,9709,8,10,9709,0,20006563,44790808,4977482,15029081,16572799,28218009,n5959,false,0.9434891629783295,0.6812468437559628,0,3052,false,502,6,0.30367306732724897,0.18460595666548651,null
14851574,66055636,603926,13562456,685192,310195,293731,10139459,0,334148,351044,98268,211927,1468700,2248028,4076029,0,107144,227004,102439,248605,1258265,64797371,322167,926371,9727,85160,237007,45670,39490,186216,50791,924820,1551,277390,647430,1551,0,18,9709,8,10,9709,0,20006563,44790808,4977482,15029081,16572799,28218009,n16253,false,0.8752125371842746,0.09880924470705654,0,1614,false,507,14,0.08047808997189432,0.1495414469169598,null
14851574,66055636,603926,13562456,685192,310195,293731,10139459,0,334148,351044,98268,211927,1468700,2248028,4076029,0,107144,227004,102439,248605,1258265,64797371,322167,926371,9727,85160,237007,45670,39490,186216,50791,924820,1551,277390,647430,1551,0,18,9709,8,10,9709,0,20006563,44790808,4977482,15029081,16572799,28218009,n5952,false,0.6945625752043952,0.5426054462937748,0,1453,false,506,13,0.7315940820095271,0.702453799008205,null
14851574,66055636,603926,13562456,685192,310195,293731,10139459,0,334148,351044,98268,211927,1468700,2248028,4076029,0,107144,227004,102439,248605,1258265,64797371,322167,926371,9727,85160,237007,45670,39490,186216,50791,924820,1551,277390,647430,1551,0,18,9709,8,10,9709,0,20006563,44790808,4977482,15029081,16572799,28218009,n397,false,0.8348198448136627,0.2107668286857216,0,20509,false,501,4,0.3255992730072409,0.5649542507564419,null
14851574,66055636,603926,13562456,685192,310195,293731,10139459,0,334148,351044,98268,211927,1468700,2248028,4076029,0,107144,227004,102439,248605,1258265,64797371,322167,926371,9727,85160,237007,45670,39490,186216,50791,924820,1551,277390,647430,1551,0,18,9709,8,10,9709,0,20006563,44790808,4977482,15029081,16572799,28218009,n398,false,0.6006607987092037,0.4361484807532353,0,11562,false,503,6,0.17862816476942156,0.8022761583732941,null
14851574,66055636,603926,13562456,685192,310195,293731,10139459,0,334148,351044,98268,211927,1468700,2248028,4076029,0,107144,227004,102439,248605,1258265,64797371,322167,926371,9727,85160,237007,45670,39490,186216,50791,924820,1551,277390,647430,1551,0,18,9709,8,10,9709,0,20006563,44790808,4977482,15029081,16572799,28218009,n5955,true,0.5566972189511352,0.2597221394164881,13,14529,false,501,4,0.8614164987471895,0.11907039657196572,null
14851574,66055636,603926,13562456,685192,310195,293731,10139459,0,334148,351044,98268,211927,1468700,2248028,4076029,0,107144,227004,102439,248605,1258265,64797371,322167,926371,9727,85160,237007,45670,39490,186216,50791,924820,1551,277390,647430,1551,0,18,9709,8,10,9709,0,20006563,44790808,4977482,15029081,16572799,28218009,n14069,false,0.9999959779981707,0.007773167224718769,0,26475,false,501,2,0.6358174447209074,0.6055692586831085,null
14851574,66055636,603926,13562456,685192,310195,293731,10139459,0,334148,351044,98268,211927,1468700,2248028,4076029,0,107144,227004,102439,248605,1258265,64797371,322167,926371,9727,85160,237007,45670,39490,186216,50791,924820,1551,277390,647430,1551,0,18,9709,8,10,9709,0,20006563,44790808,4977482,15029081,16572799,28218009,n20607,false,0.9736721089689176,0.8825977838003787,0,24977,false,503,7,0.9589473656615617,0.5947657116612302,null
14851574,66055636,603926,13562456,685192,310195,293731,10139459,0,334148,351044,98268,211927,1468700,2248028,4076029,0,107144,227004,102439,248605,1258265,64797371,322167,926371,9727,85160,237007,45670,39490,186216,50791,924820,1551,277390,647430,1551,0,18,9709,8,10,9709,0,20006563,44790808,4977482,15029081,16572799,28218009,n30130,false,0.9999997223063674,0.7186244523699041,0,28999,false,0,0,0.8334819636086156,0.9121944202861151,null
14851574,66055636,603926,13562456,685192,310195,293731,10139459,0,334148,351044,98268,211927,1468700,2248028,4076029,0,107144,227004,102439,248605,1258265,64797371,322167,926371,9727,85160,237007,45670,39490,186216,50791,924820,1551,277390,647430,1551,0,18,9709,8,10,9709,0,20006563,44790808,4977482,15029081,16572799,28218009,n5992,false,0.8660794925001536,0.904018375123846,0,13612,false,501,4,0.6095316270367765,0.712714447103742,null
14851574,66055636,603926,13562456,685192,310195,293731,10139459,0,334148,351044,98268,211927,1468700,2248028,4076029,0,107144,227004,102439,248605,1258265,64797371,322167,926371,9727,85160,237007,45670,39490,186216,50791,924820,1551,277390,647430,1551,0,18,9709,8,10,9709,0,20006563,44790808,4977482,15029081,16572799,28218009,n381,false,0.33200033285115466,0.14802856399947295,0,2816,false,505,12,0.7823194204129599,0.37326664421410893,null
14851574,66055636,603926,13562456,685192,310195,293731,10139459,0,334148,351044,98268,211927,1468700,2248028,4076029,0,107144,227004,102439,248605,1258265,64797371,322167,926371,9727,85160,237007,45670,39490,186216,50791,924820,1551,277390,647430,1551,0,18,9709,8,10,9709,0,20006563,44790808,4977482,15029081,16572799,28218009,n389,false,0.9309077036291037,0.6791942280734685,0,11075,false,502,5,0.6332828438118525,0.28622555857379084,null
14851574,66055636,603926,13562456,685192,310195,293731,10139459,0,334148,351044,98268,211927,1468700,2248028,4076029,0,107144,227004,102439,248605,1258265,64797371,322167,926371,9727,85160,237007,45670,39490,186216,50791,924820,1551,277390,647430,1551,0,18,9709,8,10,9709,0,20006563,44790808,4977482,15029081,16572799,28218009,n5984,true,0.09727963909497683,0.2563698890300618,11,28999,false,0,0,0.9985253496980893,0.8844258051518127,null
14851574,66055636,603926,13562456,685192,310195,293731,10139459,0,334148,351044,98268,211927,1468700,2248028,4076029,0,107144,227004,102439,248605,1258265,64797371,322167,926371,9727,85160,237007,45670,39490,186216,50791,924820,1551,277390,647430,1551,0,18,9709,8,10,9709,0,20006563,44790808,4977482,15029081,16572799,28218009,n379,false,0.5378703288715694,0.5019863723931296,0,9168,false,501,4,0.6438326453179903,0.7197629146859978,null
14851574,66055636,603926,13562456,685192,310195,293731,10139459,0,334148,351044,98268,211927,1468700,2248028,4076029,0,107144,227004,102439,248605,1258265,64797371,322167,926371,9727,85160,237007,45670,39490,186216,50791,924820,1551,277390,647430,1551,0,18,9709,8,10,9709,0,20006563,44790808,4977482,15029081,16572799,28218009,n5978,false,0.702966135951509,0.9789998919181415,0,3615,false,501,4,0.6205444238689182,0.8540824639568312,null
14851574,66055636,603926,13562456,685192,310195,293731,10139459,0,334148,351044,98268,211927,1468700,2248028,4076029,0,107144,227004,102439,248605,1258265,64797371,322167,926371,9727,85160,237007,45670,39490,186216,50791,924820,1551,277390,647430,1551,0,18,9709,8,10,9709,0,20006563,44790808,4977482,15029081,16572799,28218009,n5973,false,0.05008809051567074,0.7149603989838074,0,2183,false,506,14,0.4933211559105913,0.4054756896324632,null
14851574,66055636,603926,13562456,685192,310195,293731,10139459,0,334148,351044,98268,211927,1468700,2248028,4076029,0,107144,227004,102439,248605,1258265,64797371,322167,926371,9727,85160,237007,45670,39490,186216,50791,924820,1551,277390,647430,1551,0,18,9709,8,10,9709,0,20006563,44790808,4977482,15029081,16572799,28218009,n374,true,0.36901241291534037,0.14742246015398053,12,28999,false,0,0,0.9122641525296937,0.5647219206135621,null
14851574,66055636,603926,13562456,685192,310195,293731,10139459,0,334148,351044,98268,211927,1468700,2248028,4076029,0,107144,227004,102439,248605,1258265,64797371,322167,926371,9727,85160,237007,45670,39490,186216,50791,924820,1551,277390,647430,1551,0,18,9709,8,10,9709,0,20006563,44790808,4977482,15029081,16572799,28218009,n377,false,0.40217943771488224,0.2874859424442346,0,13398,false,504,8,0.4430464239109558,0.1488854941030212,null
14851574,66055636,603926,13562456,685192,310195,293731,10139459,0,334148,351044,98268,211927,1468700,2248028,4076029,0,107144,227004,102439,248605,1258265,64797371,322167,926371,9727,85160,237007,45670,39490,186216,50791,924820,1551,277390,647430,1551,0,18,9709,8,10,9709,0,20006563,44790808,4977482,15029081,16572799,28218009,n376,true,0.18002545583048804,0.8304485728827998,7,18252,false,99,3,0.5965508353324258,0.9549072791815052,null
14851574,66055636,603926,13562456,685192,310195,293731,10139459,0,334148,351044,98268,211927,1468700,2248028,4076029,0,107144,227004,102439,248605,1258265,64797371,322167,926371,9727,85160,237007,45670,39490,186216,50791,924820,1551,277390,647430,1551,0,18,9709,8,10,9709,0,20006563,44790808,4977482,15029081,16572799,28218009,n14057,false,0.7157309252708665,0.5308615123732315,0,16488,false,502,4,0.9999434247267445,0.4745613337577993,null
14851574,66055636,603926,13562456,685192,310195,293731,10139459,0,334148,351044,98268,211927,1468700,2248028,4076029,0,107144,227004,102439,248605,1258265,64797371,322167,926371,9727,85160,237007,45670,39490,186216,50791,924820,1551,277390,647430,1551,0,18,9709,8,10,9709,0,20006563,44790808,4977482,15029081,16572799,28218009,n14051,false,0.9203493553308522,0.6290677343473614,0,6292,false,503,8,0.6650000606767017,0.9464043433958053,null
14851574,66055636,603926,13562456,685192,310195,293731,10139459,0,334148,351044,98268,211927,1468700,2248028,4076029,0,107144,227004,102439,248605,1258265,64797371,322167,926371,9727,85160,237007,45670,39490,186216,50791,924820,1551,277390,647430,1551,0,18,9709,8,10,9709,0,20006563,44790808,4977482,15029081,16572799,28218009,n10700,true,0.6974049689823965,0.6267165150506622,11,10065,false,501,3,0.8270040426567361,0.8788568521187385,null
14851574,66055636,603926,13562456,685192,310195,293731,10139459,0,334148,351044,98268,211927,1468700,2248028,4076029,0,107144,227004,102439,248605,1258265,64797371,322167,926371,9727,85160,237007,45670,39490,186216,50791,924820,1551,277390,647430,1551,0,18,9709,8,10,9709,0,20006563,44790808,4977482,15029081,16572799,28218009,n14048,false,0.9999952410758985,0.31793057450769935,0,10636,false,502,5,0.7033619153020014,0.33479866025684346,null
14851574,66055636,603926,13562456,685192,310195,293731,10139459,0,334148,351044,98268,211927,1468700,2248028,4076029,0,107144,227004,102439,248605,1258265,64797371,322167,926371,9727,85160,237007,45670,39490,186216,50791,924820,1551,277390,647430,1551,0,18,9709,8,10,9709,0,20006563,44790808,4977482,15029081,16572799,28218009,n34390,true,0.6412456442380856,0.4930482630135766,10,28999,false,0,0,0.8591577102065067,0.9770490076239766,null
14851574,66055636,603926,13562456,685192,310195,293731,10139459,0,334148,351044,98268,211927,1468700,2248028,4076029,0,107144,227004,102439,248605,1258265,64797371,322167,926371,9727,85160,237007,45670,39490,186216,50791,924820,1551,277390,647430,1551,0,18,9709,8,10,9709,0,20006563,44790808,4977482,15029081,16572799,28218009,n368,true,0.42773544095892785,0.04409883927446856,10,1441,false,503,7,0.9883796113787147,0.5216644987793357,null
14851574,66055636,603926,13562456,685192,310195,293731,10139459,0,334148,351044,98268,211927,1468700,2248028,4076029,0,107144,227004,102439,248605,1258265,64797371,322167,926371,9727,85160,237007,45670,39490,186216,50791,924820,1551,277390,647430,1551,0,18,9709,8,10,9709,0,20006563,44790808,4977482,15029081,16572799,28218009,n14039,false,0.22806802337359675,0.05101160763732304,0,90,false,504,9,0.7818577867624117,0.254116408974407,null
14851574,66055636,603926,13562456,685192,310195,293731,10139459,0,334148,351044,98268,211927,1468700,2248028,4076029,0,107144,227004,102439,248605,1258265,64797371,322167,926371,9727,85160,237007,45670,39490,186216,50791,924820,1551,277390,647430,1551,0,18,9709,8,10,9709,0,20006563,44790808,4977482,15029081,16572799,28218009,n356,false,0.4183571747153589,0.1335870250852742,0,8448,false,502,6,0.5756564423138972,0.4772889375464025,null
14851574,66055636,603926,13562456,685192,310195,293731,10139459,0,334148,351044,98268,211927,1468700,2248028,4076029,0,107144,227004,102439,248605,1258265,64797371,322167,926371,9727,85160,237007,45670,39490,186216,50791,924820,1551,277390,647430,1551,0,18,9709,8,10,9709,0,20006563,44790808,4977482,15029081,16572799,28218009,n12993,false,0.31946936706199897,0.33763334860769656,0,9383,false,504,9,0.479261869721859,0.7371373590358746,null
14851574,66055636,603926,13562456,685192,310195,293731,10139459,0,334148,351044,98268,211927,1468700,2248028,4076029,0,107144,227004,102439,248605,1258265,64797371,322167,926371,9727,85160,237007,45670,39490,186216,50791,924820,1551,277390,647430,1551,0,18,9709,8,10,9709,0,20006563,44790808,4977482,15029081,16572799,28218009,n202,false,0.9838346186337263,0.4198117134938514,0,7828,false,503,7,0.42006270874157814,0.30903450872506066,null
14851574,66055636,603926,13562456,685192,310195,293731,10139459,0,334148,351044,98268,211927,1468700,2248028,4076029,0,107144,227004,102439,248605,1258265,64797371,322167,926371,9727,85160,237007,45670,39490,186216,50791,924820,1551,277390,647430,1551,0,18,9709,8,10,9709,0,20006563,44790808,4977482,15029081,16572799,28218009,n205,true,0.7281879937231641,0.5489272092205341,10,28999,false,0,0,0.48801610010974245,0.130755347673698,null
14851574,66055636,603926,13562456,685192,310195,293731,10139459,0,334148,351044,98268,211927,1468700,2248028,4076029,0,107144,227004,102439,248605,1258265,64797371,322167,926371,9727,85160,237007,45670,39490,186216,50791,924820,1551,277390,647430,1551,0,18,9709,8,10,9709,0,20006563,44790808,4977482,15029081,16572799,28218009,n201,false,0.999996438086217,0.043871820924196836,0,1840,false,501,3,0.8715786737703395,0.1723443592440913,null
14851574,66055636,603926,13562456,685192,310195,293731,10139459,0,334148,351044,98268,211927,1468700,2248028,4076029,0,107144,227004,102439,248605,1258265,64797371,322167,926371,9727,85160,237007,45670,39490,186216,50791,924820,1551,277390,647430,1551,0,18,9709,8,10,9709,0,20006563,44790808,4977482,15029081,16572799,28218009,n206,true,0.23143448065484712,0.9330545182008887,11,13567,false,501,3,0.6270319511337763,0.9082854977139591,null
14851574,66055636,603926,13562456,685192,310195,293731,10139459,0,334148,351044,98268,211927,1468700,2248028,4076029,0,107144,227004,102439,248605,1258265,64797371,322167,926371,9727,85160,237007,45670,39490,186216,50791,924820,1551,277390,647430,1551,0,18,9709,8,10,9709,0,20006563,44790808,4977482,15029081,16572799,28218009,n207,false,0.9999977927203054,0.10980023221978241,0,9921,false,505,11,0.49767739237385483,0.30596051547988046,null
14851574,66055636,603926,13562456,685192,310195,293731,10139459,0,334148,351044,98268,211927,1468700,2248028,4076029,0,107144,227004,102439,248605,1258265,64797371,322167,926371,9727,85160,237007,45670,39490,186216,50791,924820,1551,277390,647430,1551,0,18,9709,8,10,9709,0,20006563,44790808,4977482,15029081,16572799,28218009,n10628,true,0.07353844204062662,0.9870039842622456,10,5260,false,500,3,0.7070746579479356,0.30608583380086923,null
14851574,66055636,603926,13562456,685192,310195,293731,10139459,0,334148,351044,98268,211927,1468700,2248028,4076029,0,107144,227004,102439,248605,1258265,64797371,322167,926371,9727,85160,237007,45670,39490,186216,50791,924820,1551,277390,647430,1551,0,18,9709,8,10,9709,0,20006563,44790808,4977482,15029081,16572799,28218009,n10622,false,0.5013879981575536,0.34168171261035896,0,2137,false,506,14,0.8245717086644719,0.5784044602558776,null
14851574,66055636,603926,13562456,685192,310195,293731,10139459,0,334148,351044,98268,211927,1468700,2248028,4076029,0,107144,227004,102439,248605,1258265,64797371,322167,926371,9727,85160,237007,45670,39490,186216,50791,924820,1551,277390,647430,1551,0,18,9709,8,10,9709,0,20006563,44790808,4977482,15029081,16572799,28218009,n19210,false,0.43975604708269256,0.1726993558978549,0,2038,false,503,8,0.2524887101476795,0.5730266933283179,null
14851574,66055636,603926,13562456,685192,310195,293731,10139459,0,334148,351044,98268,211927,1468700,2248028,4076029,0,107144,227004,102439,248605,1258265,64797371,322167,926371,9727,85160,237007,45670,39490,186216,50791,924820,1551,277390,647430,1551,0,18,9709,8,10,9709,0,20006563,44790808,4977482,15029081,16572799,28218009,n215,false,0.506678401179382,0.1505406702954316,0,1848,false,503,8,0.22642187223824084,0.7831472725443442,null
14851574,66055636,603926,13562456,685192,310195,293731,10139459,0,334148,351044,98268,211927,1468700,2248028,4076029,0,107144,227004,102439,248605,1258265,64797371,322167,926371,9727,85160,237007,45670,39490,186216,50791,924820,1551,277390,647430,1551,0,18,9709,8,10,9709,0,20006563,44790808,4977482,15029081,16572799,28218009,n216,false,0.7640626711647643,0.17754196803809008,0,28999,false,500,0,0.7264952967511065,0.042524610920259276,null
14851574,66055636,603926,13562456,685192,310195,293731,10139459,0,334148,351044,98268,211927,1468700,2248028,4076029,0,107144,227004,102439,248605,1258265,64797371,322167,926371,9727,85160,237007,45670,39490,186216,50791,924820,1551,277390,647430,1551,0,18,9709,8,10,9709,0,20006563,44790808,4977482,15029081,16572799,28218009,n213,false,0.3801254118408516,0.914131724531354,0,10725,false,502,6,0.8411376332376649,0.5138534898111778,null
14851574,66055636,603926,13562456,685192,310195,293731,10139459,0,334148,351044,98268,211927,1468700,2248028,4076029,0,107144,227004,102439,248605,1258265,64797371,322167,926371,9727,85160,237007,45670,39490,186216,50791,924820,1551,277390,647430,1551,0,18,9709,8,10,9709,0,20006563,44790808,4977482,15029081,16572799,28218009,n217,false,0.5668984220720165,0.6254656404705993,0,10918,false,502,5,0.7439715367351313,0.8671642855773479,null
14851574,66055636,603926,13562456,685192,310195,293731,10139459,0,334148,351044,98268,211927,1468700,2248028,4076029,0,107144,227004,102439,248605,1258265,64797371,322167,926371,9727,85160,237007,45670,39490,186216,50791,924820,1551,277390,647430,1551,0,18,9709,8,10,9709,0,20006563,44790808,4977482,15029081,16572799,28218009,n12977,false,0.5302644852698876,0.8312707657619818,0,788,false,504,9,0.5276181698678286,0.2159426646828918,null
14851574,66055636,603926,13562456,685192,310195,293731,10139459,0,334148,351044,98268,211927,1468700,2248028,4076029,0,107144,227004,102439,248605,1258265,64797371,322167,926371,9727,85160,237007,45670,39490,186216,50791,924820,1551,277390,647430,1551,0,18,9709,8,10,9709,0,20006563,44790808,4977482,15029081,16572799,28218009,n220,false,0.959658105420509,0.6171134333725998,0,981,false,503,8,0.6266232302046264,0.3997665898647557,null
14851574,66055636,603926,13562456,685192,310195,293731,10139459,0,334148,351044,98268,211927,1468700,2248028,4076029,0,107144,227004,102439,248605,1258265,64797371,322167,926371,9727,85160,237007,45670,39490,186216,50791,924820,1551,277390,647430,1551,0,18,9709,8,10,9709,0,20006563,44790808,4977482,15029081,16572799,28218009,n221,false,0.8277745969855276,0.22030958683197827,0,828,false,502,5,0.5888864360264524,0.7000814857419871,null
14851574,66055636,603926,13562456,685192,310195,293731,10139459,0,334148,351044,98268,211927,1468700,2248028,4076029,0,107144,227004,102439,248605,1258265,64797371,322167,926371,9727,85160,237007,45670,39490,186216,50791,924820,1551,277390,647430,1551,0,18,9709,8,10,9709,0,20006563,44790808,4977482,15029081,16572799,28218009,n222,false,0.4038968362421036,0.8422562185330051,0,463,false,502,8,0.5923994065432625,0.8166376925232774,null
14851574,66055636,603926,13562456,685192,310195,293731,10139459,0,334148,351044,98268,211927,1468700,2248028,4076029,0,107144,227004,102439,248605,1258265,64797371,322167,926371,9727,85160,237007,45670,39490,186216,50791,924820,1551,277390,647430,1551,0,18,9709,8,10,9709,0,20006563,44790808,4977482,15029081,16572799,28218009,n225,false,0.14237336603667936,0.9623853195376866,0,3737,false,501,2,0.971095143180062,0.4401087784259451,null
14851574,66055636,603926,13562456,685192,310195,293731,10139459,0,334148,351044,98268,211927,1468700,2248028,4076029,0,107144,227004,102439,248605,1258265,64797371,322167,926371,9727,85160,237007,45670,39490,186216,50791,924820,1551,277390,647430,1551,0,18,9709,8,10,9709,0,20006563,44790808,4977482,15029081,16572799,28218009,n5914,false,0.8658058289057425,0.1236458809881984,0,12702,false,500,2,0.8927946794924454,0.44874445546538944,null
14851574,66055636,603926,13562456,685192,310195,293731,10139459,0,334148,351044,98268,211927,1468700,2248028,4076029,0,107144,227004,102439,248605,1258265,64797371,322167,926371,9727,85160,237007,45670,39490,186216,50791,924820,1551,277390,647430,1551,0,18,9709,8,10,9709,0,20006563,44790808,4977482,15029081,16572799,28218009,n5910,false,0.9999981565390396,0.19272071509279687,0,476,false,503,7,0.7842146029629575,0.3437530281016171,null
14851574,66055636,603926,13562456,685192,310195,293731,10139459,0,334148,351044,98268,211927,1468700,2248028,4076029,0,107144,227004,102439,248605,1258265,64797371,322167,926371,9727,85160,237007,45670,39490,186216,50791,924820,1551,277390,647430,1551,0,18,9709,8,10,9709,0,20006563,44790808,4977482,15029081,16572799,28218009,n10651,true,0.2830557718156078,0.8788962760449066,11,3895,false,501,5,0.5859117512927066,0.62796439073022,null
14851574,66055636,603926,13562456,685192,310195,293731,10139459,0,334148,351044,98268,211927,1468700,2248028,4076029,0,107144,227004,102439,248605,1258265,64797371,322167,926371,9727,85160,237007,45670,39490,186216,50791,924820,1551,277390,647430,1551,0,18,9709,8,10,9709,0,20006563,44790808,4977482,15029081,16572799,28218009,n10656,false,0.5883553866342063,0.029559862890749855,0,1511,false,501,2,0.8043117568956986,0.09022779414863735,null
14851574,66055636,603926,13562456,685192,310195,293731,10139459,0,334148,351044,98268,211927,1468700,2248028,4076029,0,107144,227004,102439,248605,1258265,64797371,322167,926371,9727,85160,237007,45670,39490,186216,50791,924820,1551,277390,647430,1551,0,18,9709,8,10,9709,0,20006563,44790808,4977482,15029081,16572799,28218009,n5922,true,0.5781973250312721,0.5250257061372563,5,3350,false,500,2,0.7270079753924822,0.721986907117887,null
14851574,66055636,603926,13562456,685192,310195,293731,10139459,0,334148,351044,98268,211927,1468700,2248028,4076029,0,107144,227004,102439,248605,1258265,64797371,322167,926371,9727,85160,237007,45670,39490,186216,50791,924820,1551,277390,647430,1551,0,18,9709,8,10,9709,0,20006563,44790808,4977482,15029081,16572799,28218009,n5921,false,0.07369621181219617,0.31190988899842165,0,14797,false,501,4,0.5699370078807314,0.8766207012021637,null
14851574,66055636,603926,13562456,685192,310195,293731,10139459,0,334148,351044,98268,211927,1468700,2248028,4076029,0,107144,227004,102439,248605,1258265,64797371,322167,926371,9727,85160,237007,45670,39490,186216,50791,924820,1551,277390,647430,1551,0,18,9709,8,10,9709,0,20006563,44790808,4977482,15029081,16572799,28218009,n27845,true,0.6563847923697468,0.21936216373584505,12,1775,false,502,9,0.6251322353812686,0.7756731800901023,null
14851574,66055636,603926,13562456,685192,310195,293731,10139459,0,334148,351044,98268,211927,1468700,2248028,4076029,0,107144,227004,102439,248605,1258265,64797371,322167,926371,9727,85160,237007,45670,39490,186216,50791,924820,1551,277390,647430,1551,0,18,9709,8,10,9709,0,20006563,44790808,4977482,15029081,16572799,28218009,n16107,false,0.34933295384853547,0.813168568952186,0,28998,false,500,1,0.3810913312624432,0.9551954428285363,null
14851574,66055636,603926,13562456,685192,310195,293731,10139459,0,334148,351044,98268,211927,1468700,2248028,4076029,0,107144,227004,102439,248605,1258265,64797371,322167,926371,9727,85160,237007,45670,39490,186216,50791,924820,1551,277390,647430,1551,0,18,9709,8,10,9709,0,20006563,44790808,4977482,15029081,16572799,28218009,n10667,true,0.8086879999027206,0.8658194249785849,9,28999,false,0,0,0.9421493309232547,0.7868819121019265,null
14851574,66055636,603926,13562456,685192,310195,293731,10139459,0,334148,351044,98268,211927,1468700,2248028,4076029,0,107144,227004,102439,248605,1258265,64797371,322167,926371,9727,85160,237007,45670,39490,186216,50791,924820,1551,277390,647430,1551,0,18,9709,8,10,9709,0,20006563,44790808,4977482,15029081,16572799,28218009,n6989,false,0.15486277228849196,0.39268789112049174,0,62,false,503,7,0.8225139969114407,0.5191774894126293,null
14851574,66055636,603926,13562456,685192,310195,293731,10139459,0,334148,351044,98268,211927,1468700,2248028,4076029,0,107144,227004,102439,248605,1258265,64797371,322167,926371,9727,85160,237007,45670,39490,186216,50791,924820,1551,277390,647430,1551,0,18,9709,8,10,9709,0,20006563,44790808,4977482,15029081,16572799,28218009,n6994,false,0.42833170877248417,0.21103033407986066,0,3157,false,504,9,0.3893758132516988,0.4553920674672554,null
14851574,66055636,603926,13562456,685192,310195,293731,10139459,0,334148,351044,98268,211927,1468700,2248028,4076029,0,107144,227004,102439,248605,1258265,64797371,322167,926371,9727,85160,237007,45670,39490,186216,50791,924820,1551,277390,647430,1551,0,18,9709,8,10,9709,0,20006563,44790808,4977482,15029081,16572799,28218009,n10637,false,0.4718569368675087,0.6538312608985277,0,4155,false,503,7,0.5358257315267965,0.5115044118026084,null
14851574,66055636,603926,13562456,685192,310195,293731,10139459,0,334148,351044,98268,211927,1468700,2248028,4076029,0,107144,227004,102439,248605,1258265,64797371,322167,926371,9727,85160,237007,45670,39490,186216,50791,924820,1551,277390,647430,1551,0,18,9709,8,10,9709,0,20006563,44790808,4977482,15029081,16572799,28218009,n27835,false,0.869892651964634,0.8881078943944422,0,7017,false,502,5,0.8881248633783425,0.6942843195588122,null
14851574,66055636,603926,13562456,685192,310195,293731,10139459,0,334148,351044,98268,211927,1468700,2248028,4076029,0,107144,227004,102439,248605,1258265,64797371,322167,926371,9727,85160,237007,45670,39490,186216,50791,924820,1551,277390,647430,1551,0,18,9709,8,10,9709,0,20006563,44790808,4977482,15029081,16572799,28218009,n5906,false,0.999999306364396,0.7111331029382559,0,20714,false,502,7,0.8246901747115051,0.7788696411026584,null
14851574,66055636,603926,13562456,685192,310195,293731,10139459,0,334148,351044,98268,211927,1468700,2248028,4076029,0,107144,227004,102439,248605,1258265,64797371,322167,926371,9727,85160,237007,45670,39490,186216,50791,924820,1551,277390,647430,1551,0,18,9709,8,10,9709,0,20006563,44790808,4977482,15029081,16572799,28218009,n40842,false,0.15689015972722503,0.8812766556250538,0,28998,false,500,1,0.9648396699246784,0.4843234601611588,null
14851574,66055636,603926,13562456,685192,310195,293731,10139459,0,334148,351044,98268,211927,1468700,2248028,4076029,0,107144,227004,102439,248605,1258265,64797371,322167,926371,9727,85160,237007,45670,39490,186216,50791,924820,1551,277390,647430,1551,0,18,9709,8,10,9709,0,20006563,44790808,4977482,15029081,16572799,28218009,n5900,false,0.11057186249913188,0.936542977838331,0,17896,false,502,5,0.39524350246015505,0.12187748294008738,null
14851574,66055636,603926,13562456,685192,310195,293731,10139459,0,334148,351044,98268,211927,1468700,2248028,4076029,0,107144,227004,102439,248605,1258265,64797371,322167,926371,9727,85160,237007,45670,39490,186216,50791,924820,1551,277390,647430,1551,0,18,9709,8,10,9709,0,20006563,44790808,4977482,15029081,16572799,28218009,n5901,false,0.8781551231058274,0.5967541178986123,0,83,false,501,4,0.6155846423380543,0.10839588542622036,null
14851574,66055636,603926,13562456,685192,310195,293731,10139459,0,334148,351044,98268,211927,1468700,2248028,4076029,0,107144,227004,102439,248605,1258265,64797371,322167,926371,9727,85160,237007,45670,39490,186216,50791,924820,1551,277390,647430,1551,0,18,9709,8,10,9709,0,20006563,44790808,4977482,15029081,16572799,28218009,n5902,false,0.1181287221365717,0.7056599057443973,0,3292,false,500,2,0.6213282275453609,0.29999311212350677,null
14851574,66055636,603926,13562456,685192,310195,293731,10139459,0,334148,351044,98268,211927,1468700,2248028,4076029,0,107144,227004,102439,248605,1258265,64797371,322167,926371,9727,85160,237007,45670,39490,186216,50791,924820,1551,277390,647430,1551,0,18,9709,8,10,9709,0,20006563,44790808,4977482,15029081,16572799,28218009,n10640,false,0.4693521457772625,0.8635391966106545,0,1561,false,502,6,0.7322676543117107,0.6136054410084023,null
14851574,66055636,603926,13562456,685192,310195,293731,10139459,0,334148,351044,98268,211927,1468700,2248028,4076029,0,107144,227004,102439,248605,1258265,64797371,322167,926371,9727,85160,237007,45670,39490,186216,50791,924820,1551,277390,647430,1551,0,18,9709,8,10,9709,0,20006563,44790808,4977482,15029081,16572799,28218009,n10698,false,0.3101458437253432,0.57020964001532,0,836,false,504,9,0.8295194044868381,0.08865945405847186,null
14851574,66055636,603926,13562456,685192,310195,293731,10139459,0,334148,351044,98268,211927,1468700,2248028,4076029,0,107144,227004,102439,248605,1258265,64797371,322167,926371,9727,85160,237007,45670,39490,186216,50791,924820,1551,277390,647430,1551,0,18,9709,8,10,9709,0,20006563,44790808,4977482,15029081,16572799,28218009,n10696,false,0.6963469599033972,0.9227896349104431,0,7750,false,502,4,0.2937547780202824,0.755332696486198,null
14851574,66055636,603926,13562456,685192,310195,293731,10139459,0,334148,351044,98268,211927,1468700,2248028,4076029,0,107144,227004,102439,248605,1258265,64797371,322167,926371,9727,85160,237007,45670,39490,186216,50791,924820,1551,277390,647430,1551,0,18,9709,8,10,9709,0,20006563,44790808,4977482,15029081,16572799,28218009,n10695,false,0.5318476514173027,0.5395911212702722,0,28998,false,500,1,0.25721129008160193,0.5969541562545673,null
14851574,66055636,603926,13562456,685192,310195,293731,10139459,0,334148,351044,98268,211927,1468700,2248028,4076029,0,107144,227004,102439,248605,1258265,64797371,322167,926371,9727,85160,237007,45670,39490,186216,50791,924820,1551,277390,647430,1551,0,18,9709,8,10,9709,0,20006563,44790808,4977482,15029081,16572799,28218009,n19288,true,0.9728776927629512,0.4715891948564475,12,28966,false,33,1,0.3134531049541346,0.03753345362740923,null
14851574,66055636,603926,13562456,685192,310195,293731,10139459,0,334148,351044,98268,211927,1468700,2248028,4076029,0,107144,227004,102439,248605,1258265,64797371,322167,926371,9727,85160,237007,45670,39490,186216,50791,924820,1551,277390,647430,1551,0,18,9709,8,10,9709,0,20006563,44790808,4977482,15029081,16572799,28218009,n24320,false,0.8012360435944214,0.24604480850187826,0,11980,false,502,4,0.9446275771569459,0.28577171531701595,null
14851574,66055636,603926,13562456,685192,310195,293731,10139459,0,334148,351044,98268,211927,1468700,2248028,4076029,0,107144,227004,102439,248605,1258265,64797371,322167,926371,9727,85160,237007,45670,39490,186216,50791,924820,1551,277390,647430,1551,0,18,9709,8,10,9709,0,20006563,44790808,4977482,15029081,16572799,28218009,n4821,false,0.8702618059183179,0.7933726047406225,0,261,false,503,8,0.1806985776919836,0.5718495033024653,null
14851574,66055636,603926,13562456,685192,310195,293731,10139459,0,334148,351044,98268,211927,1468700,2248028,4076029,0,107144,227004,102439,248605,1258265,64797371,322167,926371,9727,85160,237007,45670,39490,186216,50791,924820,1551,277390,647430,1551,0,18,9709,8,10,9709,0,20006563,44790808,4977482,15029081,16572799,28218009,n1521,true,0.49139158735762745,0.9154797436777949,12,4070,false,501,3,0.8870414443477095,0.9522643182169858,null
14851574,66055636,603926,13562456,685192,310195,293731,10139459,0,334148,351044,98268,211927,1468700,2248028,4076029,0,107144,227004,102439,248605,1258265,64797371,322167,926371,9727,85160,237007,45670,39490,186216,50791,924820,1551,277390,647430,1551,0,18,9709,8,10,9709,0,20006563,44790808,4977482,15029081,16572799,28218009,n1527,false,0.721963008894232,0.5915512697663501,0,2646,false,503,6,0.8665833142716401,0.24256100503739264,null
14851574,66055636,603926,13562456,685192,310195,293731,10139459,0,334148,351044,98268,211927,1468700,2248028,4076029,0,107144,227004,102439,248605,1258265,64797371,322167,926371,9727,85160,237007,45670,39490,186216,50791,924820,1551,277390,647430,1551,0,18,9709,8,10,9709,0,20006563,44790808,4977482,15029081,16572799,28218009,n4826,false,0.43864363445881105,0.44886508502472866,0,3057,false,503,7,0.9698322352503808,0.9354626112773419,null
14851574,66055636,603926,13562456,685192,310195,293731,10139459,0,334148,351044,98268,211927,1468700,2248028,4076029,0,107144,227004,102439,248605,1258265,64797371,322167,926371,9727,85160,237007,45670,39490,186216,50791,924820,1551,277390,647430,1551,0,18,9709,8,10,9709,0,20006563,44790808,4977482,15029081,16572799,28218009,n1528,false,0.5795020347135644,0.20273400077002407,0,817,false,506,13,0.11160975572672616,0.7676812931633713,null
14851574,66055636,603926,13562456,685192,310195,293731,10139459,0,334148,351044,98268,211927,1468700,2248028,4076029,0,107144,227004,102439,248605,1258265,64797371,322167,926371,9727,85160,237007,45670,39490,186216,50791,924820,1551,277390,647430,1551,0,18,9709,8,10,9709,0,20006563,44790808,4977482,15029081,16572799,28218009,n4834,false,0.8573773200396302,0.0509632757279429,0,212,false,503,6,0.30801644710534004,0.638206025726599,null
14851574,66055636,603926,13562456,685192,310195,293731,10139459,0,334148,351044,98268,211927,1468700,2248028,4076029,0,107144,227004,102439,248605,1258265,64797371,322167,926371,9727,85160,237007,45670,39490,186216,50791,924820,1551,277390,647430,1551,0,18,9709,8,10,9709,0,20006563,44790808,4977482,15029081,16572799,28218009,n1510,false,0.18647515056611658,0.13684527916919553,0,17381,false,501,3,0.17845706627053393,0.9218039866501311,null
14851574,66055636,603926,13562456,685192,310195,293731,10139459,0,334148,351044,98268,211927,1468700,2248028,4076029,0,107144,227004,102439,248605,1258265,64797371,322167,926371,9727,85160,237007,45670,39490,186216,50791,924820,1551,277390,647430,1551,0,18,9709,8,10,9709,0,20006563,44790808,4977482,15029081,16572799,28218009,n4830,false,0.7729893081711696,0.39541382924412843,0,3976,false,502,5,0.8963511555769457,0.22050880209618517,null
14851574,66055636,603926,13562456,685192,310195,293731,10139459,0,334148,351044,98268,211927,1468700,2248028,4076029,0,107144,227004,102439,248605,1258265,64797371,322167,926371,9727,85160,237007,45670,39490,186216,50791,924820,1551,277390,647430,1551,0,18,9709,8,10,9709,0,20006563,44790808,4977482,15029081,16572799,28218009,n4837,true,0.9999871433909318,0.030413729635614395,16,5179,false,500,3,0.633701599163256,0.9451756618994184,null
14851574,66055636,603926,13562456,685192,310195,293731,10139459,0,334148,351044,98268,211927,1468700,2248028,4076029,0,107144,227004,102439,248605,1258265,64797371,322167,926371,9727,85160,237007,45670,39490,186216,50791,924820,1551,277390,647430,1551,0,18,9709,8,10,9709,0,20006563,44790808,4977482,15029081,16572799,28218009,n1517,false,0.6980720034434814,0.37721607775065746,0,2619,false,503,8,0.9183478308683029,0.05697462650179741,null
14851574,66055636,603926,13562456,685192,310195,293731,10139459,0,334148,351044,98268,211927,1468700,2248028,4076029,0,107144,227004,102439,248605,1258265,64797371,322167,926371,9727,85160,237007,45670,39490,186216,50791,924820,1551,277390,647430,1551,0,18,9709,8,10,9709,0,20006563,44790808,4977482,15029081,16572799,28218009,n4839,false,0.9999977482323027,0.33190050947437055,0,12221,false,503,6,0.4560907812367656,0.5693575033096356,null
14851574,66055636,603926,13562456,685192,310195,293731,10139459,0,334148,351044,98268,211927,1468700,2248028,4076029,0,107144,227004,102439,248605,1258265,64797371,322167,926371,9727,85160,237007,45670,39490,186216,50791,924820,1551,277390,647430,1551,0,18,9709,8,10,9709,0,20006563,44790808,4977482,15029081,16572799,28218009,n1515,false,0.8214070609304127,0.34970531667511423,0,6492,false,503,7,0.37791404836941334,0.21020935651278927,null
14851574,66055636,603926,13562456,685192,310195,293731,10139459,0,334148,351044,98268,211927,1468700,2248028,4076029,0,107144,227004,102439,248605,1258265,64797371,322167,926371,9727,85160,237007,45670,39490,186216,50791,924820,1551,277390,647430,1551,0,18,9709,8,10,9709,0,20006563,44790808,4977482,15029081,16572799,28218009,n21887,false,0.5604193787569797,0.3329797608372757,0,10913,false,501,3,0.5596174532295944,0.46447616594541186,null
14851574,66055636,603926,13562456,685192,310195,293731,10139459,0,334148,351044,98268,211927,1468700,2248028,4076029,0,107144,227004,102439,248605,1258265,64797371,322167,926371,9727,85160,237007,45670,39490,186216,50791,924820,1551,277390,647430,1551,0,18,9709,8,10,9709,0,20006563,44790808,4977482,15029081,16572799,28218009,n6951,true,0.7708310686931967,0.22387700358964763,3,12486,false,6,4,0.7819757073801858,0.6100352730068433,null
14851574,66055636,603926,13562456,685192,310195,293731,10139459,0,334148,351044,98268,211927,1468700,2248028,4076029,0,107144,227004,102439,248605,1258265,64797371,322167,926371,9727,85160,237007,45670,39490,186216,50791,924820,1551,277390,647430,1551,0,18,9709,8,10,9709,0,20006563,44790808,4977482,15029081,16572799,28218009,n6947,false,0.26173802512213473,0.05752932919951248,0,5744,false,502,6,0.8937020275764349,0.6873865570421438,null
14851574,66055636,603926,13562456,685192,310195,293731,10139459,0,334148,351044,98268,211927,1468700,2248028,4076029,0,107144,227004,102439,248605,1258265,64797371,322167,926371,9727,85160,237007,45670,39490,186216,50791,924820,1551,277390,647430,1551,0,18,9709,8,10,9709,0,20006563,44790808,4977482,15029081,16572799,28218009,n4800,false,0.9006174521615834,0.4943407016482561,0,8776,false,504,8,0.8647774423538459,0.4556209526106126,null
14851574,66055636,603926,13562456,685192,310195,293731,10139459,0,334148,351044,98268,211927,1468700,2248028,4076029,0,107144,227004,102439,248605,1258265,64797371,322167,926371,9727,85160,237007,45670,39490,186216,50791,924820,1551,277390,647430,1551,0,18,9709,8,10,9709,0,20006563,44790808,4977482,15029081,16572799,28218009,n40878,false,0.29004884179338675,0.9999834299814312,0,1301,false,504,9,0.34493127144626057,0.06875442708264723,null
14851574,66055636,603926,13562456,685192,310195,293731,10139459,0,334148,351044,98268,211927,1468700,2248028,4076029,0,107144,227004,102439,248605,1258265,64797371,322167,926371,9727,85160,237007,45670,39490,186216,50791,924820,1551,277390,647430,1551,0,18,9709,8,10,9709,0,20006563,44790808,4977482,15029081,16572799,28218009,n4804,false,0.999997645843341,0.5794876771656493,0,4343,false,506,13,0.6354396106862206,0.9943268729508936,null
14851574,66055636,603926,13562456,685192,310195,293731,10139459,0,334148,351044,98268,211927,1468700,2248028,4076029,0,107144,227004,102439,248605,1258265,64797371,322167,926371,9727,85160,237007,45670,39490,186216,50791,924820,1551,277390,647430,1551,0,18,9709,8,10,9709,0,20006563,44790808,4977482,15029081,16572799,28218009,n4805,true,0.1606034267392682,0.28140128583658175,6,28999,false,0,0,0.9712509797263966,0.8634770900427257,null
14851574,66055636,603926,13562456,685192,310195,293731,10139459,0,334148,351044,98268,211927,1468700,2248028,4076029,0,107144,227004,102439,248605,1258265,64797371,322167,926371,9727,85160,237007,45670,39490,186216,50791,924820,1551,277390,647430,1551,0,18,9709,8,10,9709,0,20006563,44790808,4977482,15029081,16572799,28218009,n1509,false,0.5529702259671507,0.043530372918364035,0,9815,false,502,10,0.1964589975564608,0.9989679774233682,null
14851574,66055636,603926,13562456,685192,310195,293731,10139459,0,334148,351044,98268,211927,1468700,2248028,4076029,0,107144,227004,102439,248605,1258265,64797371,322167,926371,9727,85160,237007,45670,39490,186216,50791,924820,1551,277390,647430,1551,0,18,9709,8,10,9709,0,20006563,44790808,4977482,15029081,16572799,28218009,n4808,false,0.9999985335117862,0.4292687180964555,0,3382,false,501,3,0.9563955856488513,0.46870895416677655,null
14851574,66055636,603926,13562456,685192,310195,293731,10139459,0,334148,351044,98268,211927,1468700,2248028,4076029,0,107144,227004,102439,248605,1258265,64797371,322167,926371,9727,85160,237007,45670,39490,186216,50791,924820,1551,277390,647430,1551,0,18,9709,8,10,9709,0,20006563,44790808,4977482,15029081,16572799,28218009,n6961,false,0.8106091687911208,0.6710316277468156,0,28995,false,500,1,0.8094268343374867,0.9195466169632032,null
14851574,66055636,603926,13562456,685192,310195,293731,10139459,0,334148,351044,98268,211927,1468700,2248028,4076029,0,107144,227004,102439,248605,1258265,64797371,322167,926371,9727,85160,237007,45670,39490,186216,50791,924820,1551,277390,647430,1551,0,18,9709,8,10,9709,0,20006563,44790808,4977482,15029081,16572799,28218009,n4811,false,0.1883584514534394,0.2132584307171933,0,2250,false,503,7,0.6184006651757616,0.5287554893534894,null
14851574,66055636,603926,13562456,685192,310195,293731,10139459,0,334148,351044,98268,211927,1468700,2248028,4076029,0,107144,227004,102439,248605,1258265,64797371,322167,926371,9727,85160,237007,45670,39490,186216,50791,924820,1551,277390,647430,1551,0,18,9709,8,10,9709,0,20006563,44790808,4977482,15029081,16572799,28218009,n4813,true,0.9455781415455589,0.8325705935252593,6,28999,false,0,0,0.7680569011452516,0.25645071849610457,null
14851574,66055636,603926,13562456,685192,310195,293731,10139459,0,334148,351044,98268,211927,1468700,2248028,4076029,0,107144,227004,102439,248605,1258265,64797371,322167,926371,9727,85160,237007,45670,39490,186216,50791,924820,1551,277390,647430,1551,0,18,9709,8,10,9709,0,20006563,44790808,4977482,15029081,16572799,28218009,n4816,true,0.5355809910886226,0.8845246789797714,12,28999,false,0,0,0.4434545248867542,0.006012337060126938,null
14851574,66055636,603926,13562456,685192,310195,293731,10139459,0,334148,351044,98268,211927,1468700,2248028,4076029,0,107144,227004,102439,248605,1258265,64797371,322167,926371,9727,85160,237007,45670,39490,186216,50791,924820,1551,277390,647430,1551,0,18,9709,8,10,9709,0,20006563,44790808,4977482,15029081,16572799,28218009,n12953,false,0.4099848266106892,0.9647537804245027,0,6611,false,504,9,0.42752931862763044,0.6447842202713099,null
14851574,66055636,603926,13562456,685192,310195,293731,10139459,0,334148,351044,98268,211927,1468700,2248028,4076029,0,107144,227004,102439,248605,1258265,64797371,322167,926371,9727,85160,237007,45670,39490,186216,50791,924820,1551,277390,647430,1551,0,18,9709,8,10,9709,0,20006563,44790808,4977482,15029081,16572799,28218009,n1566,true,0.6408917246026117,0.67659728565556,6,28999,false,0,0,0.6490123425192256,0.0440149022447176,null
14851574,66055636,603926,13562456,685192,310195,293731,10139459,0,334148,351044,98268,211927,1468700,2248028,4076029,0,107144,227004,102439,248605,1258265,64797371,322167,926371,9727,85160,237007,45670,39490,186216,50791,924820,1551,277390,647430,1551,0,18,9709,8,10,9709,0,20006563,44790808,4977482,15029081,16572799,28218009,n1567,false,0.3524364068106616,0.5499412885577228,0,5480,false,501,2,0.7114487898457543,0.78010586548266,null
14851574,66055636,603926,13562456,685192,310195,293731,10139459,0,334148,351044,98268,211927,1468700,2248028,4076029,0,107144,227004,102439,248605,1258265,64797371,322167,926371,9727,85160,237007,45670,39490,186216,50791,924820,1551,277390,647430,1551,0,18,9709,8,10,9709,0,20006563,44790808,4977482,15029081,16572799,28218009,n1569,false,0.9038784389346292,0.4742971876803329,0,311,false,503,7,0.47628275840345513,0.06076903732078742,null
14851574,66055636,603926,13562456,685192,310195,293731,10139459,0,334148,351044,98268,211927,1468700,2248028,4076029,0,107144,227004,102439,248605,1258265,64797371,322167,926371,9727,85160,237007,45670,39490,186216,50791,924820,1551,277390,647430,1551,0,18,9709,8,10,9709,0,20006563,44790808,4977482,15029081,16572799,28218009,n1560,false,0.815503454391434,0.7066635873165334,0,28997,false,500,1,0.9043592235580218,0.6714048555073276,null
14851574,66055636,603926,13562456,685192,310195,293731,10139459,0,334148,351044,98268,211927,1468700,2248028,4076029,0,107144,227004,102439,248605,1258265,64797371,322167,926371,9727,85160,237007,45670,39490,186216,50791,924820,1551,277390,647430,1551,0,18,9709,8,10,9709,0,20006563,44790808,4977482,15029081,16572799,28218009,n12963,false,0.5923486435472337,0.929592545875568,0,6276,false,502,5,0.4977649429880591,0.647654597878401,null
14851574,66055636,603926,13562456,685192,310195,293731,10139459,0,334148,351044,98268,211927,1468700,2248028,4076029,0,107144,227004,102439,248605,1258265,64797371,322167,926371,9727,85160,237007,45670,39490,186216,50791,924820,1551,277390,647430,1551,0,18,9709,8,10,9709,0,20006563,44790808,4977482,15029081,16572799,28218009,n1558,false,0.15075812797014312,0.8530471344603158,0,28998,false,500,1,0.08156193314342841,0.7365500797979239,null
14851574,66055636,603926,13562456,685192,310195,293731,10139459,0,334148,351044,98268,211927,1468700,2248028,4076029,0,107144,227004,102439,248605,1258265,64797371,322167,926371,9727,85160,237007,45670,39490,186216,50791,924820,1551,277390,647430,1551,0,18,9709,8,10,9709,0,20006563,44790808,4977482,15029081,16572799,28218009,n1553,false,0.26062679820832174,0.2916499469877416,0,2087,false,504,10,0.7501845125732689,0.7857132455533239,null
14851574,66055636,603926,13562456,685192,310195,293731,10139459,0,334148,351044,98268,211927,1468700,2248028,4076029,0,107144,227004,102439,248605,1258265,64797371,322167,926371,9727,85160,237007,45670,39490,186216,50791,924820,1551,277390,647430,1551,0,18,9709,8,10,9709,0,20006563,44790808,4977482,15029081,16572799,28218009,n1552,false,0.9050727443676613,0.09809550346035789,0,13372,false,501,2,0.398404330393219,0.7062756807000443,null
14851574,66055636,603926,13562456,685192,310195,293731,10139459,0,334148,351044,98268,211927,1468700,2248028,4076029,0,107144,227004,102439,248605,1258265,64797371,322167,926371,9727,85160,237007,45670,39490,186216,50791,924820,1551,277390,647430,1551,0,18,9709,8,10,9709,0,20006563,44790808,4977482,15029081,16572799,28218009,n12939,false,0.13579085360535093,0.10306188915840409,0,24293,false,501,4,0.7705948554975098,0.22413853864501998,null
14851574,66055636,603926,13562456,685192,310195,293731,10139459,0,334148,351044,98268,211927,1468700,2248028,4076029,0,107144,227004,102439,248605,1258265,64797371,322167,926371,9727,85160,237007,45670,39490,186216,50791,924820,1551,277390,647430,1551,0,18,9709,8,10,9709,0,20006563,44790808,4977482,15029081,16572799,28218009,n21847,false,0.7075071948346404,0.8429175469684461,0,4303,false,502,5,0.8435611588510034,0.8820791554334152,null
14851574,66055636,603926,13562456,685192,310195,293731,10139459,0,334148,351044,98268,211927,1468700,2248028,4076029,0,107144,227004,102439,248605,1258265,64797371,322167,926371,9727,85160,237007,45670,39490,186216,50791,924820,1551,277390,647430,1551,0,18,9709,8,10,9709,0,20006563,44790808,4977482,15029081,16572799,28218009,n1549,false,0.9147392379838617,0.21127700758826368,0,3513,false,501,3,0.9755959746024226,0.5554050334667099,null
14851574,66055636,603926,13562456,685192,310195,293731,10139459,0,334148,351044,98268,211927,1468700,2248028,4076029,0,107144,227004,102439,248605,1258265,64797371,322167,926371,9727,85160,237007,45670,39490,186216,50791,924820,1551,277390,647430,1551,0,18,9709,8,10,9709,0,20006563,44790808,4977482,15029081,16572799,28218009,n6906,false,0.9087119999230855,0.18551483476262887,0,4055,false,501,4,0.9080182187440967,0.6561108965979011,null
14851574,66055636,603926,13562456,685192,310195,293731,10139459,0,334148,351044,98268,211927,1468700,2248028,4076029,0,107144,227004,102439,248605,1258265,64797371,322167,926371,9727,85160,237007,45670,39490,186216,50791,924820,1551,277390,647430,1551,0,18,9709,8,10,9709,0,20006563,44790808,4977482,15029081,16572799,28218009,n1542,false,0.9527856646095134,0.6974739143951433,0,4774,false,501,5,0.3729851130400502,0.6945498159325573,null
14851574,66055636,603926,13562456,685192,310195,293731,10139459,0,334148,351044,98268,211927,1468700,2248028,4076029,0,107144,227004,102439,248605,1258265,64797371,322167,926371,9727,85160,237007,45670,39490,186216,50791,924820,1551,277390,647430,1551,0,18,9709,8,10,9709,0,20006563,44790808,4977482,15029081,16572799,28218009,n1543,false,0.09667412737693937,0.2848324436452867,0,988,false,501,3,0.8004656180425238,0.4670131711573918,null
14851574,66055636,603926,13562456,685192,310195,293731,10139459,0,334148,351044,98268,211927,1468700,2248028,4076029,0,107144,227004,102439,248605,1258265,64797371,322167,926371,9727,85160,237007,45670,39490,186216,50791,924820,1551,277390,647430,1551,0,18,9709,8,10,9709,0,20006563,44790808,4977482,15029081,16572799,28218009,n1544,false,0.46047886136115496,0.48569759898847475,0,13768,false,503,6,0.5439602763147661,0.1536112844689408,null
14851574,66055636,603926,13562456,685192,310195,293731,10139459,0,334148,351044,98268,211927,1468700,2248028,4076029,0,107144,227004,102439,248605,1258265,64797371,322167,926371,9727,85160,237007,45670,39490,186216,50791,924820,1551,277390,647430,1551,0,18,9709,8,10,9709,0,20006563,44790808,4977482,15029081,16572799,28218009,n19278,false,0.25642308889571963,0.3651907725779474,0,2160,false,502,6,0.7867463780684388,0.9540730832330219,null
14851574,66055636,603926,13562456,685192,310195,293731,10139459,0,334148,351044,98268,211927,1468700,2248028,4076029,0,107144,227004,102439,248605,1258265,64797371,322167,926371,9727,85160,237007,45670,39490,186216,50791,924820,1551,277390,647430,1551,0,18,9709,8,10,9709,0,20006563,44790808,4977482,15029081,16572799,28218009,n12941,false,0.18435818112693458,0.6598301600294613,0,5386,false,508,17,0.2821321582484111,0.9965478964333406,null
14851574,66055636,603926,13562456,685192,310195,293731,10139459,0,334148,351044,98268,211927,1468700,2248028,4076029,0,107144,227004,102439,248605,1258265,64797371,322167,926371,9727,85160,237007,45670,39490,186216,50791,924820,1551,277390,647430,1551,0,18,9709,8,10,9709,0,20006563,44790808,4977482,15029081,16572799,28218009,n1535,false,0.45869467173717055,0.7920215413788976,0,21415,false,501,5,0.6654605062994494,0.25026174200587026,null
14851574,66055636,603926,13562456,685192,310195,293731,10139459,0,334148,351044,98268,211927,1468700,2248028,4076029,0,107144,227004,102439,248605,1258265,64797371,322167,926371,9727,85160,237007,45670,39490,186216,50791,924820,1551,277390,647430,1551,0,18,9709,8,10,9709,0,20006563,44790808,4977482,15029081,16572799,28218009,n4799,true,0.8037451050729892,0.8589560232866533,14,1312,false,504,10,0.8857354136964384,0.762173367084605,null
14851574,66055636,603926,13562456,685192,310195,293731,10139459,0,334148,351044,98268,211927,1468700,2248028,4076029,0,107144,227004,102439,248605,1258265,64797371,322167,926371,9727,85160,237007,45670,39490,186216,50791,924820,1551,277390,647430,1551,0,18,9709,8,10,9709,0,20006563,44790808,4977482,15029081,16572799,28218009,n1477,false,0.2111473185083058,0.7538593244125912,0,11998,false,505,13,0.594546199548128,0.9238609975473218,null
14851574,66055636,603926,13562456,685192,310195,293731,10139459,0,334148,351044,98268,211927,1468700,2248028,4076029,0,107144,227004,102439,248605,1258265,64797371,322167,926371,9727,85160,237007,45670,39490,186216,50791,924820,1551,277390,647430,1551,0,18,9709,8,10,9709,0,20006563,44790808,4977482,15029081,16572799,28218009,n1479,true,0.11209295524731022,0.03836204190109316,12,28999,false,0,0,0.3521639886970257,0.3112020553945006,null
14851574,66055636,603926,13562456,685192,310195,293731,10139459,0,334148,351044,98268,211927,1468700,2248028,4076029,0,107144,227004,102439,248605,1258265,64797371,322167,926371,9727,85160,237007,45670,39490,186216,50791,924820,1551,277390,647430,1551,0,18,9709,8,10,9709,0,20006563,44790808,4977482,15029081,16572799,28218009,n1481,false,0.804342969982464,0.20229604211023938,0,10334,false,502,6,0.3990829729575578,0.28407565139765034,null
14851574,66055636,603926,13562456,685192,310195,293731,10139459,0,334148,351044,98268,211927,1468700,2248028,4076029,0,107144,227004,102439,248605,1258265,64797371,322167,926371,9727,85160,237007,45670,39490,186216,50791,924820,1551,277390,647430,1551,0,18,9709,8,10,9709,0,20006563,44790808,4977482,15029081,16572799,28218009,n1488,false,0.7860452543398596,0.983377055201534,0,4584,false,503,7,0.8728045065321903,0.6692224301154346,null
14851574,66055636,603926,13562456,685192,310195,293731,10139459,0,334148,351044,98268,211927,1468700,2248028,4076029,0,107144,227004,102439,248605,1258265,64797371,322167,926371,9727,85160,237007,45670,39490,186216,50791,924820,1551,277390,647430,1551,0,18,9709,8,10,9709,0,20006563,44790808,4977482,15029081,16572799,28218009,n4785,false,0.9572805333470815,0.260228772633071,0,2781,false,501,3,0.284487573768729,0.0208775290243568,null
14851574,66055636,603926,13562456,685192,310195,293731,10139459,0,334148,351044,98268,211927,1468700,2248028,4076029,0,107144,227004,102439,248605,1258265,64797371,322167,926371,9727,85160,237007,45670,39490,186216,50791,924820,1551,277390,647430,1551,0,18,9709,8,10,9709,0,20006563,44790808,4977482,15029081,16572799,28218009,n1486,false,0.9999979980343534,0.4441147687676458,0,11275,false,502,5,0.8243308511957645,0.06132877779573376,null
14851574,66055636,603926,13562456,685192,310195,293731,10139459,0,334148,351044,98268,211927,1468700,2248028,4076029,0,107144,227004,102439,248605,1258265,64797371,322167,926371,9727,85160,237007,45670,39490,186216,50791,924820,1551,277390,647430,1551,0,18,9709,8,10,9709,0,20006563,44790808,4977482,15029081,16572799,28218009,n4788,false,0.16384325853134005,0.44498521402818236,0,447,false,505,11,0.9639151758634057,0.2513577671744588,null
14851574,66055636,603926,13562456,685192,310195,293731,10139459,0,334148,351044,98268,211927,1468700,2248028,4076029,0,107144,227004,102439,248605,1258265,64797371,322167,926371,9727,85160,237007,45670,39490,186216,50791,924820,1551,277390,647430,1551,0,18,9709,8,10,9709,0,20006563,44790808,4977482,15029081,16572799,28218009,n1489,false,0.9296327106301946,0.5151284391668637,0,8929,false,502,4,0.7882349584875212,0.6323563245433065,null
14851574,66055636,603926,13562456,685192,310195,293731,10139459,0,334148,351044,98268,211927,1468700,2248028,4076029,0,107144,227004,102439,248605,1258265,64797371,322167,926371,9727,85160,237007,45670,39490,186216,50791,924820,1551,277390,647430,1551,0,18,9709,8,10,9709,0,20006563,44790808,4977482,15029081,16572799,28218009,n21824,false,0.41402005724196655,0.9410011801078719,0,10376,false,502,5,0.23349134095582624,0.7798874241988053,null
14851574,66055636,603926,13562456,685192,310195,293731,10139459,0,334148,351044,98268,211927,1468700,2248028,4076029,0,107144,227004,102439,248605,1258265,64797371,322167,926371,9727,85160,237007,45670,39490,186216,50791,924820,1551,277390,647430,1551,0,18,9709,8,10,9709,0,20006563,44790808,4977482,15029081,16572799,28218009,n1490,false,0.8002150434526808,0.012300539468996563,0,23869,false,501,4,0.5635610307169768,0.2659416535232,null
14851574,66055636,603926,13562456,685192,310195,293731,10139459,0,334148,351044,98268,211927,1468700,2248028,4076029,0,107144,227004,102439,248605,1258265,64797371,322167,926371,9727,85160,237007,45670,39490,186216,50791,924820,1551,277390,647430,1551,0,18,9709,8,10,9709,0,20006563,44790808,4977482,15029081,16572799,28218009,n4793,false,0.9999953537647496,0.00414036177968613,0,14867,false,503,7,0.8208582956950825,0.17025882067659748,null
14851574,66055636,603926,13562456,685192,310195,293731,10139459,0,334148,351044,98268,211927,1468700,2248028,4076029,0,107144,227004,102439,248605,1258265,64797371,322167,926371,9727,85160,237007,45670,39490,186216,50791,924820,1551,277390,647430,1551,0,18,9709,8,10,9709,0,20006563,44790808,4977482,15029081,16572799,28218009,n1492,false,0.07444027011680344,0.2758190857192844,0,16669,false,500,2,0.8204187806813789,0.15312308833677202,null
14851574,66055636,603926,13562456,685192,310195,293731,10139459,0,334148,351044,98268,211927,1468700,2248028,4076029,0,107144,227004,102439,248605,1258265,64797371,322167,926371,9727,85160,237007,45670,39490,186216,50791,924820,1551,277390,647430,1551,0,18,9709,8,10,9709,0,20006563,44790808,4977482,15029081,16572799,28218009,n1457,false,0.7643169002954541,0.9441228564678777,0,3361,false,504,8,0.493946422451273,0.7184302280670074,null
14851574,66055636,603926,13562456,685192,310195,293731,10139459,0,334148,351044,98268,211927,1468700,2248028,4076029,0,107144,227004,102439,248605,1258265,64797371,322167,926371,9727,85160,237007,45670,39490,186216,50791,924820,1551,277390,647430,1551,0,18,9709,8,10,9709,0,20006563,44790808,4977482,15029081,16572799,28218009,n1456,false,0.42718400165119996,0.6249555371728807,0,2085,false,500,1,0.6751331994370866,0.8297787164940715,null
14851574,66055636,603926,13562456,685192,310195,293731,10139459,0,334148,351044,98268,211927,1468700,2248028,4076029,0,107144,227004,102439,248605,1258265,64797371,322167,926371,9727,85160,237007,45670,39490,186216,50791,924820,1551,277390,647430,1551,0,18,9709,8,10,9709,0,20006563,44790808,4977482,15029081,16572799,28218009,n1459,false,0.9990386017063884,0.27226452673040463,0,2316,false,503,6,0.9276714960359457,0.44655838468460285,null
14851574,66055636,603926,13562456,685192,310195,293731,10139459,0,334148,351044,98268,211927,1468700,2248028,4076029,0,107144,227004,102439,248605,1258265,64797371,322167,926371,9727,85160,237007,45670,39490,186216,50791,924820,1551,277390,647430,1551,0,18,9709,8,10,9709,0,20006563,44790808,4977482,15029081,16572799,28218009,n4777,false,0.8562873775732025,0.16122066568269044,0,5250,false,502,5,0.9044142667617874,0.21018425400536145,null
14851574,66055636,603926,13562456,685192,310195,293731,10139459,0,334148,351044,98268,211927,1468700,2248028,4076029,0,107144,227004,102439,248605,1258265,64797371,322167,926371,9727,85160,237007,45670,39490,186216,50791,924820,1551,277390,647430,1551,0,18,9709,8,10,9709,0,20006563,44790808,4977482,15029081,16572799,28218009,n1454,false,0.3171090149757498,0.005737191511153039,0,22032,false,501,4,0.824621456530696,0.22099578226737238,null
14851574,66055636,603926,13562456,685192,310195,293731,10139459,0,334148,351044,98268,211927,1468700,2248028,4076029,0,107144,227004,102439,248605,1258265,64797371,322167,926371,9727,85160,237007,45670,39490,186216,50791,924820,1551,277390,647430,1551,0,18,9709,8,10,9709,0,20006563,44790808,4977482,15029081,16572799,28218009,n4784,false,0.24734569314458932,0.9427724843210852,0,1041,false,503,7,0.11644573454515172,0.42952165519953694,null
14851574,66055636,603926,13562456,685192,310195,293731,10139459,0,334148,351044,98268,211927,1468700,2248028,4076029,0,107144,227004,102439,248605,1258265,64797371,322167,926371,9727,85160,237007,45670,39490,186216,50791,924820,1551,277390,647430,1551,0,18,9709,8,10,9709,0,20006563,44790808,4977482,15029081,16572799,28218009,n1460,true,0.8805810450861019,0.4586131216752005,13,28999,false,0,0,0.834443911581482,0.3195393112298113,null
14851574,66055636,603926,13562456,685192,310195,293731,10139459,0,334148,351044,98268,211927,1468700,2248028,4076029,0,107144,227004,102439,248605,1258265,64797371,322167,926371,9727,85160,237007,45670,39490,186216,50791,924820,1551,277390,647430,1551,0,18,9709,8,10,9709,0,20006563,44790808,4977482,15029081,16572799,28218009,n18101,false,0.07299140543503128,0.3279017112546814,0,2562,false,501,4,0.7293679525755279,0.9582359429517944,null
14851574,66055636,603926,13562456,685192,310195,293731,10139459,0,334148,351044,98268,211927,1468700,2248028,4076029,0,107144,227004,102439,248605,1258265,64797371,322167,926371,9727,85160,237007,45670,39490,186216,50791,924820,1551,277390,647430,1551,0,18,9709,8,10,9709,0,20006563,44790808,4977482,15029081,16572799,28218009,n4782,false,0.0666937743825491,0.2300028952318396,0,14706,false,501,4,0.7887246644314974,0.6780609592491994,null
14851574,66055636,603926,13562456,685192,310195,293731,10139459,0,334148,351044,98268,211927,1468700,2248028,4076029,0,107144,227004,102439,248605,1258265,64797371,322167,926371,9727,85160,237007,45670,39490,186216,50791,924820,1551,277390,647430,1551,0,18,9709,8,10,9709,0,20006563,44790808,4977482,15029081,16572799,28218009,n1462,false,0.6404661834804625,0.2924781367661139,0,4237,false,504,10,0.17280436555911383,0.16588906529422953,null
14851574,66055636,603926,13562456,685192,310195,293731,10139459,0,334148,351044,98268,211927,1468700,2248028,4076029,0,107144,227004,102439,248605,1258265,64797371,322167,926371,9727,85160,237007,45670,39490,186216,50791,924820,1551,277390,647430,1551,0,18,9709,8,10,9709,0,20006563,44790808,4977482,15029081,16572799,28218009,n1464,false,0.999999996544783,0.9052122346709973,0,24902,false,500,4,0.6312513931068209,0.2674572331892928,null
14851574,66055636,603926,13562456,685192,310195,293731,10139459,0,334148,351044,98268,211927,1468700,2248028,4076029,0,107144,227004,102439,248605,1258265,64797371,322167,926371,9727,85160,237007,45670,39490,186216,50791,924820,1551,277390,647430,1551,0,18,9709,8,10,9709,0,20006563,44790808,4977482,15029081,16572799,28218009,n4753,true,0.3912022542282498,0.9025997935049876,13,28429,false,500,2,0.9758890549217534,0.4358151604600859,null
14851574,66055636,603926,13562456,685192,310195,293731,10139459,0,334148,351044,98268,211927,1468700,2248028,4076029,0,107144,227004,102439,248605,1258265,64797371,322167,926371,9727,85160,237007,45670,39490,186216,50791,924820,1551,277390,647430,1551,0,18,9709,8,10,9709,0,20006563,44790808,4977482,15029081,16572799,28218009,n4759,false,0.9569065096819813,0.6239959949793831,0,5333,false,502,6,0.5481983003675626,0.9688758989977984,null
14851574,66055636,603926,13562456,685192,310195,293731,10139459,0,334148,351044,98268,211927,1468700,2248028,4076029,0,107144,227004,102439,248605,1258265,64797371,322167,926371,9727,85160,237007,45670,39490,186216,50791,924820,1551,277390,647430,1551,0,18,9709,8,10,9709,0,20006563,44790808,4977482,15029081,16572799,28218009,n4756,true,0.8393327549309725,0.4656327141432741,13,1314,false,500,2,0.6232902522817101,0.500298858764878,null
14851574,66055636,603926,13562456,685192,310195,293731,10139459,0,334148,351044,98268,211927,1468700,2248028,4076029,0,107144,227004,102439,248605,1258265,64797371,322167,926371,9727,85160,237007,45670,39490,186216,50791,924820,1551,277390,647430,1551,0,18,9709,8,10,9709,0,20006563,44790808,4977482,15029081,16572799,28218009,n4762,false,0.7915425498914288,0.7510742804245955,0,7690,false,508,16,0.8194368498759487,0.4421830724452253,null
14851574,66055636,603926,13562456,685192,310195,293731,10139459,0,334148,351044,98268,211927,1468700,2248028,4076029,0,107144,227004,102439,248605,1258265,64797371,322167,926371,9727,85160,237007,45670,39490,186216,50791,924820,1551,277390,647430,1551,0,18,9709,8,10,9709,0,20006563,44790808,4977482,15029081,16572799,28218009,n4742,false,0.9999982554208359,0.9143032376676972,0,7545,false,502,5,0.6104333307550869,0.7787624122820214,null
14851574,66055636,603926,13562456,685192,310195,293731,10139459,0,334148,351044,98268,211927,1468700,2248028,4076029,0,107144,227004,102439,248605,1258265,64797371,322167,926371,9727,85160,237007,45670,39490,186216,50791,924820,1551,277390,647430,1551,0,18,9709,8,10,9709,0,20006563,44790808,4977482,15029081,16572799,28218009,n4743,false,0.34379013526479957,0.763181151910275,0,11309,false,502,6,0.16004206784603392,0.9876107842782875,null
14851574,66055636,603926,13562456,685192,310195,293731,10139459,0,334148,351044,98268,211927,1468700,2248028,4076029,0,107144,227004,102439,248605,1258265,64797371,322167,926371,9727,85160,237007,45670,39490,186216,50791,924820,1551,277390,647430,1551,0,18,9709,8,10,9709,0,20006563,44790808,4977482,15029081,16572799,28218009,n4746,false,0.6618575520346268,0.09957227399302793,0,24968,false,501,2,0.31557545661351016,0.5945996698077892,null
14851574,66055636,603926,13562456,685192,310195,293731,10139459,0,334148,351044,98268,211927,1468700,2248028,4076029,0,107144,227004,102439,248605,1258265,64797371,322167,926371,9727,85160,237007,45670,39490,186216,50791,924820,1551,277390,647430,1551,0,18,9709,8,10,9709,0,20006563,44790808,4977482,15029081,16572799,28218009,n4745,false,0.9999961059065944,0.019245572110378917,0,5223,false,504,8,0.9106884001566056,0.3825896505519404,null
14851574,66055636,603926,13562456,685192,310195,293731,10139459,0,334148,351044,98268,211927,1468700,2248028,4076029,0,107144,227004,102439,248605,1258265,64797371,322167,926371,9727,85160,237007,45670,39490,186216,50791,924820,1551,277390,647430,1551,0,18,9709,8,10,9709,0,20006563,44790808,4977482,15029081,16572799,28218009,n18118,false,0.9882650609257292,0.6725705261776392,0,4855,false,501,3,0.3285148166853372,0.423939735583895,null
14851574,66055636,603926,13562456,685192,310195,293731,10139459,0,334148,351044,98268,211927,1468700,2248028,4076029,0,107144,227004,102439,248605,1258265,64797371,322167,926371,9727,85160,237007,45670,39490,186216,50791,924820,1551,277390,647430,1551,0,18,9709,8,10,9709,0,20006563,44790808,4977482,15029081,16572799,28218009,n4747,false,0.4816248379578222,0.4731262695451049,0,15590,false,502,5,0.5356459839460566,0.25938291669319025,null
14851574,66055636,603926,13562456,685192,310195,293731,10139459,0,334148,351044,98268,211927,1468700,2248028,4076029,0,107144,227004,102439,248605,1258265,64797371,322167,926371,9727,85160,237007,45670,39490,186216,50791,924820,1551,277390,647430,1551,0,18,9709,8,10,9709,0,20006563,44790808,4977482,15029081,16572799,28218009,n43691,false,0.10815601363090731,0.4949203511078981,0,4102,false,503,8,0.4962393400852396,0.3583466283522873,null
14851574,66055636,603926,13562456,685192,310195,293731,10139459,0,334148,351044,98268,211927,1468700,2248028,4076029,0,107144,227004,102439,248605,1258265,64797371,322167,926371,9727,85160,237007,45670,39490,186216,50791,924820,1551,277390,647430,1551,0,18,9709,8,10,9709,0,20006563,44790808,4977482,15029081,16572799,28218009,n4737,false,0.8945650410048089,0.013650534737761899,0,990,false,505,11,0.17838920964724803,0.5051692697869541,null
14851574,66055636,603926,13562456,685192,310195,293731,10139459,0,334148,351044,98268,211927,1468700,2248028,4076029,0,107144,227004,102439,248605,1258265,64797371,322167,926371,9727,85160,237007,45670,39490,186216,50791,924820,1551,277390,647430,1551,0,18,9709,8,10,9709,0,20006563,44790808,4977482,15029081,16572799,28218009,n4736,true,0.42583732447667855,0.3940903152300394,12,28999,false,0,0,0.7307847595473626,0.391299271491313,null
14851574,66055636,603926,13562456,685192,310195,293731,10139459,0,334148,351044,98268,211927,1468700,2248028,4076029,0,107144,227004,102439,248605,1258265,64797371,322167,926371,9727,85160,237007,45670,39490,186216,50791,924820,1551,277390,647430,1551,0,18,9709,8,10,9709,0,20006563,44790808,4977482,15029081,16572799,28218009,n4735,true,0.038565817561356575,0.670398997003307,16,28999,false,0,0,0.15895195152670782,0.9010146435092585,null
14851574,66055636,603926,13562456,685192,310195,293731,10139459,0,334148,351044,98268,211927,1468700,2248028,4076029,0,107144,227004,102439,248605,1258265,64797371,322167,926371,9727,85160,237007,45670,39490,186216,50791,924820,1551,277390,647430,1551,0,18,9709,8,10,9709,0,20006563,44790808,4977482,15029081,16572799,28218009,n4734,false,0.6704762436484508,0.6044230686657478,0,660,false,507,15,0.7691866590173863,0.9496240349391644,null
14851574,66055636,603926,13562456,685192,310195,293731,10139459,0,334148,351044,98268,211927,1468700,2248028,4076029,0,107144,227004,102439,248605,1258265,64797371,322167,926371,9727,85160,237007,45670,39490,186216,50791,924820,1551,277390,647430,1551,0,18,9709,8,10,9709,0,20006563,44790808,4977482,15029081,16572799,28218009,n4732,false,0.37946335868202985,0.5235870964396094,0,4102,false,504,8,0.3062264291400514,0.6308030336459587,null
14851574,66055636,603926,13562456,685192,310195,293731,10139459,0,334148,351044,98268,211927,1468700,2248028,4076029,0,107144,227004,102439,248605,1258265,64797371,322167,926371,9727,85160,237007,45670,39490,186216,50791,924820,1551,277390,647430,1551,0,18,9709,8,10,9709,0,20006563,44790808,4977482,15029081,16572799,28218009,n1498,false,0.6927689416812078,0.07084028224813821,0,328,false,503,7,0.6784218311552197,0.433376576158241,null
14851574,66055636,603926,13562456,685192,310195,293731,10139459,0,334148,351044,98268,211927,1468700,2248028,4076029,0,107144,227004,102439,248605,1258265,64797371,322167,926371,9727,85160,237007,45670,39490,186216,50791,924820,1551,277390,647430,1551,0,18,9709,8,10,9709,0,20006563,44790808,4977482,15029081,16572799,28218009,n17097,false,0.6733551813330717,0.5466698997431034,0,2199,false,505,10,0.011121736352682432,0.3450145217903489,null
14851574,66055636,603926,13562456,685192,310195,293731,10139459,0,334148,351044,98268,211927,1468700,2248028,4076029,0,107144,227004,102439,248605,1258265,64797371,322167,926371,9727,85160,237007,45670,39490,186216,50791,924820,1551,277390,647430,1551,0,18,9709,8,10,9709,0,20006563,44790808,4977482,15029081,16572799,28218009,n4728,false,0.17543801130962214,0.48145550593030095,0,12298,false,502,5,0.30453221777450346,0.6622339535700547,null
14851574,66055636,603926,13562456,685192,310195,293731,10139459,0,334148,351044,98268,211927,1468700,2248028,4076029,0,107144,227004,102439,248605,1258265,64797371,322167,926371,9727,85160,237007,45670,39490,186216,50791,924820,1551,277390,647430,1551,0,18,9709,8,10,9709,0,20006563,44790808,4977482,15029081,16572799,28218009,n4729,false,0.777916911368821,0.2521592245308963,0,728,false,503,6,0.38543404806383763,0.39073897845819766,null
14851574,66055636,603926,13562456,685192,310195,293731,10139459,0,334148,351044,98268,211927,1468700,2248028,4076029,0,107144,227004,102439,248605,1258265,64797371,322167,926371,9727,85160,237007,45670,39490,186216,50791,924820,1551,277390,647430,1551,0,18,9709,8,10,9709,0,20006563,44790808,4977482,15029081,16572799,28218009,n4723,true,0.8816751833768031,0.12844029061487927,12,3833,false,505,12,0.4176263356266524,0.9894960722782271,null
14851574,66055636,603926,13562456,685192,310195,293731,10139459,0,334148,351044,98268,211927,1468700,2248028,4076029,0,107144,227004,102439,248605,1258265,64797371,322167,926371,9727,85160,237007,45670,39490,186216,50791,924820,1551,277390,647430,1551,0,18,9709,8,10,9709,0,20006563,44790808,4977482,15029081,16572799,28218009,n4721,true,0.4964337618963247,0.16589981552055266,11,28999,false,0,0,0.6950718056267982,0.006174377499674644,null
14851574,66055636,603926,13562456,685192,310195,293731,10139459,0,334148,351044,98268,211927,1468700,2248028,4076029,0,107144,227004,102439,248605,1258265,64797371,322167,926371,9727,85160,237007,45670,39490,186216,50791,924820,1551,277390,647430,1551,0,18,9709,8,10,9709,0,20006563,44790808,4977482,15029081,16572799,28218009,n27924,true,0.13134220856929552,0.814749374506001,4,13530,false,500,4,0.9373398696841073,0.8051388962907765,null
14851574,66055636,603926,13562456,685192,310195,293731,10139459,0,334148,351044,98268,211927,1468700,2248028,4076029,0,107144,227004,102439,248605,1258265,64797371,322167,926371,9727,85160,237007,45670,39490,186216,50791,924820,1551,277390,647430,1551,0,18,9709,8,10,9709,0,20006563,44790808,4977482,15029081,16572799,28218009,n281,false,0.9999969169730439,0.7767362565688459,0,23955,false,501,4,0.4296770814908027,0.0743044447824468,null
14851574,66055636,603926,13562456,685192,310195,293731,10139459,0,334148,351044,98268,211927,1468700,2248028,4076029,0,107144,227004,102439,248605,1258265,64797371,322167,926371,9727,85160,237007,45670,39490,186216,50791,924820,1551,277390,647430,1551,0,18,9709,8,10,9709,0,20006563,44790808,4977482,15029081,16572799,28218009,n284,false,0.5834167260420892,0.10491850300760808,0,5940,false,502,5,0.49463563573476604,0.6178565923682078,null
14851574,66055636,603926,13562456,685192,310195,293731,10139459,0,334148,351044,98268,211927,1468700,2248028,4076029,0,107144,227004,102439,248605,1258265,64797371,322167,926371,9727,85160,237007,45670,39490,186216,50791,924820,1551,277390,647430,1551,0,18,9709,8,10,9709,0,20006563,44790808,4977482,15029081,16572799,28218009,n283,false,0.3895104640784707,0.7007726827870778,0,12670,false,501,2,0.5437194183839029,0.04570400890996473,null
14851574,66055636,603926,13562456,685192,310195,293731,10139459,0,334148,351044,98268,211927,1468700,2248028,4076029,0,107144,227004,102439,248605,1258265,64797371,322167,926371,9727,85160,237007,45670,39490,186216,50791,924820,1551,277390,647430,1551,0,18,9709,8,10,9709,0,20006563,44790808,4977482,15029081,16572799,28218009,n282,false,0.5820785317629645,0.3712103499834863,0,14519,false,501,4,0.7132545953082048,0.23861894827324936,null
14851574,66055636,603926,13562456,685192,310195,293731,10139459,0,334148,351044,98268,211927,1468700,2248028,4076029,0,107144,227004,102439,248605,1258265,64797371,322167,926371,9727,85160,237007,45670,39490,186216,50791,924820,1551,277390,647430,1551,0,18,9709,8,10,9709,0,20006563,44790808,4977482,15029081,16572799,28218009,n34474,true,0.2812117311423391,0.05396914984867973,11,28999,false,0,0,0.9479712820145518,0.045644761927753796,null
14851574,66055636,603926,13562456,685192,310195,293731,10139459,0,334148,351044,98268,211927,1468700,2248028,4076029,0,107144,227004,102439,248605,1258265,64797371,322167,926371,9727,85160,237007,45670,39490,186216,50791,924820,1551,277390,647430,1551,0,18,9709,8,10,9709,0,20006563,44790808,4977482,15029081,16572799,28218009,n16144,false,0.24246370834994357,0.5100284056129417,0,5983,false,504,10,0.9373795617917955,0.8855330402709578,null
14851574,66055636,603926,13562456,685192,310195,293731,10139459,0,334148,351044,98268,211927,1468700,2248028,4076029,0,107144,227004,102439,248605,1258265,64797371,322167,926371,9727,85160,237007,45670,39490,186216,50791,924820,1551,277390,647430,1551,0,18,9709,8,10,9709,0,20006563,44790808,4977482,15029081,16572799,28218009,n37307,false,0.4676195313804671,0.9606896317069793,0,8890,false,501,3,0.8870964957470733,0.5356685424429188,null
14851574,66055636,603926,13562456,685192,310195,293731,10139459,0,334148,351044,98268,211927,1468700,2248028,4076029,0,107144,227004,102439,248605,1258265,64797371,322167,926371,9727,85160,237007,45670,39490,186216,50791,924820,1551,277390,647430,1551,0,18,9709,8,10,9709,0,20006563,44790808,4977482,15029081,16572799,28218009,n272,false,0.9999955654762405,0.07816115633729659,0,28999,false,0,0,0.26668109384385563,0.24062265030943375,null
14851574,66055636,603926,13562456,685192,310195,293731,10139459,0,334148,351044,98268,211927,1468700,2248028,4076029,0,107144,227004,102439,248605,1258265,64797371,322167,926371,9727,85160,237007,45670,39490,186216,50791,924820,1551,277390,647430,1551,0,18,9709,8,10,9709,0,20006563,44790808,4977482,15029081,16572799,28218009,n5831,false,0.9661181949266668,0.9513748960395478,0,7338,false,502,5,0.15448316914586135,0.9727068479795381,null
14851574,66055636,603926,13562456,685192,310195,293731,10139459,0,334148,351044,98268,211927,1468700,2248028,4076029,0,107144,227004,102439,248605,1258265,64797371,322167,926371,9727,85160,237007,45670,39490,186216,50791,924820,1551,277390,647430,1551,0,18,9709,8,10,9709,0,20006563,44790808,4977482,15029081,16572799,28218009,n5834,false,0.03914716022476355,0.5694490180651061,0,21021,false,502,4,0.5411294802363207,0.6099838815500417,null
14851574,66055636,603926,13562456,685192,310195,293731,10139459,0,334148,351044,98268,211927,1468700,2248028,4076029,0,107144,227004,102439,248605,1258265,64797371,322167,926371,9727,85160,237007,45670,39490,186216,50791,924820,1551,277390,647430,1551,0,18,9709,8,10,9709,0,20006563,44790808,4977482,15029081,16572799,28218009,n5839,false,0.450136086607308,0.04223019504147785,0,16666,false,502,5,0.8276373536101773,0.8005897921263324,null
14851574,66055636,603926,13562456,685192,310195,293731,10139459,0,334148,351044,98268,211927,1468700,2248028,4076029,0,107144,227004,102439,248605,1258265,64797371,322167,926371,9727,85160,237007,45670,39490,186216,50791,924820,1551,277390,647430,1551,0,18,9709,8,10,9709,0,20006563,44790808,4977482,15029081,16572799,28218009,n16132,false,0.9999982228194765,0.5980493824428759,0,17195,false,503,6,0.8731364565340676,0.6564357325462538,null
14851574,66055636,603926,13562456,685192,310195,293731,10139459,0,334148,351044,98268,211927,1468700,2248028,4076029,0,107144,227004,102439,248605,1258265,64797371,322167,926371,9727,85160,237007,45670,39490,186216,50791,924820,1551,277390,647430,1551,0,18,9709,8,10,9709,0,20006563,44790808,4977482,15029081,16572799,28218009,n34498,true,0.9636863595816942,0.7527161503337713,11,22471,false,500,1,0.3961167488894526,0.9315325165813242,null
14851574,66055636,603926,13562456,685192,310195,293731,10139459,0,334148,351044,98268,211927,1468700,2248028,4076029,0,107144,227004,102439,248605,1258265,64797371,322167,926371,9727,85160,237007,45670,39490,186216,50791,924820,1551,277390,647430,1551,0,18,9709,8,10,9709,0,20006563,44790808,4977482,15029081,16572799,28218009,n37332,false,0.9179804553161997,0.9535206677834054,0,9413,false,505,11,0.6453434229514736,0.01886623390618558,null
14851574,66055636,603926,13562456,685192,310195,293731,10139459,0,334148,351044,98268,211927,1468700,2248028,4076029,0,107144,227004,102439,248605,1258265,64797371,322167,926371,9727,85160,237007,45670,39490,186216,50791,924820,1551,277390,647430,1551,0,18,9709,8,10,9709,0,20006563,44790808,4977482,15029081,16572799,28218009,n17040,false,0.15214689400235656,0.7710793988227984,0,17880,false,502,5,0.7639952401731287,0.6763348371786648,null
14851574,66055636,603926,13562456,685192,310195,293731,10139459,0,334148,351044,98268,211927,1468700,2248028,4076029,0,107144,227004,102439,248605,1258265,64797371,322167,926371,9727,85160,237007,45670,39490,186216,50791,924820,1551,277390,647430,1551,0,18,9709,8,10,9709,0,20006563,44790808,4977482,15029081,16572799,28218009,n290,false,0.16967670761596507,0.9505840437238733,0,1825,false,507,15,0.9908727387490095,0.6983427071839362,null
14851574,66055636,603926,13562456,685192,310195,293731,10139459,0,334148,351044,98268,211927,1468700,2248028,4076029,0,107144,227004,102439,248605,1258265,64797371,322167,926371,9727,85160,237007,45670,39490,186216,50791,924820,1551,277390,647430,1551,0,18,9709,8,10,9709,0,20006563,44790808,4977482,15029081,16572799,28218009,n5813,true,0.179396409070126,0.8813753295265463,12,28999,false,0,0,0.9183645729376505,0.7063044750280904,null
14851574,66055636,603926,13562456,685192,310195,293731,10139459,0,334148,351044,98268,211927,1468700,2248028,4076029,0,107144,227004,102439,248605,1258265,64797371,322167,926371,9727,85160,237007,45670,39490,186216,50791,924820,1551,277390,647430,1551,0,18,9709,8,10,9709,0,20006563,44790808,4977482,15029081,16572799,28218009,n5815,false,0.5595764888794177,0.16047413080413309,0,28024,false,500,1,0.5950882219608522,0.4086044916675652,null
14851574,66055636,603926,13562456,685192,310195,293731,10139459,0,334148,351044,98268,211927,1468700,2248028,4076029,0,107144,227004,102439,248605,1258265,64797371,322167,926371,9727,85160,237007,45670,39490,186216,50791,924820,1551,277390,647430,1551,0,18,9709,8,10,9709,0,20006563,44790808,4977482,15029081,16572799,28218009,n5810,true,0.5838584536961734,0.6799065698953787,10,4331,false,500,3,0.17717666024430057,0.6007098687294061,null
14851574,66055636,603926,13562456,685192,310195,293731,10139459,0,334148,351044,98268,211927,1468700,2248028,4076029,0,107144,227004,102439,248605,1258265,64797371,322167,926371,9727,85160,237007,45670,39490,186216,50791,924820,1551,277390,647430,1551,0,18,9709,8,10,9709,0,20006563,44790808,4977482,15029081,16572799,28218009,n5819,false,0.35293620702882283,0.37644461899971965,0,8749,false,504,8,0.9009583140872158,0.6261048189737628,null
14851574,66055636,603926,13562456,685192,310195,293731,10139459,0,334148,351044,98268,211927,1468700,2248028,4076029,0,107144,227004,102439,248605,1258265,64797371,322167,926371,9727,85160,237007,45670,39490,186216,50791,924820,1551,277390,647430,1551,0,18,9709,8,10,9709,0,20006563,44790808,4977482,15029081,16572799,28218009,n5818,false,0.9999957812553398,0.5499512927211556,0,21178,false,502,4,0.9204344857315884,0.06721428658986617,null
14851574,66055636,603926,13562456,685192,310195,293731,10139459,0,334148,351044,98268,211927,1468700,2248028,4076029,0,107144,227004,102439,248605,1258265,64797371,322167,926371,9727,85160,237007,45670,39490,186216,50791,924820,1551,277390,647430,1551,0,18,9709,8,10,9709,0,20006563,44790808,4977482,15029081,16572799,28218009,n20740,false,0.8220465079052973,0.09411767080137023,0,203,false,507,15,0.7415473953082532,0.3142849976726756,null
14851574,66055636,603926,13562456,685192,310195,293731,10139459,0,334148,351044,98268,211927,1468700,2248028,4076029,0,107144,227004,102439,248605,1258265,64797371,322167,926371,9727,85160,237007,45670,39490,186216,50791,924820,1551,277390,647430,1551,0,18,9709,8,10,9709,0,20006563,44790808,4977482,15029081,16572799,28218009,n5890,false,0.7257358950952149,0.7107872033654427,0,9450,false,501,4,0.6392216192362441,0.5930148301070368,null
14851574,66055636,603926,13562456,685192,310195,293731,10139459,0,334148,351044,98268,211927,1468700,2248028,4076029,0,107144,227004,102439,248605,1258265,64797371,322167,926371,9727,85160,237007,45670,39490,186216,50791,924820,1551,277390,647430,1551,0,18,9709,8,10,9709,0,20006563,44790808,4977482,15029081,16572799,28218009,n42541,false,0.9999983009063477,0.5221790453007396,0,8709,false,503,8,0.6355893210814124,0.9302397892460949,null
14851574,66055636,603926,13562456,685192,310195,293731,10139459,0,334148,351044,98268,211927,1468700,2248028,4076029,0,107144,227004,102439,248605,1258265,64797371,322167,926371,9727,85160,237007,45670,39490,186216,50791,924820,1551,277390,647430,1551,0,18,9709,8,10,9709,0,20006563,44790808,4977482,15029081,16572799,28218009,n20749,false,0.9999998827452994,0.2543305256322371,0,15549,false,500,2,0.5894811602084351,0.03885586043688649,null
14851574,66055636,603926,13562456,685192,310195,293731,10139459,0,334148,351044,98268,211927,1468700,2248028,4076029,0,107144,227004,102439,248605,1258265,64797371,322167,926371,9727,85160,237007,45670,39490,186216,50791,924820,1551,277390,647430,1551,0,18,9709,8,10,9709,0,20006563,44790808,4977482,15029081,16572799,28218009,n16189,true,0.7416453666183127,0.885293285777771,10,26031,false,500,1,0.706933612173504,0.27692207285943105,null
14851574,66055636,603926,13562456,685192,310195,293731,10139459,0,334148,351044,98268,211927,1468700,2248028,4076029,0,107144,227004,102439,248605,1258265,64797371,322167,926371,9727,85160,237007,45670,39490,186216,50791,924820,1551,277390,647430,1551,0,18,9709,8,10,9709,0,20006563,44790808,4977482,15029081,16572799,28218009,n244,true,0.7432005221196927,0.9038638322831244,13,28999,false,0,0,0.7739453580361534,0.3032736168918155,null
14851574,66055636,603926,13562456,685192,310195,293731,10139459,0,334148,351044,98268,211927,1468700,2248028,4076029,0,107144,227004,102439,248605,1258265,64797371,322167,926371,9727,85160,237007,45670,39490,186216,50791,924820,1551,277390,647430,1551,0,18,9709,8,10,9709,0,20006563,44790808,4977482,15029081,16572799,28218009,n5889,false,0.9999953700708695,0.27689448240648595,0,12149,false,503,8,0.5669743533831738,0.1274730081888067,null
14851574,66055636,603926,13562456,685192,310195,293731,10139459,0,334148,351044,98268,211927,1468700,2248028,4076029,0,107144,227004,102439,248605,1258265,64797371,322167,926371,9727,85160,237007,45670,39490,186216,50791,924820,1551,277390,647430,1551,0,18,9709,8,10,9709,0,20006563,44790808,4977482,15029081,16572799,28218009,n239,false,0.9259486948204556,0.009372873183142394,0,119,false,504,8,0.3333341774483204,3.679551504987E-5,null
14851574,66055636,603926,13562456,685192,310195,293731,10139459,0,334148,351044,98268,211927,1468700,2248028,4076029,0,107144,227004,102439,248605,1258265,64797371,322167,926371,9727,85160,237007,45670,39490,186216,50791,924820,1551,277390,647430,1551,0,18,9709,8,10,9709,0,20006563,44790808,4977482,15029081,16572799,28218009,n231,true,0.7111551013828762,0.24353905314945462,13,7589,false,501,5,0.728573781223483,0.5944936429768568,null
14851574,66055636,603926,13562456,685192,310195,293731,10139459,0,334148,351044,98268,211927,1468700,2248028,4076029,0,107144,227004,102439,248605,1258265,64797371,322167,926371,9727,85160,237007,45670,39490,186216,50791,924820,1551,277390,647430,1551,0,18,9709,8,10,9709,0,20006563,44790808,4977482,15029081,16572799,28218009,n5875,false,0.9999990094583401,0.5572489772172777,0,18716,false,502,5,0.7582335424742953,0.5515495405039763,null
14851574,66055636,603926,13562456,685192,310195,293731,10139459,0,334148,351044,98268,211927,1468700,2248028,4076029,0,107144,227004,102439,248605,1258265,64797371,322167,926371,9727,85160,237007,45670,39490,186216,50791,924820,1551,277390,647430,1551,0,18,9709,8,10,9709,0,20006563,44790808,4977482,15029081,16572799,28218009,n263,true,0.22312155440275047,0.9144205112862664,12,28000,false,500,2,0.6087848812429295,0.6381556240942545,null
14851574,66055636,603926,13562456,685192,310195,293731,10139459,0,334148,351044,98268,211927,1468700,2248028,4076029,0,107144,227004,102439,248605,1258265,64797371,322167,926371,9727,85160,237007,45670,39490,186216,50791,924820,1551,277390,647430,1551,0,18,9709,8,10,9709,0,20006563,44790808,4977482,15029081,16572799,28218009,n5871,false,0.645097503600321,0.37690215709913855,0,11852,false,502,5,0.6283004326788806,0.12434405990821329,null
14851574,66055636,603926,13562456,685192,310195,293731,10139459,0,334148,351044,98268,211927,1468700,2248028,4076029,0,107144,227004,102439,248605,1258265,64797371,322167,926371,9727,85160,237007,45670,39490,186216,50791,924820,1551,277390,647430,1551,0,18,9709,8,10,9709,0,20006563,44790808,4977482,15029081,16572799,28218009,n5870,true,0.1688933931766115,0.6184489951732723,12,1342,false,501,4,0.7204858785553231,0.4795462604533817,null
14851574,66055636,603926,13562456,685192,310195,293731,10139459,0,334148,351044,98268,211927,1468700,2248028,4076029,0,107144,227004,102439,248605,1258265,64797371,322167,926371,9727,85160,237007,45670,39490,186216,50791,924820,1551,277390,647430,1551,0,18,9709,8,10,9709,0,20006563,44790808,4977482,15029081,16572799,28218009,n30019,false,0.27376094466049444,0.7189014355522203,0,17408,false,501,2,0.865321712241016,0.13306736035342803,null
14851574,66055636,603926,13562456,685192,310195,293731,10139459,0,334148,351044,98268,211927,1468700,2248028,4076029,0,107144,227004,102439,248605,1258265,64797371,322167,926371,9727,85160,237007,45670,39490,186216,50791,924820,1551,277390,647430,1551,0,18,9709,8,10,9709,0,20006563,44790808,4977482,15029081,16572799,28218009,n20718,false,0.8075231138787117,0.18217274761468882,0,15082,false,500,2,0.7696404792902491,0.6114025968718088,null
14851574,66055636,603926,13562456,685192,310195,293731,10139459,0,334148,351044,98268,211927,1468700,2248028,4076029,0,107144,227004,102439,248605,1258265,64797371,322167,926371,9727,85160,237007,45670,39490,186216,50791,924820,1551,277390,647430,1551,0,18,9709,8,10,9709,0,20006563,44790808,4977482,15029081,16572799,28218009,n269,false,0.9999953924099678,0.9888992663298446,0,12704,false,503,8,0.651873938479856,0.5188994242151039,null
14851574,66055636,603926,13562456,685192,310195,293731,10139459,0,334148,351044,98268,211927,1468700,2248028,4076029,0,107144,227004,102439,248605,1258265,64797371,322167,926371,9727,85160,237007,45670,39490,186216,50791,924820,1551,277390,647430,1551,0,18,9709,8,10,9709,0,20006563,44790808,4977482,15029081,16572799,28218009,n5865,false,0.8365761897855448,0.2520412425070725,0,5629,false,503,7,0.878819816595804,0.4706580914417908,null
14851574,66055636,603926,13562456,685192,310195,293731,10139459,0,334148,351044,98268,211927,1468700,2248028,4076029,0,107144,227004,102439,248605,1258265,64797371,322167,926371,9727,85160,237007,45670,39490,186216,50791,924820,1551,277390,647430,1551,0,18,9709,8,10,9709,0,20006563,44790808,4977482,15029081,16572799,28218009,n265,false,0.7387399327574781,0.1167225366215412,0,9219,false,502,4,0.8323305492781251,0.8492727164689017,null
14851574,66055636,603926,13562456,685192,310195,293731,10139459,0,334148,351044,98268,211927,1468700,2248028,4076029,0,107144,227004,102439,248605,1258265,64797371,322167,926371,9727,85160,237007,45670,39490,186216,50791,924820,1551,277390,647430,1551,0,18,9709,8,10,9709,0,20006563,44790808,4977482,15029081,16572799,28218009,n251,false,0.8899297483776437,0.142582527284009,0,11503,false,504,9,0.2684382778297669,0.9812416230272085,null
14851574,66055636,603926,13562456,685192,310195,293731,10139459,0,334148,351044,98268,211927,1468700,2248028,4076029,0,107144,227004,102439,248605,1258265,64797371,322167,926371,9727,85160,237007,45670,39490,186216,50791,924820,1551,277390,647430,1551,0,18,9709,8,10,9709,0,20006563,44790808,4977482,15029081,16572799,28218009,n31151,false,0.430516947595148,0.7270324461825356,0,3325,false,503,8,0.9968605586151604,0.4487871097455406,null
14851574,66055636,603926,13562456,685192,310195,293731,10139459,0,334148,351044,98268,211927,1468700,2248028,4076029,0,107144,227004,102439,248605,1258265,64797371,322167,926371,9727,85160,237007,45670,39490,186216,50791,924820,1551,277390,647430,1551,0,18,9709,8,10,9709,0,20006563,44790808,4977482,15029081,16572799,28218009,n16197,false,0.7724367824577765,0.7669598692908436,0,2071,false,502,5,0.5703235263404582,0.7689022578607942,null
14851574,66055636,603926,13562456,685192,310195,293731,10139459,0,334148,351044,98268,211927,1468700,2248028,4076029,0,107144,227004,102439,248605,1258265,64797371,322167,926371,9727,85160,237007,45670,39490,186216,50791,924820,1551,277390,647430,1551,0,18,9709,8,10,9709,0,20006563,44790808,4977482,15029081,16572799,28218009,n5856,true,0.9246504282306717,0.3310492118162999,12,28999,false,0,0,0.5509303837117859,0.47137383968161056,null
14851574,66055636,603926,13562456,685192,310195,293731,10139459,0,334148,351044,98268,211927,1468700,2248028,4076029,0,107144,227004,102439,248605,1258265,64797371,322167,926371,9727,85160,237007,45670,39490,186216,50791,924820,1551,277390,647430,1551,0,18,9709,8,10,9709,0,20006563,44790808,4977482,15029081,16572799,28218009,n5857,false,0.5065797599143069,0.29205300595930916,0,2534,false,504,12,0.7843409595731987,0.4616535569076467,null
14851574,66055636,603926,13562456,685192,310195,293731,10139459,0,334148,351044,98268,211927,1468700,2248028,4076029,0,107144,227004,102439,248605,1258265,64797371,322167,926371,9727,85160,237007,45670,39490,186216,50791,924820,1551,277390,647430,1551,0,18,9709,8,10,9709,0,20006563,44790808,4977482,15029081,16572799,28218009,n5858,false,0.5109857270928964,0.48150248485896974,0,1196,false,503,7,0.9569912129417945,0.5068733366862219,null
14851574,66055636,603926,13562456,685192,310195,293731,10139459,0,334148,351044,98268,211927,1468700,2248028,4076029,0,107144,227004,102439,248605,1258265,64797371,322167,926371,9727,85160,237007,45670,39490,186216,50791,924820,1551,277390,647430,1551,0,18,9709,8,10,9709,0,20006563,44790808,4977482,15029081,16572799,28218009,n16190,true,0.2390417330029102,0.7451163433022249,11,28999,false,0,0,0.16941474252477495,0.859653421537711,null
14851574,66055636,603926,13562456,685192,310195,293731,10139459,0,334148,351044,98268,211927,1468700,2248028,4076029,0,107144,227004,102439,248605,1258265,64797371,322167,926371,9727,85160,237007,45670,39490,186216,50791,924820,1551,277390,647430,1551,0,18,9709,8,10,9709,0,20006563,44790808,4977482,15029081,16572799,28218009,n5853,true,0.09300285819081985,0.6563496319109606,11,7522,false,502,8,0.4899461071288784,0.19262297882877055,null
14851574,66055636,603926,13562456,685192,310195,293731,10139459,0,334148,351044,98268,211927,1468700,2248028,4076029,0,107144,227004,102439,248605,1258265,64797371,322167,926371,9727,85160,237007,45670,39490,186216,50791,924820,1551,277390,647430,1551,0,18,9709,8,10,9709,0,20006563,44790808,4977482,15029081,16572799,28218009,n1411,false,0.9999987071647043,0.13832883473095237,0,3027,false,504,10,0.4679282351812694,0.5316458272886658,null
14851574,66055636,603926,13562456,685192,310195,293731,10139459,0,334148,351044,98268,211927,1468700,2248028,4076029,0,107144,227004,102439,248605,1258265,64797371,322167,926371,9727,85160,237007,45670,39490,186216,50791,924820,1551,277390,647430,1551,0,18,9709,8,10,9709,0,20006563,44790808,4977482,15029081,16572799,28218009,n1415,false,0.0767060358776037,0.12918427815579392,0,16867,false,501,2,0.24045151098181927,0.6451946570400197,null
14851574,66055636,603926,13562456,685192,310195,293731,10139459,0,334148,351044,98268,211927,1468700,2248028,4076029,0,107144,227004,102439,248605,1258265,64797371,322167,926371,9727,85160,237007,45670,39490,186216,50791,924820,1551,277390,647430,1551,0,18,9709,8,10,9709,0,20006563,44790808,4977482,15029081,16572799,28218009,n37097,true,0.05165643809835396,0.589095255981608,11,28999,false,0,0,0.43802631080366694,0.17681134375697838,null
14851574,66055636,603926,13562456,685192,310195,293731,10139459,0,334148,351044,98268,211927,1468700,2248028,4076029,0,107144,227004,102439,248605,1258265,64797371,322167,926371,9727,85160,237007,45670,39490,186216,50791,924820,1551,277390,647430,1551,0,18,9709,8,10,9709,0,20006563,44790808,4977482,15029081,16572799,28218009,n947,false,0.658916557723129,0.6673191347383463,0,28999,false,0,0,0.6137836785753018,0.7937829079849188,null
14851574,66055636,603926,13562456,685192,310195,293731,10139459,0,334148,351044,98268,211927,1468700,2248028,4076029,0,107144,227004,102439,248605,1258265,64797371,322167,926371,9727,85160,237007,45670,39490,186216,50791,924820,1551,277390,647430,1551,0,18,9709,8,10,9709,0,20006563,44790808,4977482,15029081,16572799,28218009,n13711,true,0.9905766760680365,0.7136852870059021,12,8836,false,503,8,0.5857756104148143,0.4818254428489609,null
14851574,66055636,603926,13562456,685192,310195,293731,10139459,0,334148,351044,98268,211927,1468700,2248028,4076029,0,107144,227004,102439,248605,1258265,64797371,322167,926371,9727,85160,237007,45670,39490,186216,50791,924820,1551,277390,647430,1551,0,18,9709,8,10,9709,0,20006563,44790808,4977482,15029081,16572799,28218009,n13712,true,0.07341981880094575,0.8745405619080109,11,18734,false,502,6,0.8421678947677727,0.12211835821163963,null
14851574,66055636,603926,13562456,685192,310195,293731,10139459,0,334148,351044,98268,211927,1468700,2248028,4076029,0,107144,227004,102439,248605,1258265,64797371,322167,926371,9727,85160,237007,45670,39490,186216,50791,924820,1551,277390,647430,1551,0,18,9709,8,10,9709,0,20006563,44790808,4977482,15029081,16572799,28218009,n13714,false,0.3125831481723534,0.23659035417964075,0,6344,false,504,9,0.6038180982109089,0.7692265157976064,null
14851574,66055636,603926,13562456,685192,310195,293731,10139459,0,334148,351044,98268,211927,1468700,2248028,4076029,0,107144,227004,102439,248605,1258265,64797371,322167,926371,9727,85160,237007,45670,39490,186216,50791,924820,1551,277390,647430,1551,0,18,9709,8,10,9709,0,20006563,44790808,4977482,15029081,16572799,28218009,n20042,false,0.004163117950870483,0.9894355781621043,0,22026,false,500,2,0.47150597638853864,0.6499124525058596,null
14851574,66055636,603926,13562456,685192,310195,293731,10139459,0,334148,351044,98268,211927,1468700,2248028,4076029,0,107144,227004,102439,248605,1258265,64797371,322167,926371,9727,85160,237007,45670,39490,186216,50791,924820,1551,277390,647430,1551,0,18,9709,8,10,9709,0,20006563,44790808,4977482,15029081,16572799,28218009,n22110,true,0.7101496067897511,0.5060194642192652,12,20808,false,500,2,0.511454567895962,0.4043640765503076,null
14851574,66055636,603926,13562456,685192,310195,293731,10139459,0,334148,351044,98268,211927,1468700,2248028,4076029,0,107144,227004,102439,248605,1258265,64797371,322167,926371,9727,85160,237007,45670,39490,186216,50791,924820,1551,277390,647430,1551,0,18,9709,8,10,9709,0,20006563,44790808,4977482,15029081,16572799,28218009,n1424,false,0.7355721636769511,0.5533979444493181,0,14600,false,501,3,0.6354135511200332,0.7637391998820953,null
14851574,66055636,603926,13562456,685192,310195,293731,10139459,0,334148,351044,98268,211927,1468700,2248028,4076029,0,107144,227004,102439,248605,1258265,64797371,322167,926371,9727,85160,237007,45670,39490,186216,50791,924820,1551,277390,647430,1551,0,18,9709,8,10,9709,0,20006563,44790808,4977482,15029081,16572799,28218009,n1426,false,0.5564784504683847,0.8764713713371004,0,17106,false,500,2,0.06980029752631489,0.7324734341909673,null
14851574,66055636,603926,13562456,685192,310195,293731,10139459,0,334148,351044,98268,211927,1468700,2248028,4076029,0,107144,227004,102439,248605,1258265,64797371,322167,926371,9727,85160,237007,45670,39490,186216,50791,924820,1551,277390,647430,1551,0,18,9709,8,10,9709,0,20006563,44790808,4977482,15029081,16572799,28218009,n930,true,0.7786703393009816,0.5404157202235549,17,3248,false,501,4,0.9607323198078029,0.827241971200265,null
14851574,66055636,603926,13562456,685192,310195,293731,10139459,0,334148,351044,98268,211927,1468700,2248028,4076029,0,107144,227004,102439,248605,1258265,64797371,322167,926371,9727,85160,237007,45670,39490,186216,50791,924820,1551,277390,647430,1551,0,18,9709,8,10,9709,0,20006563,44790808,4977482,15029081,16572799,28218009,n1425,false,0.05176752035771803,0.2943857035175943,0,5221,false,501,2,0.5479172372496254,0.8831471934256684,null
14851574,66055636,603926,13562456,685192,310195,293731,10139459,0,334148,351044,98268,211927,1468700,2248028,4076029,0,107144,227004,102439,248605,1258265,64797371,322167,926371,9727,85160,237007,45670,39490,186216,50791,924820,1551,277390,647430,1551,0,18,9709,8,10,9709,0,20006563,44790808,4977482,15029081,16572799,28218009,n1428,false,0.6016208682457896,0.47498339671482726,0,6636,false,506,14,0.8092620407296729,0.8094460972934366,null
14851574,66055636,603926,13562456,685192,310195,293731,10139459,0,334148,351044,98268,211927,1468700,2248028,4076029,0,107144,227004,102439,248605,1258265,64797371,322167,926371,9727,85160,237007,45670,39490,186216,50791,924820,1551,277390,647430,1551,0,18,9709,8,10,9709,0,20006563,44790808,4977482,15029081,16572799,28218009,n932,false,0.16674478570718482,0.53952086412832,0,14033,false,503,7,0.9035204366397198,0.10625744941544368,null
14851574,66055636,603926,13562456,685192,310195,293731,10139459,0,334148,351044,98268,211927,1468700,2248028,4076029,0,107144,227004,102439,248605,1258265,64797371,322167,926371,9727,85160,237007,45670,39490,186216,50791,924820,1551,277390,647430,1551,0,18,9709,8,10,9709,0,20006563,44790808,4977482,15029081,16572799,28218009,n938,false,0.9527989916396606,0.9211221311121227,0,25202,false,501,2,0.20776565219494025,0.5252714112483869,null
14851574,66055636,603926,13562456,685192,310195,293731,10139459,0,334148,351044,98268,211927,1468700,2248028,4076029,0,107144,227004,102439,248605,1258265,64797371,322167,926371,9727,85160,237007,45670,39490,186216,50791,924820,1551,277390,647430,1551,0,18,9709,8,10,9709,0,20006563,44790808,4977482,15029081,16572799,28218009,n13709,false,0.9999967714222114,0.9529129902537334,0,1914,false,506,14,0.780627566072632,0.9770881385122704,null
14851574,66055636,603926,13562456,685192,310195,293731,10139459,0,334148,351044,98268,211927,1468700,2248028,4076029,0,107144,227004,102439,248605,1258265,64797371,322167,926371,9727,85160,237007,45670,39490,186216,50791,924820,1551,277390,647430,1551,0,18,9709,8,10,9709,0,20006563,44790808,4977482,15029081,16572799,28218009,n928,false,0.26013934464916316,0.8373491046872985,0,7607,false,505,11,0.8220243382756035,0.8246649746064861,null
14851574,66055636,603926,13562456,685192,310195,293731,10139459,0,334148,351044,98268,211927,1468700,2248028,4076029,0,107144,227004,102439,248605,1258265,64797371,322167,926371,9727,85160,237007,45670,39490,186216,50791,924820,1551,277390,647430,1551,0,18,9709,8,10,9709,0,20006563,44790808,4977482,15029081,16572799,28218009,n925,false,0.18528070540899041,0.5259316098871586,0,3367,false,502,5,0.7085429281592902,0.8949983973259308,null
14851574,66055636,603926,13562456,685192,310195,293731,10139459,0,334148,351044,98268,211927,1468700,2248028,4076029,0,107144,227004,102439,248605,1258265,64797371,322167,926371,9727,85160,237007,45670,39490,186216,50791,924820,1551,277390,647430,1551,0,18,9709,8,10,9709,0,20006563,44790808,4977482,15029081,16572799,28218009,n923,false,0.13842088400480637,0.0348727591699558,0,639,false,502,5,0.9876641720116428,0.30294181036259626,null
14851574,66055636,603926,13562456,685192,310195,293731,10139459,0,334148,351044,98268,211927,1468700,2248028,4076029,0,107144,227004,102439,248605,1258265,64797371,322167,926371,9727,85160,237007,45670,39490,186216,50791,924820,1551,277390,647430,1551,0,18,9709,8,10,9709,0,20006563,44790808,4977482,15029081,16572799,28218009,n21514,true,0.7843618373136013,0.8927345897876745,14,8528,false,1,2,0.5190677024424734,0.8590449331068318,null
14851574,66055636,603926,13562456,685192,310195,293731,10139459,0,334148,351044,98268,211927,1468700,2248028,4076029,0,107144,227004,102439,248605,1258265,64797371,322167,926371,9727,85160,237007,45670,39490,186216,50791,924820,1551,277390,647430,1551,0,18,9709,8,10,9709,0,20006563,44790808,4977482,15029081,16572799,28218009,n13735,false,0.8198575548826904,0.33999741624945673,0,25968,false,500,2,0.9615290166820645,0.04639166129505623,null
14851574,66055636,603926,13562456,685192,310195,293731,10139459,0,334148,351044,98268,211927,1468700,2248028,4076029,0,107144,227004,102439,248605,1258265,64797371,322167,926371,9727,85160,237007,45670,39490,186216,50791,924820,1551,277390,647430,1551,0,18,9709,8,10,9709,0,20006563,44790808,4977482,15029081,16572799,28218009,n918,true,0.8522686844918572,0.4190237262213187,12,2690,false,503,8,0.7957899607201802,0.5036702582406094,null
14851574,66055636,603926,13562456,685192,310195,293731,10139459,0,334148,351044,98268,211927,1468700,2248028,4076029,0,107144,227004,102439,248605,1258265,64797371,322167,926371,9727,85160,237007,45670,39490,186216,50791,924820,1551,277390,647430,1551,0,18,9709,8,10,9709,0,20006563,44790808,4977482,15029081,16572799,28218009,n1440,false,0.8612879597997282,0.9470521401244251,0,28999,false,500,0,0.89176758155531,0.22174930769928058,null
14851574,66055636,603926,13562456,685192,310195,293731,10139459,0,334148,351044,98268,211927,1468700,2248028,4076029,0,107144,227004,102439,248605,1258265,64797371,322167,926371,9727,85160,237007,45670,39490,186216,50791,924820,1551,277390,647430,1551,0,18,9709,8,10,9709,0,20006563,44790808,4977482,15029081,16572799,28218009,n12607,false,0.9272198479573345,0.24737846324856122,0,5856,false,506,14,0.060552917019052854,0.921467002732316,null
14851574,66055636,603926,13562456,685192,310195,293731,10139459,0,334148,351044,98268,211927,1468700,2248028,4076029,0,107144,227004,102439,248605,1258265,64797371,322167,926371,9727,85160,237007,45670,39490,186216,50791,924820,1551,277390,647430,1551,0,18,9709,8,10,9709,0,20006563,44790808,4977482,15029081,16572799,28218009,n1445,false,0.26030989354058026,0.16754560037440502,0,1879,false,554,108,0.7371312231658858,0.6828286090427204,null
14851574,66055636,603926,13562456,685192,310195,293731,10139459,0,334148,351044,98268,211927,1468700,2248028,4076029,0,107144,227004,102439,248605,1258265,64797371,322167,926371,9727,85160,237007,45670,39490,186216,50791,924820,1551,277390,647430,1551,0,18,9709,8,10,9709,0,20006563,44790808,4977482,15029081,16572799,28218009,n57237,false,0.6962371259704624,0.9635287058432775,0,1177,false,503,7,0.8068039407483392,0.6001172761084432,null
14851574,66055636,603926,13562456,685192,310195,293731,10139459,0,334148,351044,98268,211927,1468700,2248028,4076029,0,107144,227004,102439,248605,1258265,64797371,322167,926371,9727,85160,237007,45670,39490,186216,50791,924820,1551,277390,647430,1551,0,18,9709,8,10,9709,0,20006563,44790808,4977482,15029081,16572799,28218009,n1449,false,0.9999958267862475,0.6785805995308376,0,2252,false,504,8,0.6152711556456444,0.47787237957524137,null
14851574,66055636,603926,13562456,685192,310195,293731,10139459,0,334148,351044,98268,211927,1468700,2248028,4076029,0,107144,227004,102439,248605,1258265,64797371,322167,926371,9727,85160,237007,45670,39490,186216,50791,924820,1551,277390,647430,1551,0,18,9709,8,10,9709,0,20006563,44790808,4977482,15029081,16572799,28218009,n22107,false,0.24889481879031436,0.22015997827497946,0,4379,false,501,3,0.03009174230228029,0.9542166661752719,null
14851574,66055636,603926,13562456,685192,310195,293731,10139459,0,334148,351044,98268,211927,1468700,2248028,4076029,0,107144,227004,102439,248605,1258265,64797371,322167,926371,9727,85160,237007,45670,39490,186216,50791,924820,1551,277390,647430,1551,0,18,9709,8,10,9709,0,20006563,44790808,4977482,15029081,16572799,28218009,n982,false,0.393352545145509,0.2983507903343451,0,3640,false,503,7,0.6784222373070558,0.6899751955136393,null
14851574,66055636,603926,13562456,685192,310195,293731,10139459,0,334148,351044,98268,211927,1468700,2248028,4076029,0,107144,227004,102439,248605,1258265,64797371,322167,926371,9727,85160,237007,45670,39490,186216,50791,924820,1551,277390,647430,1551,0,18,9709,8,10,9709,0,20006563,44790808,4977482,15029081,16572799,28218009,n983,false,0.05465375572310221,0.4258350696438883,0,5201,false,502,5,0.7384753409105763,0.43792341020467757,null
14851574,66055636,603926,13562456,685192,310195,293731,10139459,0,334148,351044,98268,211927,1468700,2248028,4076029,0,107144,227004,102439,248605,1258265,64797371,322167,926371,9727,85160,237007,45670,39490,186216,50791,924820,1551,277390,647430,1551,0,18,9709,8,10,9709,0,20006563,44790808,4977482,15029081,16572799,28218009,n20000,true,0.8497105547691044,0.5941237623538071,0,3,false,502,6,0.2473776388316028,0.31239489721625363,null
14851574,66055636,603926,13562456,685192,310195,293731,10139459,0,334148,351044,98268,211927,1468700,2248028,4076029,0,107144,227004,102439,248605,1258265,64797371,322167,926371,9727,85160,237007,45670,39490,186216,50791,924820,1551,277390,647430,1551,0,18,9709,8,10,9709,0,20006563,44790808,4977482,15029081,16572799,28218009,n977,false,0.6951145393488327,0.36225771234541254,0,3308,false,503,8,0.29426773535846584,0.5492262570296742,null
14851574,66055636,603926,13562456,685192,310195,293731,10139459,0,334148,351044,98268,211927,1468700,2248028,4076029,0,107144,227004,102439,248605,1258265,64797371,322167,926371,9727,85160,237007,45670,39490,186216,50791,924820,1551,277390,647430,1551,0,18,9709,8,10,9709,0,20006563,44790808,4977482,15029081,16572799,28218009,n978,true,0.2531564436192414,0.9449328604925091,12,9038,false,501,4,0.7907626150018008,0.34569769874050305,null
14851574,66055636,603926,13562456,685192,310195,293731,10139459,0,334148,351044,98268,211927,1468700,2248028,4076029,0,107144,227004,102439,248605,1258265,64797371,322167,926371,9727,85160,237007,45670,39490,186216,50791,924820,1551,277390,647430,1551,0,18,9709,8,10,9709,0,20006563,44790808,4977482,15029081,16572799,28218009,n971,false,0.8760899925016549,0.7657026761283537,0,8835,false,502,5,0.8197290142437373,0.08124101032651299,null
14851574,66055636,603926,13562456,685192,310195,293731,10139459,0,334148,351044,98268,211927,1468700,2248028,4076029,0,107144,227004,102439,248605,1258265,64797371,322167,926371,9727,85160,237007,45670,39490,186216,50791,924820,1551,277390,647430,1551,0,18,9709,8,10,9709,0,20006563,44790808,4977482,15029081,16572799,28218009,n970,false,0.03612385902163449,0.5668467390186861,0,1390,false,502,6,0.5061139321183384,0.24029327306685344,null
14851574,66055636,603926,13562456,685192,310195,293731,10139459,0,334148,351044,98268,211927,1468700,2248028,4076029,0,107144,227004,102439,248605,1258265,64797371,322167,926371,9727,85160,237007,45670,39490,186216,50791,924820,1551,277390,647430,1551,0,18,9709,8,10,9709,0,20006563,44790808,4977482,15029081,16572799,28218009,n13749,false,0.3788858224159571,0.9546683903714153,0,18974,false,503,7,0.7044081544687191,0.0804289140302209,null
14851574,66055636,603926,13562456,685192,310195,293731,10139459,0,334148,351044,98268,211927,1468700,2248028,4076029,0,107144,227004,102439,248605,1258265,64797371,322167,926371,9727,85160,237007,45670,39490,186216,50791,924820,1551,277390,647430,1551,0,18,9709,8,10,9709,0,20006563,44790808,4977482,15029081,16572799,28218009,n13748,false,0.6124853704702108,0.3026037159624283,0,105,false,501,3,0.3496267090808871,0.3682360408617313,null
14851574,66055636,603926,13562456,685192,310195,293731,10139459,0,334148,351044,98268,211927,1468700,2248028,4076029,0,107144,227004,102439,248605,1258265,64797371,322167,926371,9727,85160,237007,45670,39490,186216,50791,924820,1551,277390,647430,1551,0,18,9709,8,10,9709,0,20006563,44790808,4977482,15029081,16572799,28218009,n13770,false,0.5172738082805737,0.6103390695104621,0,4608,false,504,9,0.7388476606715233,0.4121514741698449,null
14851574,66055636,603926,13562456,685192,310195,293731,10139459,0,334148,351044,98268,211927,1468700,2248028,4076029,0,107144,227004,102439,248605,1258265,64797371,322167,926371,9727,85160,237007,45670,39490,186216,50791,924820,1551,277390,647430,1551,0,18,9709,8,10,9709,0,20006563,44790808,4977482,15029081,16572799,28218009,n960,false,0.23016548924028277,0.24875833875870568,0,2539,false,503,6,0.45706856314571426,0.23598415685454566,null
14851574,66055636,603926,13562456,685192,310195,293731,10139459,0,334148,351044,98268,211927,1468700,2248028,4076029,0,107144,227004,102439,248605,1258265,64797371,322167,926371,9727,85160,237007,45670,39490,186216,50791,924820,1551,277390,647430,1551,0,18,9709,8,10,9709,0,20006563,44790808,4977482,15029081,16572799,28218009,n40782,false,0.9999953472350648,0.7190919799214698,0,14235,false,502,5,0.8042042885349487,0.5402971666525658,null
14851574,66055636,603926,13562456,685192,310195,293731,10139459,0,334148,351044,98268,211927,1468700,2248028,4076029,0,107144,227004,102439,248605,1258265,64797371,322167,926371,9727,85160,237007,45670,39490,186216,50791,924820,1551,277390,647430,1551,0,18,9709,8,10,9709,0,20006563,44790808,4977482,15029081,16572799,28218009,n959,false,0.41709940865578615,0.9080253379542698,0,3940,false,504,9,0.79725884806426,0.14825093629263553,null
14851574,66055636,603926,13562456,685192,310195,293731,10139459,0,334148,351044,98268,211927,1468700,2248028,4076029,0,107144,227004,102439,248605,1258265,64797371,322167,926371,9727,85160,237007,45670,39490,186216,50791,924820,1551,277390,647430,1551,0,18,9709,8,10,9709,0,20006563,44790808,4977482,15029081,16572799,28218009,n954,false,0.1392925824111107,0.7695960256028619,0,1774,false,503,6,0.7655949592024262,0.30623181352539713,null
14851574,66055636,603926,13562456,685192,310195,293731,10139459,0,334148,351044,98268,211927,1468700,2248028,4076029,0,107144,227004,102439,248605,1258265,64797371,322167,926371,9727,85160,237007,45670,39490,186216,50791,924820,1551,277390,647430,1551,0,18,9709,8,10,9709,0,20006563,44790808,4977482,15029081,16572799,28218009,n8508,true,0.9999894193390223,0.8574487373775055,10,6604,false,501,5,0.973827702969342,0.08658317051086772,null
14851574,66055636,603926,13562456,685192,310195,293731,10139459,0,334148,351044,98268,211927,1468700,2248028,4076029,0,107144,227004,102439,248605,1258265,64797371,322167,926371,9727,85160,237007,45670,39490,186216,50791,924820,1551,277390,647430,1551,0,18,9709,8,10,9709,0,20006563,44790808,4977482,15029081,16572799,28218009,n1401,false,0.49851842495163445,0.8767557393887726,0,10409,false,505,11,0.7047348916592862,0.017984094338522105,null
14851574,66055636,603926,13562456,685192,310195,293731,10139459,0,334148,351044,98268,211927,1468700,2248028,4076029,0,107144,227004,102439,248605,1258265,64797371,322167,926371,9727,85160,237007,45670,39490,186216,50791,924820,1551,277390,647430,1551,0,18,9709,8,10,9709,0,20006563,44790808,4977482,15029081,16572799,28218009,n1403,false,0.6163078128610128,0.14285333271084932,0,28999,false,500,0,0.795247897569938,0.11560400283896888,null
14851574,66055636,603926,13562456,685192,310195,293731,10139459,0,334148,351044,98268,211927,1468700,2248028,4076029,0,107144,227004,102439,248605,1258265,64797371,322167,926371,9727,85160,237007,45670,39490,186216,50791,924820,1551,277390,647430,1551,0,18,9709,8,10,9709,0,20006563,44790808,4977482,15029081,16572799,28218009,n8510,false,0.43155355539875867,0.29046640351723907,0,8991,false,503,7,0.5930122013787147,0.6877957734466603,null
14851574,66055636,603926,13562456,685192,310195,293731,10139459,0,334148,351044,98268,211927,1468700,2248028,4076029,0,107144,227004,102439,248605,1258265,64797371,322167,926371,9727,85160,237007,45670,39490,186216,50791,924820,1551,277390,647430,1551,0,18,9709,8,10,9709,0,20006563,44790808,4977482,15029081,16572799,28218009,n40723,false,0.5898796416623454,0.5243548775375751,0,20684,false,502,6,0.8871639317065968,0.7912656789012803,null
14851574,66055636,603926,13562456,685192,310195,293731,10139459,0,334148,351044,98268,211927,1468700,2248028,4076029,0,107144,227004,102439,248605,1258265,64797371,322167,926371,9727,85160,237007,45670,39490,186216,50791,924820,1551,277390,647430,1551,0,18,9709,8,10,9709,0,20006563,44790808,4977482,15029081,16572799,28218009,n27710,false,0.1569754595342825,0.876107180865686,0,3594,false,503,7,0.5756920014513685,0.3253993583469428,null
14851574,66055636,603926,13562456,685192,310195,293731,10139459,0,334148,351044,98268,211927,1468700,2248028,4076029,0,107144,227004,102439,248605,1258265,64797371,322167,926371,9727,85160,237007,45670,39490,186216,50791,924820,1551,277390,647430,1551,0,18,9709,8,10,9709,0,20006563,44790808,4977482,15029081,16572799,28218009,n5801,false,0.3528869979547403,0.9400657446647729,0,11967,false,501,3,0.9903206557499356,0.22055372787008853,null
14851574,66055636,603926,13562456,685192,310195,293731,10139459,0,334148,351044,98268,211927,1468700,2248028,4076029,0,107144,227004,102439,248605,1258265,64797371,322167,926371,9727,85160,237007,45670,39490,186216,50791,924820,1551,277390,647430,1551,0,18,9709,8,10,9709,0,20006563,44790808,4977482,15029081,16572799,28218009,n5800,false,0.22252956079409117,0.943061339031225,0,28996,false,500,1,0.5154315297129366,0.5365036078371258,null
14851574,66055636,603926,13562456,685192,310195,293731,10139459,0,334148,351044,98268,211927,1468700,2248028,4076029,0,107144,227004,102439,248605,1258265,64797371,322167,926371,9727,85160,237007,45670,39490,186216,50791,924820,1551,277390,647430,1551,0,18,9709,8,10,9709,0,20006563,44790808,4977482,15029081,16572799,28218009,n40744,false,0.9999954165814936,0.7311350292910216,0,70,false,504,9,0.6584706643642882,0.04574242879559054,null
14851574,66055636,603926,13562456,685192,310195,293731,10139459,0,334148,351044,98268,211927,1468700,2248028,4076029,0,107144,227004,102439,248605,1258265,64797371,322167,926371,9727,85160,237007,45670,39490,186216,50791,924820,1551,277390,647430,1551,0,18,9709,8,10,9709,0,20006563,44790808,4977482,15029081,16572799,28218009,n5805,true,0.37792845169893113,0.3818777818851853,11,5468,false,501,4,0.5238200823312092,0.6005767034402228,null
14851574,66055636,603926,13562456,685192,310195,293731,10139459,0,334148,351044,98268,211927,1468700,2248028,4076029,0,107144,227004,102439,248605,1258265,64797371,322167,926371,9727,85160,237007,45670,39490,186216,50791,924820,1551,277390,647430,1551,0,18,9709,8,10,9709,0,20006563,44790808,4977482,15029081,16572799,28218009,n16466,false,0.7617090295901425,0.5694892742910856,0,6147,false,502,4,0.875931054207721,0.24978970733581418,null
14851574,66055636,603926,13562456,685192,310195,293731,10139459,0,334148,351044,98268,211927,1468700,2248028,4076029,0,107144,227004,102439,248605,1258265,64797371,322167,926371,9727,85160,237007,45670,39490,186216,50791,924820,1551,277390,647430,1551,0,18,9709,8,10,9709,0,20006563,44790808,4977482,15029081,16572799,28218009,n12676,true,0.44782119835751927,0.7591902396440302,10,23302,false,0,1,0.8343878549527587,0.5768778104952481,null
14851574,66055636,603926,13562456,685192,310195,293731,10139459,0,334148,351044,98268,211927,1468700,2248028,4076029,0,107144,227004,102439,248605,1258265,64797371,322167,926371,9727,85160,237007,45670,39490,186216,50791,924820,1551,277390,647430,1551,0,18,9709,8,10,9709,0,20006563,44790808,4977482,15029081,16572799,28218009,n12672,false,0.33105198005852404,0.6969424348018052,0,10405,false,503,6,0.9004084391108634,0.04450446155563281,null
14851574,66055636,603926,13562456,685192,310195,293731,10139459,0,334148,351044,98268,211927,1468700,2248028,4076029,0,107144,227004,102439,248605,1258265,64797371,322167,926371,9727,85160,237007,45670,39490,186216,50791,924820,1551,277390,647430,1551,0,18,9709,8,10,9709,0,20006563,44790808,4977482,15029081,16572799,28218009,n990,false,0.020532353827180203,0.5649203804800224,0,1651,false,505,10,0.8662847968170542,0.11733989703019687,null
14851574,66055636,603926,13562456,685192,310195,293731,10139459,0,334148,351044,98268,211927,1468700,2248028,4076029,0,107144,227004,102439,248605,1258265,64797371,322167,926371,9727,85160,237007,45670,39490,186216,50791,924820,1551,277390,647430,1551,0,18,9709,8,10,9709,0,20006563,44790808,4977482,15029081,16572799,28218009,n12671,false,0.4694017031339572,0.21751112701994046,0,8049,false,503,7,0.8182386923806081,0.2677588158066645,null
14851574,66055636,603926,13562456,685192,310195,293731,10139459,0,334148,351044,98268,211927,1468700,2248028,4076029,0,107144,227004,102439,248605,1258265,64797371,322167,926371,9727,85160,237007,45670,39490,186216,50791,924820,1551,277390,647430,1551,0,18,9709,8,10,9709,0,20006563,44790808,4977482,15029081,16572799,28218009,n998,false,0.9141276166025125,0.3799081511480199,0,5081,false,505,11,0.9992656187208941,0.17523444903072016,null
14851574,66055636,603926,13562456,685192,310195,293731,10139459,0,334148,351044,98268,211927,1468700,2248028,4076029,0,107144,227004,102439,248605,1258265,64797371,322167,926371,9727,85160,237007,45670,39490,186216,50791,924820,1551,277390,647430,1551,0,18,9709,8,10,9709,0,20006563,44790808,4977482,15029081,16572799,28218009,n16446,false,0.60163701657674,0.7933589782330489,0,18818,false,501,3,0.7810798642677808,0.4660915184557231,null
14851574,66055636,603926,13562456,685192,310195,293731,10139459,0,334148,351044,98268,211927,1468700,2248028,4076029,0,107144,227004,102439,248605,1258265,64797371,322167,926371,9727,85160,237007,45670,39490,186216,50791,924820,1551,277390,647430,1551,0,18,9709,8,10,9709,0,20006563,44790808,4977482,15029081,16572799,28218009,n15312,false,0.5371815070512637,0.9713262546089695,0,1030,false,502,5,0.4586963869591812,0.7714230971732163,null
14851574,66055636,603926,13562456,685192,310195,293731,10139459,0,334148,351044,98268,211927,1468700,2248028,4076029,0,107144,227004,102439,248605,1258265,64797371,322167,926371,9727,85160,237007,45670,39490,186216,50791,924820,1551,277390,647430,1551,0,18,9709,8,10,9709,0,20006563,44790808,4977482,15029081,16572799,28218009,n16442,false,0.3138454924805998,0.808823515722084,0,10937,false,500,2,0.8786328826034576,0.16859222696509668,null
14851574,66055636,603926,13562456,685192,310195,293731,10139459,0,334148,351044,98268,211927,1468700,2248028,4076029,0,107144,227004,102439,248605,1258265,64797371,322167,926371,9727,85160,237007,45670,39490,186216,50791,924820,1551,277390,647430,1551,0,18,9709,8,10,9709,0,20006563,44790808,4977482,15029081,16572799,28218009,n16444,true,0.5810269584200148,0.8252750809900438,17,4661,false,501,5,0.8557770093072821,0.4617690654223238,null
14851574,66055636,603926,13562456,685192,310195,293731,10139459,0,334148,351044,98268,211927,1468700,2248028,4076029,0,107144,227004,102439,248605,1258265,64797371,322167,926371,9727,85160,237007,45670,39490,186216,50791,924820,1551,277390,647430,1551,0,18,9709,8,10,9709,0,20006563,44790808,4977482,15029081,16572799,28218009,n2506,false,0.687176706739394,0.8960177706667007,0,1413,false,502,4,0.8831852296294642,0.19733639172729556,null
14851574,66055636,603926,13562456,685192,310195,293731,10139459,0,334148,351044,98268,211927,1468700,2248028,4076029,0,107144,227004,102439,248605,1258265,64797371,322167,926371,9727,85160,237007,45670,39490,186216,50791,924820,1551,277390,647430,1551,0,18,9709,8,10,9709,0,20006563,44790808,4977482,15029081,16572799,28218009,n2505,true,0.8950764564203546,0.9563974916878808,11,28999,false,0,0,0.5012173684222768,0.9805825680287027,null
14851574,66055636,603926,13562456,685192,310195,293731,10139459,0,334148,351044,98268,211927,1468700,2248028,4076029,0,107144,227004,102439,248605,1258265,64797371,322167,926371,9727,85160,237007,45670,39490,186216,50791,924820,1551,277390,647430,1551,0,18,9709,8,10,9709,0,20006563,44790808,4977482,15029081,16572799,28218009,n16443,false,0.011850003086136937,0.7211016543602682,0,10271,false,501,4,0.3734471870240489,0.039783527796094176,null
14851574,66055636,603926,13562456,685192,310195,293731,10139459,0,334148,351044,98268,211927,1468700,2248028,4076029,0,107144,227004,102439,248605,1258265,64797371,322167,926371,9727,85160,237007,45670,39490,186216,50791,924820,1551,277390,647430,1551,0,18,9709,8,10,9709,0,20006563,44790808,4977482,15029081,16572799,28218009,n2503,false,0.5280163282762353,0.5178991248360384,0,15105,false,502,4,0.871970361256738,0.9791473772854966,null
14851574,66055636,603926,13562456,685192,310195,293731,10139459,0,334148,351044,98268,211927,1468700,2248028,4076029,0,107144,227004,102439,248605,1258265,64797371,322167,926371,9727,85160,237007,45670,39490,186216,50791,924820,1551,277390,647430,1551,0,18,9709,8,10,9709,0,20006563,44790808,4977482,15029081,16572799,28218009,n2501,false,0.9999998876802496,0.062082905044141934,0,6409,false,505,10,0.7479911611768484,0.2499413699314379,null
14851574,66055636,603926,13562456,685192,310195,293731,10139459,0,334148,351044,98268,211927,1468700,2248028,4076029,0,107144,227004,102439,248605,1258265,64797371,322167,926371,9727,85160,237007,45670,39490,186216,50791,924820,1551,277390,647430,1551,0,18,9709,8,10,9709,0,20006563,44790808,4977482,15029081,16572799,28218009,n12614,false,0.3336281684113962,0.6723578747651923,0,1126,false,501,2,0.757303053147824,0.27568773101109656,null
14851574,66055636,603926,13562456,685192,310195,293731,10139459,0,334148,351044,98268,211927,1468700,2248028,4076029,0,107144,227004,102439,248605,1258265,64797371,322167,926371,9727,85160,237007,45670,39490,186216,50791,924820,1551,277390,647430,1551,0,18,9709,8,10,9709,0,20006563,44790808,4977482,15029081,16572799,28218009,n12618,true,0.36695909615485706,0.8216040091374932,11,12886,false,500,2,0.3542291932738669,0.8291610462102668,null
14851574,66055636,603926,13562456,685192,310195,293731,10139459,0,334148,351044,98268,211927,1468700,2248028,4076029,0,107144,227004,102439,248605,1258265,64797371,322167,926371,9727,85160,237007,45670,39490,186216,50791,924820,1551,277390,647430,1551,0,18,9709,8,10,9709,0,20006563,44790808,4977482,15029081,16572799,28218009,n23213,false,0.9999996212468862,0.21016166658557134,0,997,false,503,8,0.7051419996125704,0.5979827180545734,null
14851574,66055636,603926,13562456,685192,310195,293731,10139459,0,334148,351044,98268,211927,1468700,2248028,4076029,0,107144,227004,102439,248605,1258265,64797371,322167,926371,9727,85160,237007,45670,39490,186216,50791,924820,1551,277390,647430,1551,0,18,9709,8,10,9709,0,20006563,44790808,4977482,15029081,16572799,28218009,n2517,false,0.5718332355624604,0.045430692378253146,0,280,false,505,11,0.7577248257647078,0.5435930543640977,null
14851574,66055636,603926,13562456,685192,310195,293731,10139459,0,334148,351044,98268,211927,1468700,2248028,4076029,0,107144,227004,102439,248605,1258265,64797371,322167,926371,9727,85160,237007,45670,39490,186216,50791,924820,1551,277390,647430,1551,0,18,9709,8,10,9709,0,20006563,44790808,4977482,15029081,16572799,28218009,n2519,true,0.40106624295469545,0.6972595630939858,14,11317,false,500,3,0.3503595355403333,0.995405773087971,null
14851574,66055636,603926,13562456,685192,310195,293731,10139459,0,334148,351044,98268,211927,1468700,2248028,4076029,0,107144,227004,102439,248605,1258265,64797371,322167,926371,9727,85160,237007,45670,39490,186216,50791,924820,1551,277390,647430,1551,0,18,9709,8,10,9709,0,20006563,44790808,4977482,15029081,16572799,28218009,n2511,true,0.8575116187846038,0.7503838580281627,6,245,false,505,13,0.5934458118723607,0.4319746855996947,null
14851574,66055636,603926,13562456,685192,310195,293731,10139459,0,334148,351044,98268,211927,1468700,2248028,4076029,0,107144,227004,102439,248605,1258265,64797371,322167,926371,9727,85160,237007,45670,39490,186216,50791,924820,1551,277390,647430,1551,0,18,9709,8,10,9709,0,20006563,44790808,4977482,15029081,16572799,28218009,n2515,false,0.42652656143806494,0.7940712708281721,0,2437,false,504,10,0.6777957598228265,0.8262496264586872,null
14851574,66055636,603926,13562456,685192,310195,293731,10139459,0,334148,351044,98268,211927,1468700,2248028,4076029,0,107144,227004,102439,248605,1258265,64797371,322167,926371,9727,85160,237007,45670,39490,186216,50791,924820,1551,277390,647430,1551,0,18,9709,8,10,9709,0,20006563,44790808,4977482,15029081,16572799,28218009,n2514,false,0.8568695381039735,0.23429595341675957,0,1638,false,501,4,0.15227127418090114,0.4759108112773886,null
14851574,66055636,603926,13562456,685192,310195,293731,10139459,0,334148,351044,98268,211927,1468700,2248028,4076029,0,107144,227004,102439,248605,1258265,64797371,322167,926371,9727,85160,237007,45670,39490,186216,50791,924820,1551,277390,647430,1551,0,18,9709,8,10,9709,0,20006563,44790808,4977482,15029081,16572799,28218009,n12644,true,0.810963275294144,0.8623415556789373,10,15159,false,501,5,0.9967726727886946,0.6161382687013667,null
14851574,66055636,603926,13562456,685192,310195,293731,10139459,0,334148,351044,98268,211927,1468700,2248028,4076029,0,107144,227004,102439,248605,1258265,64797371,322167,926371,9727,85160,237007,45670,39490,186216,50791,924820,1551,277390,647430,1551,0,18,9709,8,10,9709,0,20006563,44790808,4977482,15029081,16572799,28218009,n16426,false,0.961043135975635,0.4304214779397703,0,6797,false,503,6,0.5881409029749577,0.22299761168870147,null
14851574,66055636,603926,13562456,685192,310195,293731,10139459,0,334148,351044,98268,211927,1468700,2248028,4076029,0,107144,227004,102439,248605,1258265,64797371,322167,926371,9727,85160,237007,45670,39490,186216,50791,924820,1551,277390,647430,1551,0,18,9709,8,10,9709,0,20006563,44790808,4977482,15029081,16572799,28218009,n28894,false,0.125077512581466,0.5738155507392427,0,1149,false,502,4,0.8561750442546604,0.5983558295826366,null
14851574,66055636,603926,13562456,685192,310195,293731,10139459,0,334148,351044,98268,211927,1468700,2248028,4076029,0,107144,227004,102439,248605,1258265,64797371,322167,926371,9727,85160,237007,45670,39490,186216,50791,924820,1551,277390,647430,1551,0,18,9709,8,10,9709,0,20006563,44790808,4977482,15029081,16572799,28218009,n2529,false,0.517423876847941,0.6906288264015812,0,1287,false,506,15,0.46864189523833566,0.9068803582544247,null
14851574,66055636,603926,13562456,685192,310195,293731,10139459,0,334148,351044,98268,211927,1468700,2248028,4076029,0,107144,227004,102439,248605,1258265,64797371,322167,926371,9727,85160,237007,45670,39490,186216,50791,924820,1551,277390,647430,1551,0,18,9709,8,10,9709,0,20006563,44790808,4977482,15029081,16572799,28218009,n2527,false,0.045598328144947124,0.0954227388085841,0,13972,false,504,9,0.8445442612603687,0.5954914253219386,null
14851574,66055636,603926,13562456,685192,310195,293731,10139459,0,334148,351044,98268,211927,1468700,2248028,4076029,0,107144,227004,102439,248605,1258265,64797371,322167,926371,9727,85160,237007,45670,39490,186216,50791,924820,1551,277390,647430,1551,0,18,9709,8,10,9709,0,20006563,44790808,4977482,15029081,16572799,28218009,n2526,false,0.1377900494587496,0.40264638213660214,0,315,false,503,7,0.9674952630223108,0.17957447155689565,null
14851574,66055636,603926,13562456,685192,310195,293731,10139459,0,334148,351044,98268,211927,1468700,2248028,4076029,0,107144,227004,102439,248605,1258265,64797371,322167,926371,9727,85160,237007,45670,39490,186216,50791,924820,1551,277390,647430,1551,0,18,9709,8,10,9709,0,20006563,44790808,4977482,15029081,16572799,28218009,n2524,false,0.7359919258587321,0.26492543123262224,0,1449,false,503,7,0.231464069486363,0.47615838174007874,null
14851574,66055636,603926,13562456,685192,310195,293731,10139459,0,334148,351044,98268,211927,1468700,2248028,4076029,0,107144,227004,102439,248605,1258265,64797371,322167,926371,9727,85160,237007,45670,39490,186216,50791,924820,1551,277390,647430,1551,0,18,9709,8,10,9709,0,20006563,44790808,4977482,15029081,16572799,28218009,n2522,true,6.567410531909064E-4,1.306156545510806E-5,12,2634,false,501,4,0.8354419697195757,0.42758640407212795,null
14851574,66055636,603926,13562456,685192,310195,293731,10139459,0,334148,351044,98268,211927,1468700,2248028,4076029,0,107144,227004,102439,248605,1258265,64797371,322167,926371,9727,85160,237007,45670,39490,186216,50791,924820,1551,277390,647430,1551,0,18,9709,8,10,9709,0,20006563,44790808,4977482,15029081,16572799,28218009,n2539,false,0.9269105995014102,0.4527093618249014,0,15039,false,502,4,0.7556875132046468,0.43927880475179815,null
14851574,66055636,603926,13562456,685192,310195,293731,10139459,0,334148,351044,98268,211927,1468700,2248028,4076029,0,107144,227004,102439,248605,1258265,64797371,322167,926371,9727,85160,237007,45670,39490,186216,50791,924820,1551,277390,647430,1551,0,18,9709,8,10,9709,0,20006563,44790808,4977482,15029081,16572799,28218009,n42608,false,0.5524200807835596,0.7024495669859026,0,13189,false,500,2,0.9421340189911782,0.9828319714772864,null
14851574,66055636,603926,13562456,685192,310195,293731,10139459,0,334148,351044,98268,211927,1468700,2248028,4076029,0,107144,227004,102439,248605,1258265,64797371,322167,926371,9727,85160,237007,45670,39490,186216,50791,924820,1551,277390,647430,1551,0,18,9709,8,10,9709,0,20006563,44790808,4977482,15029081,16572799,28218009,n2531,false,0.7245692834731858,0.07122489705758561,0,11064,false,502,4,0.6983429453157829,0.1320453329209893,null
14851574,66055636,603926,13562456,685192,310195,293731,10139459,0,334148,351044,98268,211927,1468700,2248028,4076029,0,107144,227004,102439,248605,1258265,64797371,322167,926371,9727,85160,237007,45670,39490,186216,50791,924820,1551,277390,647430,1551,0,18,9709,8,10,9709,0,20006563,44790808,4977482,15029081,16572799,28218009,n2437,true,0.8802973302859849,0.09646901094069427,10,69,false,501,7,0.6618808483293217,0.7482343762353221,null
14851574,66055636,603926,13562456,685192,310195,293731,10139459,0,334148,351044,98268,211927,1468700,2248028,4076029,0,107144,227004,102439,248605,1258265,64797371,322167,926371,9727,85160,237007,45670,39490,186216,50791,924820,1551,277390,647430,1551,0,18,9709,8,10,9709,0,20006563,44790808,4977482,15029081,16572799,28218009,n4208,false,0.782764038580613,0.4667547214432082,0,2692,false,507,14,0.26952718331460734,0.40143173384234376,null
14851574,66055636,603926,13562456,685192,310195,293731,10139459,0,334148,351044,98268,211927,1468700,2248028,4076029,0,107144,227004,102439,248605,1258265,64797371,322167,926371,9727,85160,237007,45670,39490,186216,50791,924820,1551,277390,647430,1551,0,18,9709,8,10,9709,0,20006563,44790808,4977482,15029081,16572799,28218009,n4209,false,0.8657757992736566,0.31798508907036294,0,762,false,502,4,0.8414414531003153,0.28554308736397416,null
14851574,66055636,603926,13562456,685192,310195,293731,10139459,0,334148,351044,98268,211927,1468700,2248028,4076029,0,107144,227004,102439,248605,1258265,64797371,322167,926371,9727,85160,237007,45670,39490,186216,50791,924820,1551,277390,647430,1551,0,18,9709,8,10,9709,0,20006563,44790808,4977482,15029081,16572799,28218009,n4206,false,0.24644597152684045,0.8788532341476717,0,26063,false,500,1,0.6251536250469731,0.9630235040070863,null
14851574,66055636,603926,13562456,685192,310195,293731,10139459,0,334148,351044,98268,211927,1468700,2248028,4076029,0,107144,227004,102439,248605,1258265,64797371,322167,926371,9727,85160,237007,45670,39490,186216,50791,924820,1551,277390,647430,1551,0,18,9709,8,10,9709,0,20006563,44790808,4977482,15029081,16572799,28218009,n2433,false,0.339602246471449,0.08973493456062864,0,8428,false,502,5,0.8128947224472153,0.7601504801270046,null
14851574,66055636,603926,13562456,685192,310195,293731,10139459,0,334148,351044,98268,211927,1468700,2248028,4076029,0,107144,227004,102439,248605,1258265,64797371,322167,926371,9727,85160,237007,45670,39490,186216,50791,924820,1551,277390,647430,1551,0,18,9709,8,10,9709,0,20006563,44790808,4977482,15029081,16572799,28218009,n18095,false,0.6959353339851793,0.4422963898653429,0,15265,false,503,7,0.6813744712021222,0.5855196949508286,null
14851574,66055636,603926,13562456,685192,310195,293731,10139459,0,334148,351044,98268,211927,1468700,2248028,4076029,0,107144,227004,102439,248605,1258265,64797371,322167,926371,9727,85160,237007,45670,39490,186216,50791,924820,1551,277390,647430,1551,0,18,9709,8,10,9709,0,20006563,44790808,4977482,15029081,16572799,28218009,n2441,false,0.9315387995515333,0.32103249357670016,0,1170,false,504,8,0.8426048937659851,0.7416378078694883,null
14851574,66055636,603926,13562456,685192,310195,293731,10139459,0,334148,351044,98268,211927,1468700,2248028,4076029,0,107144,227004,102439,248605,1258265,64797371,322167,926371,9727,85160,237007,45670,39490,186216,50791,924820,1551,277390,647430,1551,0,18,9709,8,10,9709,0,20006563,44790808,4977482,15029081,16572799,28218009,n5740,true,0.695977810395853,0.8861047098995274,13,10555,false,500,3,0.8284882104984979,0.36961328393159043,null
14851574,66055636,603926,13562456,685192,310195,293731,10139459,0,334148,351044,98268,211927,1468700,2248028,4076029,0,107144,227004,102439,248605,1258265,64797371,322167,926371,9727,85160,237007,45670,39490,186216,50791,924820,1551,277390,647430,1551,0,18,9709,8,10,9709,0,20006563,44790808,4977482,15029081,16572799,28218009,n18098,false,0.34900615089410697,0.44471927061669186,0,5686,false,501,4,0.8689501217163224,0.48002111996661895,null
14851574,66055636,603926,13562456,685192,310195,293731,10139459,0,334148,351044,98268,211927,1468700,2248028,4076029,0,107144,227004,102439,248605,1258265,64797371,322167,926371,9727,85160,237007,45670,39490,186216,50791,924820,1551,277390,647430,1551,0,18,9709,8,10,9709,0,20006563,44790808,4977482,15029081,16572799,28218009,n2424,false,0.41197457928310355,0.6473517892555585,0,9942,false,500,2,0.7116707616131956,0.9553993667220528,null
14851574,66055636,603926,13562456,685192,310195,293731,10139459,0,334148,351044,98268,211927,1468700,2248028,4076029,0,107144,227004,102439,248605,1258265,64797371,322167,926371,9727,85160,237007,45670,39490,186216,50791,924820,1551,277390,647430,1551,0,18,9709,8,10,9709,0,20006563,44790808,4977482,15029081,16572799,28218009,n2425,false,0.7135172025192759,0.10432220218516364,0,2738,false,501,2,0.2983242296842056,0.8558693171880737,null
14851574,66055636,603926,13562456,685192,310195,293731,10139459,0,334148,351044,98268,211927,1468700,2248028,4076029,0,107144,227004,102439,248605,1258265,64797371,322167,926371,9727,85160,237007,45670,39490,186216,50791,924820,1551,277390,647430,1551,0,18,9709,8,10,9709,0,20006563,44790808,4977482,15029081,16572799,28218009,n5743,true,0.5347834061380458,0.3350357674045935,9,5203,false,503,7,0.5058082198008182,0.12790275145883656,null
14851574,66055636,603926,13562456,685192,310195,293731,10139459,0,334148,351044,98268,211927,1468700,2248028,4076029,0,107144,227004,102439,248605,1258265,64797371,322167,926371,9727,85160,237007,45670,39490,186216,50791,924820,1551,277390,647430,1551,0,18,9709,8,10,9709,0,20006563,44790808,4977482,15029081,16572799,28218009,n2423,false,0.31102481321169767,0.16744243063006337,0,2792,false,507,14,0.9478223933817203,0.8622954196453695,null
14851574,66055636,603926,13562456,685192,310195,293731,10139459,0,334148,351044,98268,211927,1468700,2248028,4076029,0,107144,227004,102439,248605,1258265,64797371,322167,926371,9727,85160,237007,45670,39490,186216,50791,924820,1551,277390,647430,1551,0,18,9709,8,10,9709,0,20006563,44790808,4977482,15029081,16572799,28218009,n23123,false,0.2922871014101956,0.8557919006559904,0,7266,false,501,4,0.990890724187506,0.5591115333532505,null
14851574,66055636,603926,13562456,685192,310195,293731,10139459,0,334148,351044,98268,211927,1468700,2248028,4076029,0,107144,227004,102439,248605,1258265,64797371,322167,926371,9727,85160,237007,45670,39490,186216,50791,924820,1551,277390,647430,1551,0,18,9709,8,10,9709,0,20006563,44790808,4977482,15029081,16572799,28218009,n5752,false,0.37085899443613446,0.14409504397792683,0,13875,false,503,8,0.9158831037964189,0.5993063448676409,null
14851574,66055636,603926,13562456,685192,310195,293731,10139459,0,334148,351044,98268,211927,1468700,2248028,4076029,0,107144,227004,102439,248605,1258265,64797371,322167,926371,9727,85160,237007,45670,39490,186216,50791,924820,1551,277390,647430,1551,0,18,9709,8,10,9709,0,20006563,44790808,4977482,15029081,16572799,28218009,n5753,true,0.5139347628886484,0.7532630431576391,14,1447,false,504,10,0.6876787653744713,0.5716845809061333,null
14851574,66055636,603926,13562456,685192,310195,293731,10139459,0,334148,351044,98268,211927,1468700,2248028,4076029,0,107144,227004,102439,248605,1258265,64797371,322167,926371,9727,85160,237007,45670,39490,186216,50791,924820,1551,277390,647430,1551,0,18,9709,8,10,9709,0,20006563,44790808,4977482,15029081,16572799,28218009,n2454,false,0.9999975009649111,0.7024097114305995,0,2011,false,501,4,0.9727228100011137,0.49156587469746166,null
14851574,66055636,603926,13562456,685192,310195,293731,10139459,0,334148,351044,98268,211927,1468700,2248028,4076029,0,107144,227004,102439,248605,1258265,64797371,322167,926371,9727,85160,237007,45670,39490,186216,50791,924820,1551,277390,647430,1551,0,18,9709,8,10,9709,0,20006563,44790808,4977482,15029081,16572799,28218009,n35295,false,0.11089483835234343,0.1731465639905444,0,134,false,503,7,0.4330546379908934,0.059563581222995876,null
14851574,66055636,603926,13562456,685192,310195,293731,10139459,0,334148,351044,98268,211927,1468700,2248028,4076029,0,107144,227004,102439,248605,1258265,64797371,322167,926371,9727,85160,237007,45670,39490,186216,50791,924820,1551,277390,647430,1551,0,18,9709,8,10,9709,0,20006563,44790808,4977482,15029081,16572799,28218009,n5757,false,0.6442602206106717,0.46458690947193826,0,27928,false,501,3,0.9489365535712407,0.42247150648724063,null
14851574,66055636,603926,13562456,685192,310195,293731,10139459,0,334148,351044,98268,211927,1468700,2248028,4076029,0,107144,227004,102439,248605,1258265,64797371,322167,926371,9727,85160,237007,45670,39490,186216,50791,924820,1551,277390,647430,1551,0,18,9709,8,10,9709,0,20006563,44790808,4977482,15029081,16572799,28218009,n2458,false,0.389694570427476,0.07332458227837935,0,6075,false,505,11,0.19316448006316067,0.4589147880876845,null
14851574,66055636,603926,13562456,685192,310195,293731,10139459,0,334148,351044,98268,211927,1468700,2248028,4076029,0,107144,227004,102439,248605,1258265,64797371,322167,926371,9727,85160,237007,45670,39490,186216,50791,924820,1551,277390,647430,1551,0,18,9709,8,10,9709,0,20006563,44790808,4977482,15029081,16572799,28218009,n5759,false,0.5865998552793663,0.4298152739050432,0,5503,false,501,4,0.24628108508747626,0.7961205702228601,null
14851574,66055636,603926,13562456,685192,310195,293731,10139459,0,334148,351044,98268,211927,1468700,2248028,4076029,0,107144,227004,102439,248605,1258265,64797371,322167,926371,9727,85160,237007,45670,39490,186216,50791,924820,1551,277390,647430,1551,0,18,9709,8,10,9709,0,20006563,44790808,4977482,15029081,16572799,28218009,n4230,false,0.8131714071924525,0.43143718283140275,0,1642,false,503,7,0.8758574960599758,0.49788557471769046,null
14851574,66055636,603926,13562456,685192,310195,293731,10139459,0,334148,351044,98268,211927,1468700,2248028,4076029,0,107144,227004,102439,248605,1258265,64797371,322167,926371,9727,85160,237007,45670,39490,186216,50791,924820,1551,277390,647430,1551,0,18,9709,8,10,9709,0,20006563,44790808,4977482,15029081,16572799,28218009,n4234,false,0.9999977871425049,0.029634745638290827,0,3605,false,503,8,0.9195766703200178,0.7665598527014436,null
14851574,66055636,603926,13562456,685192,310195,293731,10139459,0,334148,351044,98268,211927,1468700,2248028,4076029,0,107144,227004,102439,248605,1258265,64797371,322167,926371,9727,85160,237007,45670,39490,186216,50791,924820,1551,277390,647430,1551,0,18,9709,8,10,9709,0,20006563,44790808,4977482,15029081,16572799,28218009,n2460,false,0.06712443213316563,0.13869638341197787,0,1888,false,502,5,0.599018106515282,0.8635306831271949,null
14851574,66055636,603926,13562456,685192,310195,293731,10139459,0,334148,351044,98268,211927,1468700,2248028,4076029,0,107144,227004,102439,248605,1258265,64797371,322167,926371,9727,85160,237007,45670,39490,186216,50791,924820,1551,277390,647430,1551,0,18,9709,8,10,9709,0,20006563,44790808,4977482,15029081,16572799,28218009,n7058,false,0.4561375206067015,0.39398870137138187,0,3754,false,507,15,0.39042502851413274,0.6500717489642859,null
14851574,66055636,603926,13562456,685192,310195,293731,10139459,0,334148,351044,98268,211927,1468700,2248028,4076029,0,107144,227004,102439,248605,1258265,64797371,322167,926371,9727,85160,237007,45670,39490,186216,50791,924820,1551,277390,647430,1551,0,18,9709,8,10,9709,0,20006563,44790808,4977482,15029081,16572799,28218009,n5770,true,0.6289932152131079,0.6821708136432899,11,12689,false,500,3,0.9857613289077706,0.32334597870413206,null
14851574,66055636,603926,13562456,685192,310195,293731,10139459,0,334148,351044,98268,211927,1468700,2248028,4076029,0,107144,227004,102439,248605,1258265,64797371,322167,926371,9727,85160,237007,45670,39490,186216,50791,924820,1551,277390,647430,1551,0,18,9709,8,10,9709,0,20006563,44790808,4977482,15029081,16572799,28218009,n4240,false,0.8296503771004916,0.27074196580921595,0,16182,false,500,2,0.6956855495613332,0.31730552167499665,null
14851574,66055636,603926,13562456,685192,310195,293731,10139459,0,334148,351044,98268,211927,1468700,2248028,4076029,0,107144,227004,102439,248605,1258265,64797371,322167,926371,9727,85160,237007,45670,39490,186216,50791,924820,1551,277390,647430,1551,0,18,9709,8,10,9709,0,20006563,44790808,4977482,15029081,16572799,28218009,n2450,false,0.9999993202423924,0.8311380526028265,0,11029,false,501,3,0.6401652763659578,0.4465266951412175,null
14851574,66055636,603926,13562456,685192,310195,293731,10139459,0,334148,351044,98268,211927,1468700,2248028,4076029,0,107144,227004,102439,248605,1258265,64797371,322167,926371,9727,85160,237007,45670,39490,186216,50791,924820,1551,277390,647430,1551,0,18,9709,8,10,9709,0,20006563,44790808,4977482,15029081,16572799,28218009,n2451,true,0.29353097606536777,0.47805456275843383,11,126,false,504,9,0.9739538332645994,0.1700094784083358,null
14851574,66055636,603926,13562456,685192,310195,293731,10139459,0,334148,351044,98268,211927,1468700,2248028,4076029,0,107144,227004,102439,248605,1258265,64797371,322167,926371,9727,85160,237007,45670,39490,186216,50791,924820,1551,277390,647430,1551,0,18,9709,8,10,9709,0,20006563,44790808,4977482,15029081,16572799,28218009,n4244,false,0.5840788491911617,0.5569166785495465,0,2729,false,505,11,0.8086535063976867,0.34656771207065057,null
14851574,66055636,603926,13562456,685192,310195,293731,10139459,0,334148,351044,98268,211927,1468700,2248028,4076029,0,107144,227004,102439,248605,1258265,64797371,322167,926371,9727,85160,237007,45670,39490,186216,50791,924820,1551,277390,647430,1551,0,18,9709,8,10,9709,0,20006563,44790808,4977482,15029081,16572799,28218009,n2478,true,0.7354012906069196,0.5000403484477731,6,9817,false,500,2,0.9465002628985141,0.7937405827723829,null
14851574,66055636,603926,13562456,685192,310195,293731,10139459,0,334148,351044,98268,211927,1468700,2248028,4076029,0,107144,227004,102439,248605,1258265,64797371,322167,926371,9727,85160,237007,45670,39490,186216,50791,924820,1551,277390,647430,1551,0,18,9709,8,10,9709,0,20006563,44790808,4977482,15029081,16572799,28218009,n19505,false,0.501317532626889,0.17267545605245738,0,6277,false,502,5,0.6843085625956783,0.9846986873866878,null
14851574,66055636,603926,13562456,685192,310195,293731,10139459,0,334148,351044,98268,211927,1468700,2248028,4076029,0,107144,227004,102439,248605,1258265,64797371,322167,926371,9727,85160,237007,45670,39490,186216,50791,924820,1551,277390,647430,1551,0,18,9709,8,10,9709,0,20006563,44790808,4977482,15029081,16572799,28218009,n2476,false,0.9999980575502583,0.6079735941191828,0,17900,false,502,5,0.8753433633673062,0.42766543514812183,null
14851574,66055636,603926,13562456,685192,310195,293731,10139459,0,334148,351044,98268,211927,1468700,2248028,4076029,0,107144,227004,102439,248605,1258265,64797371,322167,926371,9727,85160,237007,45670,39490,186216,50791,924820,1551,277390,647430,1551,0,18,9709,8,10,9709,0,20006563,44790808,4977482,15029081,16572799,28218009,n2475,false,0.8926282185899537,0.9085262685439561,0,4349,false,504,8,0.7744721471927427,0.8578344247591033,null
14851574,66055636,603926,13562456,685192,310195,293731,10139459,0,334148,351044,98268,211927,1468700,2248028,4076029,0,107144,227004,102439,248605,1258265,64797371,322167,926371,9727,85160,237007,45670,39490,186216,50791,924820,1551,277390,647430,1551,0,18,9709,8,10,9709,0,20006563,44790808,4977482,15029081,16572799,28218009,n54665,false,0.5817799189234882,0.2772560734314342,0,4477,false,504,9,0.5081899342021784,0.09190802896772143,null
14851574,66055636,603926,13562456,685192,310195,293731,10139459,0,334148,351044,98268,211927,1468700,2248028,4076029,0,107144,227004,102439,248605,1258265,64797371,322167,926371,9727,85160,237007,45670,39490,186216,50791,924820,1551,277390,647430,1551,0,18,9709,8,10,9709,0,20006563,44790808,4977482,15029081,16572799,28218009,n2482,false,0.34262473521372966,0.1862941742652232,0,1865,false,501,3,0.507963114468765,0.33423909410420977,null
14851574,66055636,603926,13562456,685192,310195,293731,10139459,0,334148,351044,98268,211927,1468700,2248028,4076029,0,107144,227004,102439,248605,1258265,64797371,322167,926371,9727,85160,237007,45670,39490,186216,50791,924820,1551,277390,647430,1551,0,18,9709,8,10,9709,0,20006563,44790808,4977482,15029081,16572799,28218009,n4251,false,0.9999990454483442,0.7636387922917315,0,426,false,504,8,0.5267981591489923,0.08500296237717597,null
14851574,66055636,603926,13562456,685192,310195,293731,10139459,0,334148,351044,98268,211927,1468700,2248028,4076029,0,107144,227004,102439,248605,1258265,64797371,322167,926371,9727,85160,237007,45670,39490,186216,50791,924820,1551,277390,647430,1551,0,18,9709,8,10,9709,0,20006563,44790808,4977482,15029081,16572799,28218009,n2481,true,0.8826147187136698,0.0772990858168261,8,5790,false,501,4,0.9255817163012351,0.500398248667457,null
14851574,66055636,603926,13562456,685192,310195,293731,10139459,0,334148,351044,98268,211927,1468700,2248028,4076029,0,107144,227004,102439,248605,1258265,64797371,322167,926371,9727,85160,237007,45670,39490,186216,50791,924820,1551,277390,647430,1551,0,18,9709,8,10,9709,0,20006563,44790808,4977482,15029081,16572799,28218009,n18052,false,0.5752484516307703,0.8407478759151383,0,7157,false,506,14,0.44973427378241715,0.17230991860345302,null
14851574,66055636,603926,13562456,685192,310195,293731,10139459,0,334148,351044,98268,211927,1468700,2248028,4076029,0,107144,227004,102439,248605,1258265,64797371,322167,926371,9727,85160,237007,45670,39490,186216,50791,924820,1551,277390,647430,1551,0,18,9709,8,10,9709,0,20006563,44790808,4977482,15029081,16572799,28218009,n5703,false,0.6282606523536585,0.7026373353727329,0,14100,false,502,5,0.8070785827082728,0.25383194711703916,null
14851574,66055636,603926,13562456,685192,310195,293731,10139459,0,334148,351044,98268,211927,1468700,2248028,4076029,0,107144,227004,102439,248605,1258265,64797371,322167,926371,9727,85160,237007,45670,39490,186216,50791,924820,1551,277390,647430,1551,0,18,9709,8,10,9709,0,20006563,44790808,4977482,15029081,16572799,28218009,n4257,true,0.819992551362064,0.18518284231443205,11,7742,false,501,5,0.23637332080089968,0.27772122203528926,null
14851574,66055636,603926,13562456,685192,310195,293731,10139459,0,334148,351044,98268,211927,1468700,2248028,4076029,0,107144,227004,102439,248605,1258265,64797371,322167,926371,9727,85160,237007,45670,39490,186216,50791,924820,1551,277390,647430,1551,0,18,9709,8,10,9709,0,20006563,44790808,4977482,15029081,16572799,28218009,n19514,false,0.8730336741045971,0.05315512212949425,0,9765,false,502,5,0.8353189326647233,0.22149565852398578,null
14851574,66055636,603926,13562456,685192,310195,293731,10139459,0,334148,351044,98268,211927,1468700,2248028,4076029,0,107144,227004,102439,248605,1258265,64797371,322167,926371,9727,85160,237007,45670,39490,186216,50791,924820,1551,277390,647430,1551,0,18,9709,8,10,9709,0,20006563,44790808,4977482,15029081,16572799,28218009,n4259,false,0.8638259618382522,0.516227571663751,0,6222,false,503,6,0.7540220261090796,0.884189432918499,null
14851574,66055636,603926,13562456,685192,310195,293731,10139459,0,334148,351044,98268,211927,1468700,2248028,4076029,0,107144,227004,102439,248605,1258265,64797371,322167,926371,9727,85160,237007,45670,39490,186216,50791,924820,1551,277390,647430,1551,0,18,9709,8,10,9709,0,20006563,44790808,4977482,15029081,16572799,28218009,n2466,false,0.8407152064812006,0.6687336688595068,0,3463,false,503,7,0.555971572119146,0.7943790810799085,null
14851574,66055636,603926,13562456,685192,310195,293731,10139459,0,334148,351044,98268,211927,1468700,2248028,4076029,0,107144,227004,102439,248605,1258265,64797371,322167,926371,9727,85160,237007,45670,39490,186216,50791,924820,1551,277390,647430,1551,0,18,9709,8,10,9709,0,20006563,44790808,4977482,15029081,16572799,28218009,n4264,false,0.9930246120270307,0.6625902299591307,0,8087,false,501,4,0.7106618641003222,0.275496849774738,null
14851574,66055636,603926,13562456,685192,310195,293731,10139459,0,334148,351044,98268,211927,1468700,2248028,4076029,0,107144,227004,102439,248605,1258265,64797371,322167,926371,9727,85160,237007,45670,39490,186216,50791,924820,1551,277390,647430,1551,0,18,9709,8,10,9709,0,20006563,44790808,4977482,15029081,16572799,28218009,n2474,false,0.4945215951631312,0.6719755610754022,0,13044,false,502,4,0.9514238364496664,0.030373444817308193,null
14851574,66055636,603926,13562456,685192,310195,293731,10139459,0,334148,351044,98268,211927,1468700,2248028,4076029,0,107144,227004,102439,248605,1258265,64797371,322167,926371,9727,85160,237007,45670,39490,186216,50791,924820,1551,277390,647430,1551,0,18,9709,8,10,9709,0,20006563,44790808,4977482,15029081,16572799,28218009,n4260,false,0.9999965607335403,0.5683182474351867,0,2926,false,501,2,0.6328646342112478,0.8796908804842211,null
14851574,66055636,603926,13562456,685192,310195,293731,10139459,0,334148,351044,98268,211927,1468700,2248028,4076029,0,107144,227004,102439,248605,1258265,64797371,322167,926371,9727,85160,237007,45670,39490,186216,50791,924820,1551,277390,647430,1551,0,18,9709,8,10,9709,0,20006563,44790808,4977482,15029081,16572799,28218009,n2470,false,0.35016603239023075,0.15641008226916586,0,5793,false,501,2,0.9577688097441119,0.02061744473589655,null
14851574,66055636,603926,13562456,685192,310195,293731,10139459,0,334148,351044,98268,211927,1468700,2248028,4076029,0,107144,227004,102439,248605,1258265,64797371,322167,926371,9727,85160,237007,45670,39490,186216,50791,924820,1551,277390,647430,1551,0,18,9709,8,10,9709,0,20006563,44790808,4977482,15029081,16572799,28218009,n31065,true,0.7194478264165951,0.9516244651511327,11,28999,false,0,0,0.07772730957420193,0.8390409348498011,null
14851574,66055636,603926,13562456,685192,310195,293731,10139459,0,334148,351044,98268,211927,1468700,2248028,4076029,0,107144,227004,102439,248605,1258265,64797371,322167,926371,9727,85160,237007,45670,39490,186216,50791,924820,1551,277390,647430,1551,0,18,9709,8,10,9709,0,20006563,44790808,4977482,15029081,16572799,28218009,n2499,false,0.6744217814674139,0.20406888143146484,0,1783,false,501,3,0.9501708622491243,0.020017283755846882,null
14851574,66055636,603926,13562456,685192,310195,293731,10139459,0,334148,351044,98268,211927,1468700,2248028,4076029,0,107144,227004,102439,248605,1258265,64797371,322167,926371,9727,85160,237007,45670,39490,186216,50791,924820,1551,277390,647430,1551,0,18,9709,8,10,9709,0,20006563,44790808,4977482,15029081,16572799,28218009,n2498,false,0.5572903033795421,0.1506117380403137,0,13274,false,500,1,0.8419531086430322,0.3635327462194457,null
14851574,66055636,603926,13562456,685192,310195,293731,10139459,0,334148,351044,98268,211927,1468700,2248028,4076029,0,107144,227004,102439,248605,1258265,64797371,322167,926371,9727,85160,237007,45670,39490,186216,50791,924820,1551,277390,647430,1551,0,18,9709,8,10,9709,0,20006563,44790808,4977482,15029081,16572799,28218009,n2497,false,0.06356773111260436,0.6954260285971433,0,71,false,502,4,0.8456174626156945,0.28228449555765733,null
14851574,66055636,603926,13562456,685192,310195,293731,10139459,0,334148,351044,98268,211927,1468700,2248028,4076029,0,107144,227004,102439,248605,1258265,64797371,322167,926371,9727,85160,237007,45670,39490,186216,50791,924820,1551,277390,647430,1551,0,18,9709,8,10,9709,0,20006563,44790808,4977482,15029081,16572799,28218009,n5715,true,0.7814129278760825,0.8399846214975074,12,25080,false,0,1,0.9437858198250858,0.23676267079387925,null
14851574,66055636,603926,13562456,685192,310195,293731,10139459,0,334148,351044,98268,211927,1468700,2248028,4076029,0,107144,227004,102439,248605,1258265,64797371,322167,926371,9727,85160,237007,45670,39490,186216,50791,924820,1551,277390,647430,1551,0,18,9709,8,10,9709,0,20006563,44790808,4977482,15029081,16572799,28218009,n5716,false,0.40108048969004756,0.3917332241040145,0,9030,false,501,2,0.1434873944551247,0.030049261540630368,null
14851574,66055636,603926,13562456,685192,310195,293731,10139459,0,334148,351044,98268,211927,1468700,2248028,4076029,0,107144,227004,102439,248605,1258265,64797371,322167,926371,9727,85160,237007,45670,39490,186216,50791,924820,1551,277390,647430,1551,0,18,9709,8,10,9709,0,20006563,44790808,4977482,15029081,16572799,28218009,n5722,false,0.8361702953204807,0.15071147735457657,0,7511,false,502,5,0.806392648995098,0.14876393311838387,null
14851574,66055636,603926,13562456,685192,310195,293731,10139459,0,334148,351044,98268,211927,1468700,2248028,4076029,0,107144,227004,102439,248605,1258265,64797371,322167,926371,9727,85160,237007,45670,39490,186216,50791,924820,1551,277390,647430,1551,0,18,9709,8,10,9709,0,20006563,44790808,4977482,15029081,16572799,28218009,n2486,false,0.4923725371825376,0.7925566872981609,0,6744,false,502,5,0.7846301802375999,0.2820669576315977,null
14851574,66055636,603926,13562456,685192,310195,293731,10139459,0,334148,351044,98268,211927,1468700,2248028,4076029,0,107144,227004,102439,248605,1258265,64797371,322167,926371,9727,85160,237007,45670,39490,186216,50791,924820,1551,277390,647430,1551,0,18,9709,8,10,9709,0,20006563,44790808,4977482,15029081,16572799,28218009,n2489,false,0.9642087895791251,0.19764161102933608,0,8332,false,500,2,0.7796572292378134,0.5961552764216688,null
14851574,66055636,603926,13562456,685192,310195,293731,10139459,0,334148,351044,98268,211927,1468700,2248028,4076029,0,107144,227004,102439,248605,1258265,64797371,322167,926371,9727,85160,237007,45670,39490,186216,50791,924820,1551,277390,647430,1551,0,18,9709,8,10,9709,0,20006563,44790808,4977482,15029081,16572799,28218009,n5725,false,0.9999961330579941,0.9347157559145269,0,15047,false,502,5,0.8055354132966639,0.6460593147294265,null
14851574,66055636,603926,13562456,685192,310195,293731,10139459,0,334148,351044,98268,211927,1468700,2248028,4076029,0,107144,227004,102439,248605,1258265,64797371,322167,926371,9727,85160,237007,45670,39490,186216,50791,924820,1551,277390,647430,1551,0,18,9709,8,10,9709,0,20006563,44790808,4977482,15029081,16572799,28218009,n18048,false,0.8858546824337387,0.5806162564209281,0,10707,false,502,5,0.7469758905615174,0.7931590995910158,null
14851574,66055636,603926,13562456,685192,310195,293731,10139459,0,334148,351044,98268,211927,1468700,2248028,4076029,0,107144,227004,102439,248605,1258265,64797371,322167,926371,9727,85160,237007,45670,39490,186216,50791,924820,1551,277390,647430,1551,0,18,9709,8,10,9709,0,20006563,44790808,4977482,15029081,16572799,28218009,n2492,true,0.04645322187554234,0.6364572169099866,10,10164,false,0,1,0.6505261569754854,0.8541777081648262,null
14851574,66055636,603926,13562456,685192,310195,293731,10139459,0,334148,351044,98268,211927,1468700,2248028,4076029,0,107144,227004,102439,248605,1258265,64797371,322167,926371,9727,85160,237007,45670,39490,186216,50791,924820,1551,277390,647430,1551,0,18,9709,8,10,9709,0,20006563,44790808,4977482,15029081,16572799,28218009,n2493,false,0.26437450032858617,0.775565652198548,0,12903,false,501,5,0.8800067613388919,0.5170100152010929,null
14851574,66055636,603926,13562456,685192,310195,293731,10139459,0,334148,351044,98268,211927,1468700,2248028,4076029,0,107144,227004,102439,248605,1258265,64797371,322167,926371,9727,85160,237007,45670,39490,186216,50791,924820,1551,277390,647430,1551,0,18,9709,8,10,9709,0,20006563,44790808,4977482,15029081,16572799,28218009,n2495,true,0.847553992429349,0.7945520299310983,10,28999,false,0,0,0.7253269881977047,0.24860800288115226,null
14851574,66055636,603926,13562456,685192,310195,293731,10139459,0,334148,351044,98268,211927,1468700,2248028,4076029,0,107144,227004,102439,248605,1258265,64797371,322167,926371,9727,85160,237007,45670,39490,186216,50791,924820,1551,277390,647430,1551,0,18,9709,8,10,9709,0,20006563,44790808,4977482,15029081,16572799,28218009,n4280,false,0.8175356614638264,0.8828093559928477,0,28999,false,500,0,0.6358974187583736,0.35536166356851207,null
14851574,66055636,603926,13562456,685192,310195,293731,10139459,0,334148,351044,98268,211927,1468700,2248028,4076029,0,107144,227004,102439,248605,1258265,64797371,322167,926371,9727,85160,237007,45670,39490,186216,50791,924820,1551,277390,647430,1551,0,18,9709,8,10,9709,0,20006563,44790808,4977482,15029081,16572799,28218009,n4281,false,0.016089748331775282,0.03899362545234364,0,1986,false,506,12,0.7671517472944073,0.744470103677631,null
14851574,66055636,603926,13562456,685192,310195,293731,10139459,0,334148,351044,98268,211927,1468700,2248028,4076029,0,107144,227004,102439,248605,1258265,64797371,322167,926371,9727,85160,237007,45670,39490,186216,50791,924820,1551,277390,647430,1551,0,18,9709,8,10,9709,0,20006563,44790808,4977482,15029081,16572799,28218009,n1392,false,0.04234189927684514,0.4874007869824325,0,27525,false,501,2,0.7343067221207835,0.8153580967960652,null
14851574,66055636,603926,13562456,685192,310195,293731,10139459,0,334148,351044,98268,211927,1468700,2248028,4076029,0,107144,227004,102439,248605,1258265,64797371,322167,926371,9727,85160,237007,45670,39490,186216,50791,924820,1551,277390,647430,1551,0,18,9709,8,10,9709,0,20006563,44790808,4977482,15029081,16572799,28218009,n1386,true,0.5627114556628178,0.8220689747674861,12,9245,false,501,4,0.8161276522863419,0.3863816529457152,null
14851574,66055636,603926,13562456,685192,310195,293731,10139459,0,334148,351044,98268,211927,1468700,2248028,4076029,0,107144,227004,102439,248605,1258265,64797371,322167,926371,9727,85160,237007,45670,39490,186216,50791,924820,1551,277390,647430,1551,0,18,9709,8,10,9709,0,20006563,44790808,4977482,15029081,16572799,28218009,n13660,false,0.44567180330565126,0.736371510166432,0,6765,false,502,5,0.5475456462016178,0.30888901985506595,null
14851574,66055636,603926,13562456,685192,310195,293731,10139459,0,334148,351044,98268,211927,1468700,2248028,4076029,0,107144,227004,102439,248605,1258265,64797371,322167,926371,9727,85160,237007,45670,39490,186216,50791,924820,1551,277390,647430,1551,0,18,9709,8,10,9709,0,20006563,44790808,4977482,15029081,16572799,28218009,n8529,false,0.14798495512537777,0.4838833820159754,0,8574,false,506,13,0.9905059210904076,0.947488541129647,null
14851574,66055636,603926,13562456,685192,310195,293731,10139459,0,334148,351044,98268,211927,1468700,2248028,4076029,0,107144,227004,102439,248605,1258265,64797371,322167,926371,9727,85160,237007,45670,39490,186216,50791,924820,1551,277390,647430,1551,0,18,9709,8,10,9709,0,20006563,44790808,4977482,15029081,16572799,28218009,n13677,false,0.8103496053650115,0.997450014883271,0,28998,false,500,1,0.884408882279967,0.8145252066144999,null
14851574,66055636,603926,13562456,685192,310195,293731,10139459,0,334148,351044,98268,211927,1468700,2248028,4076029,0,107144,227004,102439,248605,1258265,64797371,322167,926371,9727,85160,237007,45670,39490,186216,50791,924820,1551,277390,647430,1551,0,18,9709,8,10,9709,0,20006563,44790808,4977482,15029081,16572799,28218009,n13673,false,0.5718485158679785,0.3683373622530675,0,12729,false,501,3,0.5367412981566475,0.8427662699915307,null
14851574,66055636,603926,13562456,685192,310195,293731,10139459,0,334148,351044,98268,211927,1468700,2248028,4076029,0,107144,227004,102439,248605,1258265,64797371,322167,926371,9727,85160,237007,45670,39490,186216,50791,924820,1551,277390,647430,1551,0,18,9709,8,10,9709,0,20006563,44790808,4977482,15029081,16572799,28218009,n1383,true,0.6748557692895628,0.5339219661088581,11,6350,false,502,5,0.9949072788310585,0.33504337381873445,null
14851574,66055636,603926,13562456,685192,310195,293731,10139459,0,334148,351044,98268,211927,1468700,2248028,4076029,0,107144,227004,102439,248605,1258265,64797371,322167,926371,9727,85160,237007,45670,39490,186216,50791,924820,1551,277390,647430,1551,0,18,9709,8,10,9709,0,20006563,44790808,4977482,15029081,16572799,28218009,n1379,false,0.8212856721898456,0.47517685817811056,0,5798,false,501,4,0.7462904704931658,0.8911854348288774,null
14851574,66055636,603926,13562456,685192,310195,293731,10139459,0,334148,351044,98268,211927,1468700,2248028,4076029,0,107144,227004,102439,248605,1258265,64797371,322167,926371,9727,85160,237007,45670,39490,186216,50791,924820,1551,277390,647430,1551,0,18,9709,8,10,9709,0,20006563,44790808,4977482,15029081,16572799,28218009,n8566,false,0.7282345180639898,0.47403589438901694,0,9407,false,502,6,0.6056405212480653,0.03395961383219259,null
14851574,66055636,603926,13562456,685192,310195,293731,10139459,0,334148,351044,98268,211927,1468700,2248028,4076029,0,107144,227004,102439,248605,1258265,64797371,322167,926371,9727,85160,237007,45670,39490,186216,50791,924820,1551,277390,647430,1551,0,18,9709,8,10,9709,0,20006563,44790808,4977482,15029081,16572799,28218009,n18005,false,0.5689524577982951,0.04711249561484654,0,12451,false,502,6,0.9949541521349927,0.902147157737358,null
14851574,66055636,603926,13562456,685192,310195,293731,10139459,0,334148,351044,98268,211927,1468700,2248028,4076029,0,107144,227004,102439,248605,1258265,64797371,322167,926371,9727,85160,237007,45670,39490,186216,50791,924820,1551,277390,647430,1551,0,18,9709,8,10,9709,0,20006563,44790808,4977482,15029081,16572799,28218009,n8558,false,0.23533212929003533,0.5145841886426598,0,3090,false,501,2,0.5969981355545391,0.3452717277591879,null
14851574,66055636,603926,13562456,685192,310195,293731,10139459,0,334148,351044,98268,211927,1468700,2248028,4076029,0,107144,227004,102439,248605,1258265,64797371,322167,926371,9727,85160,237007,45670,39490,186216,50791,924820,1551,277390,647430,1551,0,18,9709,8,10,9709,0,20006563,44790808,4977482,15029081,16572799,28218009,n7027,true,0.989255522972147,0.9047702012851966,6,7596,false,5,4,0.8736175888203181,0.35235416078514414,null
14851574,66055636,603926,13562456,685192,310195,293731,10139459,0,334148,351044,98268,211927,1468700,2248028,4076029,0,107144,227004,102439,248605,1258265,64797371,322167,926371,9727,85160,237007,45670,39490,186216,50791,924820,1551,277390,647430,1551,0,18,9709,8,10,9709,0,20006563,44790808,4977482,15029081,16572799,28218009,n1348,true,0.23073898852588326,0.9368715992791316,9,2021,false,503,8,0.46869609992063327,0.27155498503696895,null
14851574,66055636,603926,13562456,685192,310195,293731,10139459,0,334148,351044,98268,211927,1468700,2248028,4076029,0,107144,227004,102439,248605,1258265,64797371,322167,926371,9727,85160,237007,45670,39490,186216,50791,924820,1551,277390,647430,1551,0,18,9709,8,10,9709,0,20006563,44790808,4977482,15029081,16572799,28218009,n1343,false,0.9999982886835809,0.2805056970781029,0,3518,false,501,4,0.602298915426877,0.007780436769333043,null
14851574,66055636,603926,13562456,685192,310195,293731,10139459,0,334148,351044,98268,211927,1468700,2248028,4076029,0,107144,227004,102439,248605,1258265,64797371,322167,926371,9727,85160,237007,45670,39490,186216,50791,924820,1551,277390,647430,1551,0,18,9709,8,10,9709,0,20006563,44790808,4977482,15029081,16572799,28218009,n1341,false,0.7583590109871978,0.19165648281718461,0,709,false,505,10,0.8825065489758765,0.809348586067971,null
14851574,66055636,603926,13562456,685192,310195,293731,10139459,0,334148,351044,98268,211927,1468700,2248028,4076029,0,107144,227004,102439,248605,1258265,64797371,322167,926371,9727,85160,237007,45670,39490,186216,50791,924820,1551,277390,647430,1551,0,18,9709,8,10,9709,0,20006563,44790808,4977482,15029081,16572799,28218009,n1340,false,0.9999955758409212,0.21290161575987732,0,2675,false,505,11,0.5827725387848199,0.9939772661913963,null
14851574,66055636,603926,13562456,685192,310195,293731,10139459,0,334148,351044,98268,211927,1468700,2248028,4076029,0,107144,227004,102439,248605,1258265,64797371,322167,926371,9727,85160,237007,45670,39490,186216,50791,924820,1551,277390,647430,1551,0,18,9709,8,10,9709,0,20006563,44790808,4977482,15029081,16572799,28218009,n5795,false,0.6976690568497174,0.8351581771096317,0,23250,false,501,3,0.6783469195454727,0.43650885871426093,null
14851574,66055636,603926,13562456,685192,310195,293731,10139459,0,334148,351044,98268,211927,1468700,2248028,4076029,0,107144,227004,102439,248605,1258265,64797371,322167,926371,9727,85160,237007,45670,39490,186216,50791,924820,1551,277390,647430,1551,0,18,9709,8,10,9709,0,20006563,44790808,4977482,15029081,16572799,28218009,n5790,false,0.5492050025620936,0.3627200287291996,0,28999,false,500,0,0.9358162027335635,0.43785703880269544,null
14851574,66055636,603926,13562456,685192,310195,293731,10139459,0,334148,351044,98268,211927,1468700,2248028,4076029,0,107144,227004,102439,248605,1258265,64797371,322167,926371,9727,85160,237007,45670,39490,186216,50791,924820,1551,277390,647430,1551,0,18,9709,8,10,9709,0,20006563,44790808,4977482,15029081,16572799,28218009,n51860,false,0.6701336633251985,0.7441760081316948,0,4278,false,503,6,0.5965290218180002,0.49603251160771544,null
14851574,66055636,603926,13562456,685192,310195,293731,10139459,0,334148,351044,98268,211927,1468700,2248028,4076029,0,107144,227004,102439,248605,1258265,64797371,322167,926371,9727,85160,237007,45670,39490,186216,50791,924820,1551,277390,647430,1551,0,18,9709,8,10,9709,0,20006563,44790808,4977482,15029081,16572799,28218009,n1335,true,0.6985940522345735,0.09855745580846231,10,2634,false,503,354,0.8113310558895533,0.4766877710459626,null
14851574,66055636,603926,13562456,685192,310195,293731,10139459,0,334148,351044,98268,211927,1468700,2248028,4076029,0,107144,227004,102439,248605,1258265,64797371,322167,926371,9727,85160,237007,45670,39490,186216,50791,924820,1551,277390,647430,1551,0,18,9709,8,10,9709,0,20006563,44790808,4977482,15029081,16572799,28218009,n1331,false,0.09276989473060498,0.007236775977357834,0,2936,false,502,4,0.889895043372776,0.9017329661774223,null
14851574,66055636,603926,13562456,685192,310195,293731,10139459,0,334148,351044,98268,211927,1468700,2248028,4076029,0,107144,227004,102439,248605,1258265,64797371,322167,926371,9727,85160,237007,45670,39490,186216,50791,924820,1551,277390,647430,1551,0,18,9709,8,10,9709,0,20006563,44790808,4977482,15029081,16572799,28218009,n1332,false,0.490826406134043,0.36366888830761557,0,2699,false,504,10,0.9164849624749256,0.21582266325615262,null
14851574,66055636,603926,13562456,685192,310195,293731,10139459,0,334148,351044,98268,211927,1468700,2248028,4076029,0,107144,227004,102439,248605,1258265,64797371,322167,926371,9727,85160,237007,45670,39490,186216,50791,924820,1551,277390,647430,1551,0,18,9709,8,10,9709,0,20006563,44790808,4977482,15029081,16572799,28218009,n1334,false,0.19482291121447567,0.4157532269006804,0,13498,false,501,2,0.2282920866761604,0.7557157771346932,null
14851574,66055636,603926,13562456,685192,310195,293731,10139459,0,334148,351044,98268,211927,1468700,2248028,4076029,0,107144,227004,102439,248605,1258265,64797371,322167,926371,9727,85160,237007,45670,39490,186216,50791,924820,1551,277390,647430,1551,0,18,9709,8,10,9709,0,20006563,44790808,4977482,15029081,16572799,28218009,n22024,false,0.9100128318612184,0.1458707858257451,0,8644,false,501,3,0.39262422073187475,0.6159102329586864,null
14851574,66055636,603926,13562456,685192,310195,293731,10139459,0,334148,351044,98268,211927,1468700,2248028,4076029,0,107144,227004,102439,248605,1258265,64797371,322167,926371,9727,85160,237007,45670,39490,186216,50791,924820,1551,277390,647430,1551,0,18,9709,8,10,9709,0,20006563,44790808,4977482,15029081,16572799,28218009,n1373,false,0.25842539377273915,0.11833712665581508,0,455,false,506,13,0.8456780387177025,0.28506190439040524,null
14851574,66055636,603926,13562456,685192,310195,293731,10139459,0,334148,351044,98268,211927,1468700,2248028,4076029,0,107144,227004,102439,248605,1258265,64797371,322167,926371,9727,85160,237007,45670,39490,186216,50791,924820,1551,277390,647430,1551,0,18,9709,8,10,9709,0,20006563,44790808,4977482,15029081,16572799,28218009,n1372,false,0.4111722755028578,0.8448989796982836,0,1893,false,504,10,0.5766651525929709,0.7507894620264925,null
14851574,66055636,603926,13562456,685192,310195,293731,10139459,0,334148,351044,98268,211927,1468700,2248028,4076029,0,107144,227004,102439,248605,1258265,64797371,322167,926371,9727,85160,237007,45670,39490,186216,50791,924820,1551,277390,647430,1551,0,18,9709,8,10,9709,0,20006563,44790808,4977482,15029081,16572799,28218009,n1371,true,0.751026065450789,0.753175346321572,10,28999,false,0,0,0.9510478224486594,0.9824193995190622,null
14851574,66055636,603926,13562456,685192,310195,293731,10139459,0,334148,351044,98268,211927,1468700,2248028,4076029,0,107144,227004,102439,248605,1258265,64797371,322167,926371,9727,85160,237007,45670,39490,186216,50791,924820,1551,277390,647430,1551,0,18,9709,8,10,9709,0,20006563,44790808,4977482,15029081,16572799,28218009,n1366,false,0.10179635467055835,0.2892051847535223,0,3931,false,505,10,0.6246780043924491,0.2983962871399062,null
14851574,66055636,603926,13562456,685192,310195,293731,10139459,0,334148,351044,98268,211927,1468700,2248028,4076029,0,107144,227004,102439,248605,1258265,64797371,322167,926371,9727,85160,237007,45670,39490,186216,50791,924820,1551,277390,647430,1551,0,18,9709,8,10,9709,0,20006563,44790808,4977482,15029081,16572799,28218009,n1367,true,0.6238077798343117,0.366538437993699,7,17101,false,20,8,0.34938896513893936,0.47638678540126767,null
14851574,66055636,603926,13562456,685192,310195,293731,10139459,0,334148,351044,98268,211927,1468700,2248028,4076029,0,107144,227004,102439,248605,1258265,64797371,322167,926371,9727,85160,237007,45670,39490,186216,50791,924820,1551,277390,647430,1551,0,18,9709,8,10,9709,0,20006563,44790808,4977482,15029081,16572799,28218009,n1364,false,0.08827581637998252,0.7870246627036032,0,10263,false,503,6,0.6433502573278915,0.47577371751890457,null
14851574,66055636,603926,13562456,685192,310195,293731,10139459,0,334148,351044,98268,211927,1468700,2248028,4076029,0,107144,227004,102439,248605,1258265,64797371,322167,926371,9727,85160,237007,45670,39490,186216,50791,924820,1551,277390,647430,1551,0,18,9709,8,10,9709,0,20006563,44790808,4977482,15029081,16572799,28218009,n1369,false,0.3263044759584998,0.34261728812860043,0,2595,false,502,5,0.7191922729164455,0.34985444713493224,null
14851574,66055636,603926,13562456,685192,310195,293731,10139459,0,334148,351044,98268,211927,1468700,2248028,4076029,0,107144,227004,102439,248605,1258265,64797371,322167,926371,9727,85160,237007,45670,39490,186216,50791,924820,1551,277390,647430,1551,0,18,9709,8,10,9709,0,20006563,44790808,4977482,15029081,16572799,28218009,n7015,false,0.7762482200663536,0.19933557432233673,0,3316,false,500,2,0.9293674155144076,0.5085501728039594,null
14851574,66055636,603926,13562456,685192,310195,293731,10139459,0,334148,351044,98268,211927,1468700,2248028,4076029,0,107144,227004,102439,248605,1258265,64797371,322167,926371,9727,85160,237007,45670,39490,186216,50791,924820,1551,277390,647430,1551,0,18,9709,8,10,9709,0,20006563,44790808,4977482,15029081,16572799,28218009,n4201,true,0.167609580212863,0.4514395312444585,9,3628,false,42,7,0.3366170411617694,0.7119559005383457,null
14851574,66055636,603926,13562456,685192,310195,293731,10139459,0,334148,351044,98268,211927,1468700,2248028,4076029,0,107144,227004,102439,248605,1258265,64797371,322167,926371,9727,85160,237007,45670,39490,186216,50791,924820,1551,277390,647430,1551,0,18,9709,8,10,9709,0,20006563,44790808,4977482,15029081,16572799,28218009,n1360,false,0.0863036518609454,0.5899375737172434,0,6078,false,504,11,0.4193416346732149,0.11413093050085754,null
14851574,66055636,603926,13562456,685192,310195,293731,10139459,0,334148,351044,98268,211927,1468700,2248028,4076029,0,107144,227004,102439,248605,1258265,64797371,322167,926371,9727,85160,237007,45670,39490,186216,50791,924820,1551,277390,647430,1551,0,18,9709,8,10,9709,0,20006563,44790808,4977482,15029081,16572799,28218009,n22013,false,0.8260570667110603,0.43545225181078695,0,9222,false,502,4,0.4469873430244206,0.43242696025515415,null
14851574,66055636,603926,13562456,685192,310195,293731,10139459,0,334148,351044,98268,211927,1468700,2248028,4076029,0,107144,227004,102439,248605,1258265,64797371,322167,926371,9727,85160,237007,45670,39490,186216,50791,924820,1551,277390,647430,1551,0,18,9709,8,10,9709,0,20006563,44790808,4977482,15029081,16572799,28218009,n7008,false,0.9692555731033782,0.443378593323452,0,8503,false,505,11,0.7180645957123261,0.7324959579051655,null
14851574,66055636,603926,13562456,685192,310195,293731,10139459,0,334148,351044,98268,211927,1468700,2248028,4076029,0,107144,227004,102439,248605,1258265,64797371,322167,926371,9727,85160,237007,45670,39490,186216,50791,924820,1551,277390,647430,1551,0,18,9709,8,10,9709,0,20006563,44790808,4977482,15029081,16572799,28218009,n37030,true,0.8830877133172111,0.5450238520864026,13,28999,false,0,0,0.6070760411827406,0.3616706224454101,null
14851574,66055636,603926,13562456,685192,310195,293731,10139459,0,334148,351044,98268,211927,1468700,2248028,4076029,0,107144,227004,102439,248605,1258265,64797371,322167,926371,9727,85160,237007,45670,39490,186216,50791,924820,1551,277390,647430,1551,0,18,9709,8,10,9709,0,20006563,44790808,4977482,15029081,16572799,28218009,n803,false,0.8529877981706535,0.21452374160519516,0,19347,false,502,4,0.8398390516171085,0.9200405175154276,null
14851574,66055636,603926,13562456,685192,310195,293731,10139459,0,334148,351044,98268,211927,1468700,2248028,4076029,0,107144,227004,102439,248605,1258265,64797371,322167,926371,9727,85160,237007,45670,39490,186216,50791,924820,1551,277390,647430,1551,0,18,9709,8,10,9709,0,20006563,44790808,4977482,15029081,16572799,28218009,n1317,false,0.6269498206233226,0.06521749348547812,0,6089,false,503,8,0.7766375618693879,0.6296160588791428,null
14851574,66055636,603926,13562456,685192,310195,293731,10139459,0,334148,351044,98268,211927,1468700,2248028,4076029,0,107144,227004,102439,248605,1258265,64797371,322167,926371,9727,85160,237007,45670,39490,186216,50791,924820,1551,277390,647430,1551,0,18,9709,8,10,9709,0,20006563,44790808,4977482,15029081,16572799,28218009,n1315,true,0.9361700899524702,0.9651992869920252,12,27081,false,0,1,0.8337158125908499,0.7385602644542887,null
14851574,66055636,603926,13562456,685192,310195,293731,10139459,0,334148,351044,98268,211927,1468700,2248028,4076029,0,107144,227004,102439,248605,1258265,64797371,322167,926371,9727,85160,237007,45670,39490,186216,50791,924820,1551,277390,647430,1551,0,18,9709,8,10,9709,0,20006563,44790808,4977482,15029081,16572799,28218009,n37197,true,0.6109495651125529,0.7098519877971617,10,9778,false,500,2,0.8702577045651,0.41825098453108017,null
14851574,66055636,603926,13562456,685192,310195,293731,10139459,0,334148,351044,98268,211927,1468700,2248028,4076029,0,107144,227004,102439,248605,1258265,64797371,322167,926371,9727,85160,237007,45670,39490,186216,50791,924820,1551,277390,647430,1551,0,18,9709,8,10,9709,0,20006563,44790808,4977482,15029081,16572799,28218009,n1314,false,0.9156181111320553,0.8699164956188222,0,19030,false,501,4,0.3447149673390133,0.4271227781427819,null
14851574,66055636,603926,13562456,685192,310195,293731,10139459,0,334148,351044,98268,211927,1468700,2248028,4076029,0,107144,227004,102439,248605,1258265,64797371,322167,926371,9727,85160,237007,45670,39490,186216,50791,924820,1551,277390,647430,1551,0,18,9709,8,10,9709,0,20006563,44790808,4977482,15029081,16572799,28218009,n12728,true,0.8807127549242325,0.8999597428033849,13,28999,false,0,0,0.48309662203449477,0.5954413008104833,null
14851574,66055636,603926,13562456,685192,310195,293731,10139459,0,334148,351044,98268,211927,1468700,2248028,4076029,0,107144,227004,102439,248605,1258265,64797371,322167,926371,9727,85160,237007,45670,39490,186216,50791,924820,1551,277390,647430,1551,0,18,9709,8,10,9709,0,20006563,44790808,4977482,15029081,16572799,28218009,n13856,true,0.40598772239922737,0.9265623788750382,11,28999,false,0,0,0.0016561954923925981,0.11094050924329657,null
14851574,66055636,603926,13562456,685192,310195,293731,10139459,0,334148,351044,98268,211927,1468700,2248028,4076029,0,107144,227004,102439,248605,1258265,64797371,322167,926371,9727,85160,237007,45670,39490,186216,50791,924820,1551,277390,647430,1551,0,18,9709,8,10,9709,0,20006563,44790808,4977482,15029081,16572799,28218009,n1329,false,0.6781725255876274,0.18769962238446114,0,12246,false,501,4,0.42068250389152195,0.2658558453637033,null
14851574,66055636,603926,13562456,685192,310195,293731,10139459,0,334148,351044,98268,211927,1468700,2248028,4076029,0,107144,227004,102439,248605,1258265,64797371,322167,926371,9727,85160,237007,45670,39490,186216,50791,924820,1551,277390,647430,1551,0,18,9709,8,10,9709,0,20006563,44790808,4977482,15029081,16572799,28218009,n1325,false,0.999998972088625,0.9285499016868984,0,4995,false,502,4,0.9047540980336675,0.2992850224509751,null
14851574,66055636,603926,13562456,685192,310195,293731,10139459,0,334148,351044,98268,211927,1468700,2248028,4076029,0,107144,227004,102439,248605,1258265,64797371,322167,926371,9727,85160,237007,45670,39490,186216,50791,924820,1551,277390,647430,1551,0,18,9709,8,10,9709,0,20006563,44790808,4977482,15029081,16572799,28218009,n1324,false,0.6090214632930119,0.8848767368877896,0,28998,false,500,1,0.8221281390496017,0.19854742988452811,null
14851574,66055636,603926,13562456,685192,310195,293731,10139459,0,334148,351044,98268,211927,1468700,2248028,4076029,0,107144,227004,102439,248605,1258265,64797371,322167,926371,9727,85160,237007,45670,39490,186216,50791,924820,1551,277390,647430,1551,0,18,9709,8,10,9709,0,20006563,44790808,4977482,15029081,16572799,28218009,n1326,true,0.9999951645396111,0.3423314361052068,0,1551,false,502,5,0.875518339966724,0.5408036870480039,null
14851574,66055636,603926,13562456,685192,310195,293731,10139459,0,334148,351044,98268,211927,1468700,2248028,4076029,0,107144,227004,102439,248605,1258265,64797371,322167,926371,9727,85160,237007,45670,39490,186216,50791,924820,1551,277390,647430,1551,0,18,9709,8,10,9709,0,20006563,44790808,4977482,15029081,16572799,28218009,n822,false,0.1931623168676157,0.5302267023548333,0,5810,false,503,6,0.9340628075864634,0.20653077987059343,null
14851574,66055636,603926,13562456,685192,310195,293731,10139459,0,334148,351044,98268,211927,1468700,2248028,4076029,0,107144,227004,102439,248605,1258265,64797371,322167,926371,9727,85160,237007,45670,39490,186216,50791,924820,1551,277390,647430,1551,0,18,9709,8,10,9709,0,20006563,44790808,4977482,15029081,16572799,28218009,n828,false,0.25623771833937725,0.3803012157435237,0,1511,false,508,16,0.4450734326427252,0.6913288571714061,null
14851574,66055636,603926,13562456,685192,310195,293731,10139459,0,334148,351044,98268,211927,1468700,2248028,4076029,0,107144,227004,102439,248605,1258265,64797371,322167,926371,9727,85160,237007,45670,39490,186216,50791,924820,1551,277390,647430,1551,0,18,9709,8,10,9709,0,20006563,44790808,4977482,15029081,16572799,28218009,n829,false,0.15284770643764772,0.36960478455207246,0,1786,false,510,21,0.9038276548926845,0.026171121363964156,null
14851574,66055636,603926,13562456,685192,310195,293731,10139459,0,334148,351044,98268,211927,1468700,2248028,4076029,0,107144,227004,102439,248605,1258265,64797371,322167,926371,9727,85160,237007,45670,39490,186216,50791,924820,1551,277390,647430,1551,0,18,9709,8,10,9709,0,20006563,44790808,4977482,15029081,16572799,28218009,n40680,false,0.07758749982111145,0.5631157393023503,0,28999,false,500,0,0.3248043755063805,0.8164017886122219,null
14851574,66055636,603926,13562456,685192,310195,293731,10139459,0,334148,351044,98268,211927,1468700,2248028,4076029,0,107144,227004,102439,248605,1258265,64797371,322167,926371,9727,85160,237007,45670,39490,186216,50791,924820,1551,277390,647430,1551,0,18,9709,8,10,9709,0,20006563,44790808,4977482,15029081,16572799,28218009,n21619,false,0.07578214025424516,0.28383037228132835,0,1873,false,507,15,0.5095236694693854,0.15839410921261166,null
14851574,66055636,603926,13562456,685192,310195,293731,10139459,0,334148,351044,98268,211927,1468700,2248028,4076029,0,107144,227004,102439,248605,1258265,64797371,322167,926371,9727,85160,237007,45670,39490,186216,50791,924820,1551,277390,647430,1551,0,18,9709,8,10,9709,0,20006563,44790808,4977482,15029081,16572799,28218009,n12700,false,0.9999953941656783,0.010796607017660165,0,10427,false,501,4,0.7641200140613247,0.3402069792317972,null
14851574,66055636,603926,13562456,685192,310195,293731,10139459,0,334148,351044,98268,211927,1468700,2248028,4076029,0,107144,227004,102439,248605,1258265,64797371,322167,926371,9727,85160,237007,45670,39490,186216,50791,924820,1551,277390,647430,1551,0,18,9709,8,10,9709,0,20006563,44790808,4977482,15029081,16572799,28218009,n811,false,0.30981867567555355,0.7816817608588071,0,27329,false,500,2,0.866681971980949,0.33071359550695856,null
14851574,66055636,603926,13562456,685192,310195,293731,10139459,0,334148,351044,98268,211927,1468700,2248028,4076029,0,107144,227004,102439,248605,1258265,64797371,322167,926371,9727,85160,237007,45670,39490,186216,50791,924820,1551,277390,647430,1551,0,18,9709,8,10,9709,0,20006563,44790808,4977482,15029081,16572799,28218009,n812,false,0.9508839131430598,0.49448766137855665,0,12710,false,504,8,0.7063935044039481,0.06582466730548475,null
14851574,66055636,603926,13562456,685192,310195,293731,10139459,0,334148,351044,98268,211927,1468700,2248028,4076029,0,107144,227004,102439,248605,1258265,64797371,322167,926371,9727,85160,237007,45670,39490,186216,50791,924820,1551,277390,647430,1551,0,18,9709,8,10,9709,0,20006563,44790808,4977482,15029081,16572799,28218009,n1308,false,0.4628949269032995,0.4540327942160673,0,24646,false,501,2,0.7735586065585738,0.905100748004726,null
14851574,66055636,603926,13562456,685192,310195,293731,10139459,0,334148,351044,98268,211927,1468700,2248028,4076029,0,107144,227004,102439,248605,1258265,64797371,322167,926371,9727,85160,237007,45670,39490,186216,50791,924820,1551,277390,647430,1551,0,18,9709,8,10,9709,0,20006563,44790808,4977482,15029081,16572799,28218009,n818,false,0.8160645175766994,0.45422847912797176,0,18410,false,500,2,0.8229119565463394,0.2237303503591248,null
14851574,66055636,603926,13562456,685192,310195,293731,10139459,0,334148,351044,98268,211927,1468700,2248028,4076029,0,107144,227004,102439,248605,1258265,64797371,322167,926371,9727,85160,237007,45670,39490,186216,50791,924820,1551,277390,647430,1551,0,18,9709,8,10,9709,0,20006563,44790808,4977482,15029081,16572799,28218009,n1301,false,0.243055847756939,0.05512499409113614,0,2672,false,502,5,0.6578013021780927,0.5574727690493511,null
14851574,66055636,603926,13562456,685192,310195,293731,10139459,0,334148,351044,98268,211927,1468700,2248028,4076029,0,107144,227004,102439,248605,1258265,64797371,322167,926371,9727,85160,237007,45670,39490,186216,50791,924820,1551,277390,647430,1551,0,18,9709,8,10,9709,0,20006563,44790808,4977482,15029081,16572799,28218009,n1302,false,0.21620320064604792,0.04362904436863324,0,3396,false,500,1,0.6881945135393566,0.0011263138569966857,null
14851574,66055636,603926,13562456,685192,310195,293731,10139459,0,334148,351044,98268,211927,1468700,2248028,4076029,0,107144,227004,102439,248605,1258265,64797371,322167,926371,9727,85160,237007,45670,39490,186216,50791,924820,1551,277390,647430,1551,0,18,9709,8,10,9709,0,20006563,44790808,4977482,15029081,16572799,28218009,n1304,false,0.9616175095540178,0.013293103367777004,0,75,false,507,14,0.8895177064830058,0.6869387540570896,null
14851574,66055636,603926,13562456,685192,310195,293731,10139459,0,334148,351044,98268,211927,1468700,2248028,4076029,0,107144,227004,102439,248605,1258265,64797371,322167,926371,9727,85160,237007,45670,39490,186216,50791,924820,1551,277390,647430,1551,0,18,9709,8,10,9709,0,20006563,44790808,4977482,15029081,16572799,28218009,n810,false,0.6331943580010828,0.7991942511670604,0,19102,false,500,2,0.8593306697794401,0.33955382996820266,null
14851574,66055636,603926,13562456,685192,310195,293731,10139459,0,334148,351044,98268,211927,1468700,2248028,4076029,0,107144,227004,102439,248605,1258265,64797371,322167,926371,9727,85160,237007,45670,39490,186216,50791,924820,1551,277390,647430,1551,0,18,9709,8,10,9709,0,20006563,44790808,4977482,15029081,16572799,28218009,n28729,false,0.9999968145469601,0.41833553397900314,0,1150,false,505,11,0.9831783639386907,0.6404320044834904,null
14851574,66055636,603926,13562456,685192,310195,293731,10139459,0,334148,351044,98268,211927,1468700,2248028,4076029,0,107144,227004,102439,248605,1258265,64797371,322167,926371,9727,85160,237007,45670,39490,186216,50791,924820,1551,277390,647430,1551,0,18,9709,8,10,9709,0,20006563,44790808,4977482,15029081,16572799,28218009,n13825,false,0.17283799763041988,0.42794061053838217,0,5288,false,504,8,0.806840008324672,0.15504376854010649,null
14851574,66055636,603926,13562456,685192,310195,293731,10139459,0,334148,351044,98268,211927,1468700,2248028,4076029,0,107144,227004,102439,248605,1258265,64797371,322167,926371,9727,85160,237007,45670,39490,186216,50791,924820,1551,277390,647430,1551,0,18,9709,8,10,9709,0,20006563,44790808,4977482,15029081,16572799,28218009,n13822,false,0.2681462998551374,0.7064586820092369,0,10014,false,500,2,0.2656679295417629,0.16914289770636726,null
14851574,66055636,603926,13562456,685192,310195,293731,10139459,0,334148,351044,98268,211927,1468700,2248028,4076029,0,107144,227004,102439,248605,1258265,64797371,322167,926371,9727,85160,237007,45670,39490,186216,50791,924820,1551,277390,647430,1551,0,18,9709,8,10,9709,0,20006563,44790808,4977482,15029081,16572799,28218009,n15226,false,0.1456734038933816,0.6775743960031951,0,4698,false,502,5,0.5845886065693706,0.17676805601178347,null
14851574,66055636,603926,13562456,685192,310195,293731,10139459,0,334148,351044,98268,211927,1468700,2248028,4076029,0,107144,227004,102439,248605,1258265,64797371,322167,926371,9727,85160,237007,45670,39490,186216,50791,924820,1551,277390,647430,1551,0,18,9709,8,10,9709,0,20006563,44790808,4977482,15029081,16572799,28218009,n8635,false,0.7684102107094412,0.6037064408740922,0,9417,false,501,2,0.8942418548954861,0.1449961629151123,null
14851574,66055636,603926,13562456,685192,310195,293731,10139459,0,334148,351044,98268,211927,1468700,2248028,4076029,0,107144,227004,102439,248605,1258265,64797371,322167,926371,9727,85160,237007,45670,39490,186216,50791,924820,1551,277390,647430,1551,0,18,9709,8,10,9709,0,20006563,44790808,4977482,15029081,16572799,28218009,n13891,false,0.232694313163205,0.3596184283956403,0,8954,false,501,2,0.8648368267274439,0.9575258352383309,null
14851574,66055636,603926,13562456,685192,310195,293731,10139459,0,334148,351044,98268,211927,1468700,2248028,4076029,0,107144,227004,102439,248605,1258265,64797371,322167,926371,9727,85160,237007,45670,39490,186216,50791,924820,1551,277390,647430,1551,0,18,9709,8,10,9709,0,20006563,44790808,4977482,15029081,16572799,28218009,n844,true,0.3178034736513353,0.73908922534654,10,967,false,500,2,0.47166878205279544,0.9005905074358278,null
14851574,66055636,603926,13562456,685192,310195,293731,10139459,0,334148,351044,98268,211927,1468700,2248028,4076029,0,107144,227004,102439,248605,1258265,64797371,322167,926371,9727,85160,237007,45670,39490,186216,50791,924820,1551,277390,647430,1551,0,18,9709,8,10,9709,0,20006563,44790808,4977482,15029081,16572799,28218009,n13899,false,0.6225017199150004,0.51406690118666,0,23575,false,500,1,0.30076595403941253,0.2248615543572079,null
14851574,66055636,603926,13562456,685192,310195,293731,10139459,0,334148,351044,98268,211927,1468700,2248028,4076029,0,107144,227004,102439,248605,1258265,64797371,322167,926371,9727,85160,237007,45670,39490,186216,50791,924820,1551,277390,647430,1551,0,18,9709,8,10,9709,0,20006563,44790808,4977482,15029081,16572799,28218009,n837,false,0.04747831501054603,0.6762501003975726,0,7436,false,501,2,0.9020185702219348,0.7669999503186925,null
14851574,66055636,603926,13562456,685192,310195,293731,10139459,0,334148,351044,98268,211927,1468700,2248028,4076029,0,107144,227004,102439,248605,1258265,64797371,322167,926371,9727,85160,237007,45670,39490,186216,50791,924820,1551,277390,647430,1551,0,18,9709,8,10,9709,0,20006563,44790808,4977482,15029081,16572799,28218009,n8629,false,0.5109723435435969,0.29559527244068523,0,21810,false,501,3,0.7019279614980748,0.5071800594514364,null
14851574,66055636,603926,13562456,685192,310195,293731,10139459,0,334148,351044,98268,211927,1468700,2248028,4076029,0,107144,227004,102439,248605,1258265,64797371,322167,926371,9727,85160,237007,45670,39490,186216,50791,924820,1551,277390,647430,1551,0,18,9709,8,10,9709,0,20006563,44790808,4977482,15029081,16572799,28218009,n8628,true,0.8327112655553197,0.9947212473039314,11,28991,false,8,1,0.7402215262954885,0.0895503935618317,null
14851574,66055636,603926,13562456,685192,310195,293731,10139459,0,334148,351044,98268,211927,1468700,2248028,4076029,0,107144,227004,102439,248605,1258265,64797371,322167,926371,9727,85160,237007,45670,39490,186216,50791,924820,1551,277390,647430,1551,0,18,9709,8,10,9709,0,20006563,44790808,4977482,15029081,16572799,28218009,n835,false,0.6288598446202113,0.7960952615344848,0,8514,false,505,12,0.9834406356030201,0.7233313532063592,null
14851574,66055636,603926,13562456,685192,310195,293731,10139459,0,334148,351044,98268,211927,1468700,2248028,4076029,0,107144,227004,102439,248605,1258265,64797371,322167,926371,9727,85160,237007,45670,39490,186216,50791,924820,1551,277390,647430,1551,0,18,9709,8,10,9709,0,20006563,44790808,4977482,15029081,16572799,28218009,n21661,true,0.6655502411871779,0.8512553754240795,12,2857,false,501,5,0.09801855382709002,0.6762405326424131,null
14851574,66055636,603926,13562456,685192,310195,293731,10139459,0,334148,351044,98268,211927,1468700,2248028,4076029,0,107144,227004,102439,248605,1258265,64797371,322167,926371,9727,85160,237007,45670,39490,186216,50791,924820,1551,277390,647430,1551,0,18,9709,8,10,9709,0,20006563,44790808,4977482,15029081,16572799,28218009,n866,false,0.43126588194845544,0.08324050263578442,0,10195,false,502,4,0.5193410902822151,0.9159270778632378,null
14851574,66055636,603926,13562456,685192,310195,293731,10139459,0,334148,351044,98268,211927,1468700,2248028,4076029,0,107144,227004,102439,248605,1258265,64797371,322167,926371,9727,85160,237007,45670,39490,186216,50791,924820,1551,277390,647430,1551,0,18,9709,8,10,9709,0,20006563,44790808,4977482,15029081,16572799,28218009,n8619,false,0.5205192549670029,0.7726095500359405,0,28999,false,0,0,0.5056145540564537,1.773556142745658E-4,null
14851574,66055636,603926,13562456,685192,310195,293731,10139459,0,334148,351044,98268,211927,1468700,2248028,4076029,0,107144,227004,102439,248605,1258265,64797371,322167,926371,9727,85160,237007,45670,39490,186216,50791,924820,1551,277390,647430,1551,0,18,9709,8,10,9709,0,20006563,44790808,4977482,15029081,16572799,28218009,n29100,false,0.0813505545893801,0.7349306891260617,0,733,false,502,7,0.819271288632099,0.34939103861188675,null
14851574,66055636,603926,13562456,685192,310195,293731,10139459,0,334148,351044,98268,211927,1468700,2248028,4076029,0,107144,227004,102439,248605,1258265,64797371,322167,926371,9727,85160,237007,45670,39490,186216,50791,924820,1551,277390,647430,1551,0,18,9709,8,10,9709,0,20006563,44790808,4977482,15029081,16572799,28218009,n13877,false,0.7256181438232633,0.7288377962620874,0,4284,false,503,7,0.5724991613895123,0.8242405881463077,null
14851574,66055636,603926,13562456,685192,310195,293731,10139459,0,334148,351044,98268,211927,1468700,2248028,4076029,0,107144,227004,102439,248605,1258265,64797371,322167,926371,9727,85160,237007,45670,39490,186216,50791,924820,1551,277390,647430,1551,0,18,9709,8,10,9709,0,20006563,44790808,4977482,15029081,16572799,28218009,n850,false,0.9999977158075003,0.189207385309054,0,12209,false,500,2,0.9085586150391302,0.030435165816759646,null
14851574,66055636,603926,13562456,685192,310195,293731,10139459,0,334148,351044,98268,211927,1468700,2248028,4076029,0,107144,227004,102439,248605,1258265,64797371,322167,926371,9727,85160,237007,45670,39490,186216,50791,924820,1551,277390,647430,1551,0,18,9709,8,10,9709,0,20006563,44790808,4977482,15029081,16572799,28218009,n8607,true,0.5730169729054264,0.10985095507434417,13,28999,false,0,0,0.8505159703972088,0.09635247772678102,null
14851574,66055636,603926,13562456,685192,310195,293731,10139459,0,334148,351044,98268,211927,1468700,2248028,4076029,0,107144,227004,102439,248605,1258265,64797371,322167,926371,9727,85160,237007,45670,39490,186216,50791,924820,1551,277390,647430,1551,0,18,9709,8,10,9709,0,20006563,44790808,4977482,15029081,16572799,28218009,n8605,false,0.4734327842768215,0.8054319764512381,0,4767,false,501,4,0.7425814300526519,0.8176027740415981,null
14851574,66055636,603926,13562456,685192,310195,293731,10139459,0,334148,351044,98268,211927,1468700,2248028,4076029,0,107144,227004,102439,248605,1258265,64797371,322167,926371,9727,85160,237007,45670,39490,186216,50791,924820,1551,277390,647430,1551,0,18,9709,8,10,9709,0,20006563,44790808,4977482,15029081,16572799,28218009,n8603,true,0.7286235312470417,0.9674149597036874,12,26132,false,500,3,0.6893801510728285,0.5095551226791548,null
14851574,66055636,603926,13562456,685192,310195,293731,10139459,0,334148,351044,98268,211927,1468700,2248028,4076029,0,107144,227004,102439,248605,1258265,64797371,322167,926371,9727,85160,237007,45670,39490,186216,50791,924820,1551,277390,647430,1551,0,18,9709,8,10,9709,0,20006563,44790808,4977482,15029081,16572799,28218009,n13866,true,0.9719940775166078,0.5439640638330742,5,10500,false,500,3,0.13034105081960667,0.8884651446076766,null
14851574,66055636,603926,13562456,685192,310195,293731,10139459,0,334148,351044,98268,211927,1468700,2248028,4076029,0,107144,227004,102439,248605,1258265,64797371,322167,926371,9727,85160,237007,45670,39490,186216,50791,924820,1551,277390,647430,1551,0,18,9709,8,10,9709,0,20006563,44790808,4977482,15029081,16572799,28218009,n20105,false,0.334806629975142,0.34897151463450754,0,3077,false,503,8,0.021604743382167668,0.30125727175682926,null
14851574,66055636,603926,13562456,685192,310195,293731,10139459,0,334148,351044,98268,211927,1468700,2248028,4076029,0,107144,227004,102439,248605,1258265,64797371,322167,926371,9727,85160,237007,45670,39490,186216,50791,924820,1551,277390,647430,1551,0,18,9709,8,10,9709,0,20006563,44790808,4977482,15029081,16572799,28218009,n883,false,0.09120423426494711,0.7182152830790844,0,786,false,503,7,0.44118032370022997,0.02190472618165973,null
14851574,66055636,603926,13562456,685192,310195,293731,10139459,0,334148,351044,98268,211927,1468700,2248028,4076029,0,107144,227004,102439,248605,1258265,64797371,322167,926371,9727,85160,237007,45670,39490,186216,50791,924820,1551,277390,647430,1551,0,18,9709,8,10,9709,0,20006563,44790808,4977482,15029081,16572799,28218009,n4195,false,0.8639440885677043,0.10910062844206159,0,1371,false,503,7,0.42062986541150266,0.9667646421256053,null
14851574,66055636,603926,13562456,685192,310195,293731,10139459,0,334148,351044,98268,211927,1468700,2248028,4076029,0,107144,227004,102439,248605,1258265,64797371,322167,926371,9727,85160,237007,45670,39490,186216,50791,924820,1551,277390,647430,1551,0,18,9709,8,10,9709,0,20006563,44790808,4977482,15029081,16572799,28218009,n878,false,0.7284604165381162,0.19267720609188943,0,9114,false,502,5,0.5323138835623,0.7944863566789022,null
14851574,66055636,603926,13562456,685192,310195,293731,10139459,0,334148,351044,98268,211927,1468700,2248028,4076029,0,107144,227004,102439,248605,1258265,64797371,322167,926371,9727,85160,237007,45670,39490,186216,50791,924820,1551,277390,647430,1551,0,18,9709,8,10,9709,0,20006563,44790808,4977482,15029081,16572799,28218009,n875,false,0.9944287141069111,0.04620182531756867,0,4008,false,502,7,0.8009620233883916,0.6788006936892474,null
14851574,66055636,603926,13562456,685192,310195,293731,10139459,0,334148,351044,98268,211927,1468700,2248028,4076029,0,107144,227004,102439,248605,1258265,64797371,322167,926371,9727,85160,237007,45670,39490,186216,50791,924820,1551,277390,647430,1551,0,18,9709,8,10,9709,0,20006563,44790808,4977482,15029081,16572799,28218009,n871,true,0.6908444936695751,0.614445107133959,15,5795,false,94,17,0.5485569488787848,0.5662877584106659,null
14851574,66055636,603926,13562456,685192,310195,293731,10139459,0,334148,351044,98268,211927,1468700,2248028,4076029,0,107144,227004,102439,248605,1258265,64797371,322167,926371,9727,85160,237007,45670,39490,186216,50791,924820,1551,277390,647430,1551,0,18,9709,8,10,9709,0,20006563,44790808,4977482,15029081,16572799,28218009,n4183,false,0.8619601568339684,0.8058779513960435,0,7807,false,503,6,0.4120234188239046,0.5111435995097826,null
14851574,66055636,603926,13562456,685192,310195,293731,10139459,0,334148,351044,98268,211927,1468700,2248028,4076029,0,107144,227004,102439,248605,1258265,64797371,322167,926371,9727,85160,237007,45670,39490,186216,50791,924820,1551,277390,647430,1551,0,18,9709,8,10,9709,0,20006563,44790808,4977482,15029081,16572799,28218009,n4173,false,0.6692682578899442,0.2411349863315781,0,9067,false,503,6,0.7804893814804947,0.5526300505685231,null
14851574,66055636,603926,13562456,685192,310195,293731,10139459,0,334148,351044,98268,211927,1468700,2248028,4076029,0,107144,227004,102439,248605,1258265,64797371,322167,926371,9727,85160,237007,45670,39490,186216,50791,924820,1551,277390,647430,1551,0,18,9709,8,10,9709,0,20006563,44790808,4977482,15029081,16572799,28218009,n4174,true,0.6726899476231666,0.5705224329271373,12,3436,false,500,2,0.727615625398568,0.7573730280147155,null
14851574,66055636,603926,13562456,685192,310195,293731,10139459,0,334148,351044,98268,211927,1468700,2248028,4076029,0,107144,227004,102439,248605,1258265,64797371,322167,926371,9727,85160,237007,45670,39490,186216,50791,924820,1551,277390,647430,1551,0,18,9709,8,10,9709,0,20006563,44790808,4977482,15029081,16572799,28218009,n21680,false,0.5980830472435835,0.4858403086265801,0,6466,false,502,5,0.16076319213637946,0.18865904620279061,null
14851574,66055636,603926,13562456,685192,310195,293731,10139459,0,334148,351044,98268,211927,1468700,2248028,4076029,0,107144,227004,102439,248605,1258265,64797371,322167,926371,9727,85160,237007,45670,39490,186216,50791,924820,1551,277390,647430,1551,0,18,9709,8,10,9709,0,20006563,44790808,4977482,15029081,16572799,28218009,n891,false,0.36106886790349446,0.7117321977896301,0,7259,false,501,4,0.7872159436663564,0.6523500269974148,null
14851574,66055636,603926,13562456,685192,310195,293731,10139459,0,334148,351044,98268,211927,1468700,2248028,4076029,0,107144,227004,102439,248605,1258265,64797371,322167,926371,9727,85160,237007,45670,39490,186216,50791,924820,1551,277390,647430,1551,0,18,9709,8,10,9709,0,20006563,44790808,4977482,15029081,16572799,28218009,n13810,false,0.6051634300287562,0.9499069740595438,0,4969,false,502,5,0.9162292531890038,0.6216925845356638,null
14851574,66055636,603926,13562456,685192,310195,293731,10139459,0,334148,351044,98268,211927,1468700,2248028,4076029,0,107144,227004,102439,248605,1258265,64797371,322167,926371,9727,85160,237007,45670,39490,186216,50791,924820,1551,277390,647430,1551,0,18,9709,8,10,9709,0,20006563,44790808,4977482,15029081,16572799,28218009,n12768,true,0.27861227160519886,0.886424374271905,12,1319,false,503,8,0.13221691862926166,0.3043892152807978,null
14851574,66055636,603926,13562456,685192,310195,293731,10139459,0,334148,351044,98268,211927,1468700,2248028,4076029,0,107144,227004,102439,248605,1258265,64797371,322167,926371,9727,85160,237007,45670,39490,186216,50791,924820,1551,277390,647430,1551,0,18,9709,8,10,9709,0,20006563,44790808,4977482,15029081,16572799,28218009,n13814,true,0.9484205708066143,0.3480327578275958,15,19956,false,500,2,0.32402169005924963,0.8068789911935537,null
14851574,66055636,603926,13562456,685192,310195,293731,10139459,0,334148,351044,98268,211927,1468700,2248028,4076029,0,107144,227004,102439,248605,1258265,64797371,322167,926371,9727,85160,237007,45670,39490,186216,50791,924820,1551,277390,647430,1551,0,18,9709,8,10,9709,0,20006563,44790808,4977482,15029081,16572799,28218009,n2401,false,0.9999954843759257,0.04552156850340894,0,20595,false,501,3,0.9968391209624536,0.6607342960623158,null
14851574,66055636,603926,13562456,685192,310195,293731,10139459,0,334148,351044,98268,211927,1468700,2248028,4076029,0,107144,227004,102439,248605,1258265,64797371,322167,926371,9727,85160,237007,45670,39490,186216,50791,924820,1551,277390,647430,1551,0,18,9709,8,10,9709,0,20006563,44790808,4977482,15029081,16572799,28218009,n2400,false,0.9999984577078261,0.5673601507236989,0,7180,false,504,8,0.5206465032139009,0.9672538742171297,null
14851574,66055636,603926,13562456,685192,310195,293731,10139459,0,334148,351044,98268,211927,1468700,2248028,4076029,0,107144,227004,102439,248605,1258265,64797371,322167,926371,9727,85160,237007,45670,39490,186216,50791,924820,1551,277390,647430,1551,0,18,9709,8,10,9709,0,20006563,44790808,4977482,15029081,16572799,28218009,n2408,false,0.290895135470568,0.5759518435999159,0,10253,false,503,7,0.8465060065448576,0.7680181583037572,null
14851574,66055636,603926,13562456,685192,310195,293731,10139459,0,334148,351044,98268,211927,1468700,2248028,4076029,0,107144,227004,102439,248605,1258265,64797371,322167,926371,9727,85160,237007,45670,39490,186216,50791,924820,1551,277390,647430,1551,0,18,9709,8,10,9709,0,20006563,44790808,4977482,15029081,16572799,28218009,n13800,false,0.24979796420838837,0.46716952013119545,0,14802,false,502,5,0.8589046826786456,0.2235831076841861,null
14851574,66055636,603926,13562456,685192,310195,293731,10139459,0,334148,351044,98268,211927,1468700,2248028,4076029,0,107144,227004,102439,248605,1258265,64797371,322167,926371,9727,85160,237007,45670,39490,186216,50791,924820,1551,277390,647430,1551,0,18,9709,8,10,9709,0,20006563,44790808,4977482,15029081,16572799,28218009,n2410,false,0.06853752013117542,0.9496379237196086,0,1766,false,505,11,0.43005184522588663,0.32727173760850975,null
14851574,66055636,603926,13562456,685192,310195,293731,10139459,0,334148,351044,98268,211927,1468700,2248028,4076029,0,107144,227004,102439,248605,1258265,64797371,322167,926371,9727,85160,237007,45670,39490,186216,50791,924820,1551,277390,647430,1551,0,18,9709,8,10,9709,0,20006563,44790808,4977482,15029081,16572799,28218009,n2418,true,0.9002253933898079,0.6285495922743275,11,20235,false,500,1,0.8240604797839326,0.376290769369064,null
14851574,66055636,603926,13562456,685192,310195,293731,10139459,0,334148,351044,98268,211927,1468700,2248028,4076029,0,107144,227004,102439,248605,1258265,64797371,322167,926371,9727,85160,237007,45670,39490,186216,50791,924820,1551,277390,647430,1551,0,18,9709,8,10,9709,0,20006563,44790808,4977482,15029081,16572799,28218009,n12742,false,0.9999962284299856,0.14456464737147245,0,12437,false,503,8,0.8264287860480429,0.4220235438434251,null
14851574,66055636,603926,13562456,685192,310195,293731,10139459,0,334148,351044,98268,211927,1468700,2248028,4076029,0,107144,227004,102439,248605,1258265,64797371,322167,926371,9727,85160,237007,45670,39490,186216,50791,924820,1551,277390,647430,1551,0,18,9709,8,10,9709,0,20006563,44790808,4977482,15029081,16572799,28218009,n12746,false,0.1637439281964653,0.8929420626022148,0,2522,false,503,7,0.5161949067049657,0.03225055217864259,null
14851574,66055636,603926,13562456,685192,310195,293731,10139459,0,334148,351044,98268,211927,1468700,2248028,4076029,0,107144,227004,102439,248605,1258265,64797371,322167,926371,9727,85160,237007,45670,39490,186216,50791,924820,1551,277390,647430,1551,0,18,9709,8,10,9709,0,20006563,44790808,4977482,15029081,16572799,28218009,n29186,false,0.509753072591021,0.12097745598253784,0,3771,false,502,4,0.7662663743216195,0.24097341154186058,null
14851574,66055636,603926,13562456,685192,310195,293731,10139459,0,334148,351044,98268,211927,1468700,2248028,4076029,0,107144,227004,102439,248605,1258265,64797371,322167,926371,9727,85160,237007,45670,39490,186216,50791,924820,1551,277390,647430,1551,0,18,9709,8,10,9709,0,20006563,44790808,4977482,15029081,16572799,28218009,n27638,false,0.08639635374480063,0.6621767726439559,0,28999,false,500,0,0.7415563846492688,0.020628502721227848,null
14851574,66055636,603926,13562456,685192,310195,293731,10139459,0,334148,351044,98268,211927,1468700,2248028,4076029,0,107144,227004,102439,248605,1258265,64797371,322167,926371,9727,85160,237007,45670,39490,186216,50791,924820,1551,277390,647430,1551,0,18,9709,8,10,9709,0,20006563,44790808,4977482,15029081,16572799,28218009,n42759,true,0.30775062635665335,0.6618787889230893,11,28999,false,0,0,0.20251710194601924,0.4679252197016471,null
14851574,66055636,603926,13562456,685192,310195,293731,10139459,0,334148,351044,98268,211927,1468700,2248028,4076029,0,107144,227004,102439,248605,1258265,64797371,322167,926371,9727,85160,237007,45670,39490,186216,50791,924820,1551,277390,647430,1551,0,18,9709,8,10,9709,0,20006563,44790808,4977482,15029081,16572799,28218009,n12736,false,0.25152100184475734,0.38720439830206016,0,6533,false,502,5,0.8332532818130093,0.04766756930275717,null
14851574,66055636,603926,13562456,685192,310195,293731,10139459,0,334148,351044,98268,211927,1468700,2248028,4076029,0,107144,227004,102439,248605,1258265,64797371,322167,926371,9727,85160,237007,45670,39490,186216,50791,924820,1551,277390,647430,1551,0,18,9709,8,10,9709,0,20006563,44790808,4977482,15029081,16572799,28218009,n2334,false,0.3080528267218641,0.5170048417160995,0,815,false,501,3,0.344378246316994,0.6257830168391155,null
14851574,66055636,603926,13562456,685192,310195,293731,10139459,0,334148,351044,98268,211927,1468700,2248028,4076029,0,107144,227004,102439,248605,1258265,64797371,322167,926371,9727,85160,237007,45670,39490,186216,50791,924820,1551,277390,647430,1551,0,18,9709,8,10,9709,0,20006563,44790808,4977482,15029081,16572799,28218009,n12012,false,0.5554421324792506,0.7757293196116044,0,563,false,507,15,0.6232902086077142,0.6132972175004887,null
14851574,66055636,603926,13562456,685192,310195,293731,10139459,0,334148,351044,98268,211927,1468700,2248028,4076029,0,107144,227004,102439,248605,1258265,64797371,322167,926371,9727,85160,237007,45670,39490,186216,50791,924820,1551,277390,647430,1551,0,18,9709,8,10,9709,0,20006563,44790808,4977482,15029081,16572799,28218009,n7169,false,0.5222420487623258,0.9831846132296954,0,9479,false,503,6,0.6988592513329132,0.6963173344118037,null
14851574,66055636,603926,13562456,685192,310195,293731,10139459,0,334148,351044,98268,211927,1468700,2248028,4076029,0,107144,227004,102439,248605,1258265,64797371,322167,926371,9727,85160,237007,45670,39490,186216,50791,924820,1551,277390,647430,1551,0,18,9709,8,10,9709,0,20006563,44790808,4977482,15029081,16572799,28218009,n12015,false,0.531120168550118,0.8234950043106449,0,4157,false,502,6,0.10070280009167842,0.7059841616280117,null
14851574,66055636,603926,13562456,685192,310195,293731,10139459,0,334148,351044,98268,211927,1468700,2248028,4076029,0,107144,227004,102439,248605,1258265,64797371,322167,926371,9727,85160,237007,45670,39490,186216,50791,924820,1551,277390,647430,1551,0,18,9709,8,10,9709,0,20006563,44790808,4977482,15029081,16572799,28218009,n2341,false,0.996128643497732,0.3518254915489609,0,6788,false,502,6,0.954989435602953,0.6235681319849908,null
14851574,66055636,603926,13562456,685192,310195,293731,10139459,0,334148,351044,98268,211927,1468700,2248028,4076029,0,107144,227004,102439,248605,1258265,64797371,322167,926371,9727,85160,237007,45670,39490,186216,50791,924820,1551,277390,647430,1551,0,18,9709,8,10,9709,0,20006563,44790808,4977482,15029081,16572799,28218009,n5641,false,0.20757847843752472,0.7849868174404458,0,5214,false,504,9,0.18511235567201678,0.8601619573148479,null
14851574,66055636,603926,13562456,685192,310195,293731,10139459,0,334148,351044,98268,211927,1468700,2248028,4076029,0,107144,227004,102439,248605,1258265,64797371,322167,926371,9727,85160,237007,45670,39490,186216,50791,924820,1551,277390,647430,1551,0,18,9709,8,10,9709,0,20006563,44790808,4977482,15029081,16572799,28218009,n2340,false,0.9999980013951035,0.7519303808712756,0,8116,false,502,5,0.6925980803557397,0.6198670592521075,null
14851574,66055636,603926,13562456,685192,310195,293731,10139459,0,334148,351044,98268,211927,1468700,2248028,4076029,0,107144,227004,102439,248605,1258265,64797371,322167,926371,9727,85160,237007,45670,39490,186216,50791,924820,1551,277390,647430,1551,0,18,9709,8,10,9709,0,20006563,44790808,4977482,15029081,16572799,28218009,n5642,false,0.06663346270156342,0.08291127379849583,0,20173,false,504,8,0.5315527029239338,0.16707898089856354,null
14851574,66055636,603926,13562456,685192,310195,293731,10139459,0,334148,351044,98268,211927,1468700,2248028,4076029,0,107144,227004,102439,248605,1258265,64797371,322167,926371,9727,85160,237007,45670,39490,186216,50791,924820,1551,277390,647430,1551,0,18,9709,8,10,9709,0,20006563,44790808,4977482,15029081,16572799,28218009,n2322,false,0.3574552788417753,0.2612577057143088,0,483,false,504,8,0.8195704028942428,0.7182181999756538,null
14851574,66055636,603926,13562456,685192,310195,293731,10139459,0,334148,351044,98268,211927,1468700,2248028,4076029,0,107144,227004,102439,248605,1258265,64797371,322167,926371,9727,85160,237007,45670,39490,186216,50791,924820,1551,277390,647430,1551,0,18,9709,8,10,9709,0,20006563,44790808,4977482,15029081,16572799,28218009,n2325,false,0.840894366104491,0.6599885823237224,0,138,false,504,9,0.6447281312444502,0.7006882663881303,null
14851574,66055636,603926,13562456,685192,310195,293731,10139459,0,334148,351044,98268,211927,1468700,2248028,4076029,0,107144,227004,102439,248605,1258265,64797371,322167,926371,9727,85160,237007,45670,39490,186216,50791,924820,1551,277390,647430,1551,0,18,9709,8,10,9709,0,20006563,44790808,4977482,15029081,16572799,28218009,n2326,false,0.7078377572493827,0.41678435413632586,0,24028,false,501,2,0.8432385078769483,0.1729048412405324,null
14851574,66055636,603926,13562456,685192,310195,293731,10139459,0,334148,351044,98268,211927,1468700,2248028,4076029,0,107144,227004,102439,248605,1258265,64797371,322167,926371,9727,85160,237007,45670,39490,186216,50791,924820,1551,277390,647430,1551,0,18,9709,8,10,9709,0,20006563,44790808,4977482,15029081,16572799,28218009,n12026,false,0.2601374628401196,0.14063948159320805,0,28799,false,500,1,0.7807637165949374,0.4081077016651159,null
14851574,66055636,603926,13562456,685192,310195,293731,10139459,0,334148,351044,98268,211927,1468700,2248028,4076029,0,107144,227004,102439,248605,1258265,64797371,322167,926371,9727,85160,237007,45670,39490,186216,50791,924820,1551,277390,647430,1551,0,18,9709,8,10,9709,0,20006563,44790808,4977482,15029081,16572799,28218009,n4124,true,0.8342136377204113,0.42624607834941497,12,2433,false,501,4,0.7587241361793231,0.4945629268682524,null
14851574,66055636,603926,13562456,685192,310195,293731,10139459,0,334148,351044,98268,211927,1468700,2248028,4076029,0,107144,227004,102439,248605,1258265,64797371,322167,926371,9727,85160,237007,45670,39490,186216,50791,924820,1551,277390,647430,1551,0,18,9709,8,10,9709,0,20006563,44790808,4977482,15029081,16572799,28218009,n12028,false,0.517128704012009,0.35344993197794844,0,162,false,507,16,0.30437648244287263,0.6615974802810358,null
14851574,66055636,603926,13562456,685192,310195,293731,10139459,0,334148,351044,98268,211927,1468700,2248028,4076029,0,107144,227004,102439,248605,1258265,64797371,322167,926371,9727,85160,237007,45670,39490,186216,50791,924820,1551,277390,647430,1551,0,18,9709,8,10,9709,0,20006563,44790808,4977482,15029081,16572799,28218009,n2319,false,0.9744993663717957,0.8168291959723639,0,19902,false,502,5,0.4931743141858108,0.25945827048544157,null
14851574,66055636,603926,13562456,685192,310195,293731,10139459,0,334148,351044,98268,211927,1468700,2248028,4076029,0,107144,227004,102439,248605,1258265,64797371,322167,926371,9727,85160,237007,45670,39490,186216,50791,924820,1551,277390,647430,1551,0,18,9709,8,10,9709,0,20006563,44790808,4977482,15029081,16572799,28218009,n2317,true,0.762291959233085,0.9445792982796278,11,28977,false,0,1,0.7625257275136054,0.4676673483596084,null
14851574,66055636,603926,13562456,685192,310195,293731,10139459,0,334148,351044,98268,211927,1468700,2248028,4076029,0,107144,227004,102439,248605,1258265,64797371,322167,926371,9727,85160,237007,45670,39490,186216,50791,924820,1551,277390,647430,1551,0,18,9709,8,10,9709,0,20006563,44790808,4977482,15029081,16572799,28218009,n5614,true,0.09663216902054528,0.9657189964401469,7,28999,false,0,0,0.8581948926044303,0.20774558739924054,null
14851574,66055636,603926,13562456,685192,310195,293731,10139459,0,334148,351044,98268,211927,1468700,2248028,4076029,0,107144,227004,102439,248605,1258265,64797371,322167,926371,9727,85160,237007,45670,39490,186216,50791,924820,1551,277390,647430,1551,0,18,9709,8,10,9709,0,20006563,44790808,4977482,15029081,16572799,28218009,n2315,false,0.7620105210849265,0.4269283598196924,0,1028,false,502,5,0.4262920844718594,0.780013082816095,null
14851574,66055636,603926,13562456,685192,310195,293731,10139459,0,334148,351044,98268,211927,1468700,2248028,4076029,0,107144,227004,102439,248605,1258265,64797371,322167,926371,9727,85160,237007,45670,39490,186216,50791,924820,1551,277390,647430,1551,0,18,9709,8,10,9709,0,20006563,44790808,4977482,15029081,16572799,28218009,n5611,true,0.030804435955077748,0.8015477183139923,13,28994,false,5,1,0.8620344369146634,0.1488672312869863,null
14851574,66055636,603926,13562456,685192,310195,293731,10139459,0,334148,351044,98268,211927,1468700,2248028,4076029,0,107144,227004,102439,248605,1258265,64797371,322167,926371,9727,85160,237007,45670,39490,186216,50791,924820,1551,277390,647430,1551,0,18,9709,8,10,9709,0,20006563,44790808,4977482,15029081,16572799,28218009,n5612,false,0.19463926733935646,0.27417390273084613,0,392,false,503,8,0.2998830114010872,0.04927092480978501,null
14851574,66055636,603926,13562456,685192,310195,293731,10139459,0,334148,351044,98268,211927,1468700,2248028,4076029,0,107144,227004,102439,248605,1258265,64797371,322167,926371,9727,85160,237007,45670,39490,186216,50791,924820,1551,277390,647430,1551,0,18,9709,8,10,9709,0,20006563,44790808,4977482,15029081,16572799,28218009,n12034,false,0.8285009184816893,0.5021993177799888,0,13321,false,501,3,0.6802425993921737,0.8334873052557595,null
14851574,66055636,603926,13562456,685192,310195,293731,10139459,0,334148,351044,98268,211927,1468700,2248028,4076029,0,107144,227004,102439,248605,1258265,64797371,322167,926371,9727,85160,237007,45670,39490,186216,50791,924820,1551,277390,647430,1551,0,18,9709,8,10,9709,0,20006563,44790808,4977482,15029081,16572799,28218009,n2307,true,0.22190365577917343,0.9499817619063595,6,1153,false,500,3,0.7441941935271713,0.1391770436857619,null
14851574,66055636,603926,13562456,685192,310195,293731,10139459,0,334148,351044,98268,211927,1468700,2248028,4076029,0,107144,227004,102439,248605,1258265,64797371,322167,926371,9727,85160,237007,45670,39490,186216,50791,924820,1551,277390,647430,1551,0,18,9709,8,10,9709,0,20006563,44790808,4977482,15029081,16572799,28218009,n5629,false,0.7529303334133043,0.7328164876808525,0,5839,false,505,12,0.4088112158669377,0.39635335547470746,null
14851574,66055636,603926,13562456,685192,310195,293731,10139459,0,334148,351044,98268,211927,1468700,2248028,4076029,0,107144,227004,102439,248605,1258265,64797371,322167,926371,9727,85160,237007,45670,39490,186216,50791,924820,1551,277390,647430,1551,0,18,9709,8,10,9709,0,20006563,44790808,4977482,15029081,16572799,28218009,n2303,false,0.7732620404545659,0.3963881888717978,0,19146,false,501,2,0.4362732871719889,0.149388646842896,null
14851574,66055636,603926,13562456,685192,310195,293731,10139459,0,334148,351044,98268,211927,1468700,2248028,4076029,0,107144,227004,102439,248605,1258265,64797371,322167,926371,9727,85160,237007,45670,39490,186216,50791,924820,1551,277390,647430,1551,0,18,9709,8,10,9709,0,20006563,44790808,4977482,15029081,16572799,28218009,n5627,false,0.9999951802453566,0.4508298671719406,0,13750,false,501,3,0.8109126234640811,0.27291797871529844,null
14851574,66055636,603926,13562456,685192,310195,293731,10139459,0,334148,351044,98268,211927,1468700,2248028,4076029,0,107144,227004,102439,248605,1258265,64797371,322167,926371,9727,85160,237007,45670,39490,186216,50791,924820,1551,277390,647430,1551,0,18,9709,8,10,9709,0,20006563,44790808,4977482,15029081,16572799,28218009,n5623,false,0.8828242133494582,0.5664042723837537,0,1090,false,502,4,0.613427055158933,0.7459667381584296,null
14851574,66055636,603926,13562456,685192,310195,293731,10139459,0,334148,351044,98268,211927,1468700,2248028,4076029,0,107144,227004,102439,248605,1258265,64797371,322167,926371,9727,85160,237007,45670,39490,186216,50791,924820,1551,277390,647430,1551,0,18,9709,8,10,9709,0,20006563,44790808,4977482,15029081,16572799,28218009,n5631,false,0.9916128721341034,0.385119637927943,0,1362,false,505,11,0.9944291363030711,0.9812393849652536,null
14851574,66055636,603926,13562456,685192,310195,293731,10139459,0,334148,351044,98268,211927,1468700,2248028,4076029,0,107144,227004,102439,248605,1258265,64797371,322167,926371,9727,85160,237007,45670,39490,186216,50791,924820,1551,277390,647430,1551,0,18,9709,8,10,9709,0,20006563,44790808,4977482,15029081,16572799,28218009,n4102,false,0.9856746344446118,0.15442828461443436,0,3636,false,503,9,0.6552547537299449,0.40247155004189855,null
14851574,66055636,603926,13562456,685192,310195,293731,10139459,0,334148,351044,98268,211927,1468700,2248028,4076029,0,107144,227004,102439,248605,1258265,64797371,322167,926371,9727,85160,237007,45670,39490,186216,50791,924820,1551,277390,647430,1551,0,18,9709,8,10,9709,0,20006563,44790808,4977482,15029081,16572799,28218009,n7190,false,0.8354393497409092,0.3808832842505092,0,7267,false,503,7,0.46838213471234624,0.008052191877789383,null
14851574,66055636,603926,13562456,685192,310195,293731,10139459,0,334148,351044,98268,211927,1468700,2248028,4076029,0,107144,227004,102439,248605,1258265,64797371,322167,926371,9727,85160,237007,45670,39490,186216,50791,924820,1551,277390,647430,1551,0,18,9709,8,10,9709,0,20006563,44790808,4977482,15029081,16572799,28218009,n2379,false,0.7899764143138579,0.5406042048163205,0,25161,false,503,8,0.3663117653003489,0.6365523561443406,null
14851574,66055636,603926,13562456,685192,310195,293731,10139459,0,334148,351044,98268,211927,1468700,2248028,4076029,0,107144,227004,102439,248605,1258265,64797371,322167,926371,9727,85160,237007,45670,39490,186216,50791,924820,1551,277390,647430,1551,0,18,9709,8,10,9709,0,20006563,44790808,4977482,15029081,16572799,28218009,n23032,false,0.44862854137104374,0.49779594180110553,0,1166,false,502,5,0.9009919602628291,0.02669527053396914,null
14851574,66055636,603926,13562456,685192,310195,293731,10139459,0,334148,351044,98268,211927,1468700,2248028,4076029,0,107144,227004,102439,248605,1258265,64797371,322167,926371,9727,85160,237007,45670,39490,186216,50791,924820,1551,277390,647430,1551,0,18,9709,8,10,9709,0,20006563,44790808,4977482,15029081,16572799,28218009,n4148,false,0.8350625346948899,0.14677197239815465,0,15530,false,502,5,0.9451880173039108,0.18838234371946594,null
14851574,66055636,603926,13562456,685192,310195,293731,10139459,0,334148,351044,98268,211927,1468700,2248028,4076029,0,107144,227004,102439,248605,1258265,64797371,322167,926371,9727,85160,237007,45670,39490,186216,50791,924820,1551,277390,647430,1551,0,18,9709,8,10,9709,0,20006563,44790808,4977482,15029081,16572799,28218009,n2381,false,0.6914841348023881,0.9372584265489462,0,4038,false,505,10,0.6028314478017347,0.01603682395761974,null
14851574,66055636,603926,13562456,685192,310195,293731,10139459,0,334148,351044,98268,211927,1468700,2248028,4076029,0,107144,227004,102439,248605,1258265,64797371,322167,926371,9727,85160,237007,45670,39490,186216,50791,924820,1551,277390,647430,1551,0,18,9709,8,10,9709,0,20006563,44790808,4977482,15029081,16572799,28218009,n4153,false,0.8912740463530948,0.8134803039976229,0,20197,false,500,2,0.7439879750149301,0.8787981423037617,null
14851574,66055636,603926,13562456,685192,310195,293731,10139459,0,334148,351044,98268,211927,1468700,2248028,4076029,0,107144,227004,102439,248605,1258265,64797371,322167,926371,9727,85160,237007,45670,39490,186216,50791,924820,1551,277390,647430,1551,0,18,9709,8,10,9709,0,20006563,44790808,4977482,15029081,16572799,28218009,n2380,false,0.9999994890901033,0.12002410048126166,0,12479,false,507,16,0.8329838996909392,0.7921076554472534,null
14851574,66055636,603926,13562456,685192,310195,293731,10139459,0,334148,351044,98268,211927,1468700,2248028,4076029,0,107144,227004,102439,248605,1258265,64797371,322167,926371,9727,85160,237007,45670,39490,186216,50791,924820,1551,277390,647430,1551,0,18,9709,8,10,9709,0,20006563,44790808,4977482,15029081,16572799,28218009,n2386,false,0.5282535058579405,0.42346261233164945,0,15301,false,503,7,0.4961798823694255,0.4431612634643706,null
14851574,66055636,603926,13562456,685192,310195,293731,10139459,0,334148,351044,98268,211927,1468700,2248028,4076029,0,107144,227004,102439,248605,1258265,64797371,322167,926371,9727,85160,237007,45670,39490,186216,50791,924820,1551,277390,647430,1551,0,18,9709,8,10,9709,0,20006563,44790808,4977482,15029081,16572799,28218009,n2384,false,0.9999989682283151,0.16838838589748606,0,4724,false,504,9,0.8845881772230209,0.3264060758841379,null
14851574,66055636,603926,13562456,685192,310195,293731,10139459,0,334148,351044,98268,211927,1468700,2248028,4076029,0,107144,227004,102439,248605,1258265,64797371,322167,926371,9727,85160,237007,45670,39490,186216,50791,924820,1551,277390,647430,1551,0,18,9709,8,10,9709,0,20006563,44790808,4977482,15029081,16572799,28218009,n2366,false,0.5741528271041789,0.513724003617259,0,5578,false,504,8,0.3027916776319015,0.9692473291810324,null
14851574,66055636,603926,13562456,685192,310195,293731,10139459,0,334148,351044,98268,211927,1468700,2248028,4076029,0,107144,227004,102439,248605,1258265,64797371,322167,926371,9727,85160,237007,45670,39490,186216,50791,924820,1551,277390,647430,1551,0,18,9709,8,10,9709,0,20006563,44790808,4977482,15029081,16572799,28218009,n5602,true,0.8689080346760812,0.37225415933502415,10,1259,false,503,9,0.4682165177179787,0.026511288558260904,null
14851574,66055636,603926,13562456,685192,310195,293731,10139459,0,334148,351044,98268,211927,1468700,2248028,4076029,0,107144,227004,102439,248605,1258265,64797371,322167,926371,9727,85160,237007,45670,39490,186216,50791,924820,1551,277390,647430,1551,0,18,9709,8,10,9709,0,20006563,44790808,4977482,15029081,16572799,28218009,n2367,false,0.08730485937480854,0.619716520926207,0,3312,false,502,6,0.6489736247637761,0.34237591109810955,null
14851574,66055636,603926,13562456,685192,310195,293731,10139459,0,334148,351044,98268,211927,1468700,2248028,4076029,0,107144,227004,102439,248605,1258265,64797371,322167,926371,9727,85160,237007,45670,39490,186216,50791,924820,1551,277390,647430,1551,0,18,9709,8,10,9709,0,20006563,44790808,4977482,15029081,16572799,28218009,n5600,false,0.7516070122153415,0.6404240267780215,0,315,true,348,7,0.22099801228459637,0.2250383151845876,null
14851574,66055636,603926,13562456,685192,310195,293731,10139459,0,334148,351044,98268,211927,1468700,2248028,4076029,0,107144,227004,102439,248605,1258265,64797371,322167,926371,9727,85160,237007,45670,39490,186216,50791,924820,1551,277390,647430,1551,0,18,9709,8,10,9709,0,20006563,44790808,4977482,15029081,16572799,28218009,n5606,false,0.22423686318901528,0.7699937687977332,0,1272,false,505,10,0.5938646108496328,0.9205816498520121,null
14851574,66055636,603926,13562456,685192,310195,293731,10139459,0,334148,351044,98268,211927,1468700,2248028,4076029,0,107144,227004,102439,248605,1258265,64797371,322167,926371,9727,85160,237007,45670,39490,186216,50791,924820,1551,277390,647430,1551,0,18,9709,8,10,9709,0,20006563,44790808,4977482,15029081,16572799,28218009,n5607,false,0.6140563880298242,0.14603883693617137,0,1918,false,504,9,0.808872635436586,0.6561007803250616,null
14851574,66055636,603926,13562456,685192,310195,293731,10139459,0,334148,351044,98268,211927,1468700,2248028,4076029,0,107144,227004,102439,248605,1258265,64797371,322167,926371,9727,85160,237007,45670,39490,186216,50791,924820,1551,277390,647430,1551,0,18,9709,8,10,9709,0,20006563,44790808,4977482,15029081,16572799,28218009,n2371,false,0.9149056767886362,0.8005786096728092,0,3272,false,506,13,0.6851811285987344,0.5542686649906241,null
14851574,66055636,603926,13562456,685192,310195,293731,10139459,0,334148,351044,98268,211927,1468700,2248028,4076029,0,107144,227004,102439,248605,1258265,64797371,322167,926371,9727,85160,237007,45670,39490,186216,50791,924820,1551,277390,647430,1551,0,18,9709,8,10,9709,0,20006563,44790808,4977482,15029081,16572799,28218009,n2374,false,0.3893307966113079,0.1346231219088545,0,27787,false,500,4,0.6394811782605407,0.4145657902623841,null
14851574,66055636,603926,13562456,685192,310195,293731,10139459,0,334148,351044,98268,211927,1468700,2248028,4076029,0,107144,227004,102439,248605,1258265,64797371,322167,926371,9727,85160,237007,45670,39490,186216,50791,924820,1551,277390,647430,1551,0,18,9709,8,10,9709,0,20006563,44790808,4977482,15029081,16572799,28218009,n2358,false,0.46177008191346497,0.4985896580426147,0,28495,false,500,1,0.7822258660017686,0.9735311378320473,null
14851574,66055636,603926,13562456,685192,310195,293731,10139459,0,334148,351044,98268,211927,1468700,2248028,4076029,0,107144,227004,102439,248605,1258265,64797371,322167,926371,9727,85160,237007,45670,39490,186216,50791,924820,1551,277390,647430,1551,0,18,9709,8,10,9709,0,20006563,44790808,4977482,15029081,16572799,28218009,n4127,false,0.3073355268952672,0.46852412910159597,0,12903,false,507,15,0.3474560152207139,0.15491682270159102,null
14851574,66055636,603926,13562456,685192,310195,293731,10139459,0,334148,351044,98268,211927,1468700,2248028,4076029,0,107144,227004,102439,248605,1258265,64797371,322167,926371,9727,85160,237007,45670,39490,186216,50791,924820,1551,277390,647430,1551,0,18,9709,8,10,9709,0,20006563,44790808,4977482,15029081,16572799,28218009,n4125,false,0.8610292967859313,0.08181237526925667,0,10678,false,503,9,0.3055154624208104,0.014862462406894816,null
14851574,66055636,603926,13562456,685192,310195,293731,10139459,0,334148,351044,98268,211927,1468700,2248028,4076029,0,107144,227004,102439,248605,1258265,64797371,322167,926371,9727,85160,237007,45670,39490,186216,50791,924820,1551,277390,647430,1551,0,18,9709,8,10,9709,0,20006563,44790808,4977482,15029081,16572799,28218009,n12690,false,0.7387373286180693,0.8349366118556752,0,8733,false,505,13,0.6256483709414224,0.8794985948115264,null
14851574,66055636,603926,13562456,685192,310195,293731,10139459,0,334148,351044,98268,211927,1468700,2248028,4076029,0,107144,227004,102439,248605,1258265,64797371,322167,926371,9727,85160,237007,45670,39490,186216,50791,924820,1551,277390,647430,1551,0,18,9709,8,10,9709,0,20006563,44790808,4977482,15029081,16572799,28218009,n4133,false,0.20352644439804687,0.5238297263443823,0,2507,false,504,11,0.834454418732665,0.7971706982305968,null
14851574,66055636,603926,13562456,685192,310195,293731,10139459,0,334148,351044,98268,211927,1468700,2248028,4076029,0,107144,227004,102439,248605,1258265,64797371,322167,926371,9727,85160,237007,45670,39490,186216,50791,924820,1551,277390,647430,1551,0,18,9709,8,10,9709,0,20006563,44790808,4977482,15029081,16572799,28218009,n2344,false,0.01264334018576946,0.43594077354174854,0,5817,false,503,7,0.9996602884994902,0.9895147620297396,null
14851574,66055636,603926,13562456,685192,310195,293731,10139459,0,334148,351044,98268,211927,1468700,2248028,4076029,0,107144,227004,102439,248605,1258265,64797371,322167,926371,9727,85160,237007,45670,39490,186216,50791,924820,1551,277390,647430,1551,0,18,9709,8,10,9709,0,20006563,44790808,4977482,15029081,16572799,28218009,n4136,false,0.9999983233831371,0.6687720314514793,0,28999,false,500,0,0.6550379103607731,0.04346791582329823,null
14851574,66055636,603926,13562456,685192,310195,293731,10139459,0,334148,351044,98268,211927,1468700,2248028,4076029,0,107144,227004,102439,248605,1258265,64797371,322167,926371,9727,85160,237007,45670,39490,186216,50791,924820,1551,277390,647430,1551,0,18,9709,8,10,9709,0,20006563,44790808,4977482,15029081,16572799,28218009,n2346,true,0.5042343065720672,0.6924390999052317,12,28999,false,0,0,0.8149410654815155,0.07127512390192137,null
14851574,66055636,603926,13562456,685192,310195,293731,10139459,0,334148,351044,98268,211927,1468700,2248028,4076029,0,107144,227004,102439,248605,1258265,64797371,322167,926371,9727,85160,237007,45670,39490,186216,50791,924820,1551,277390,647430,1551,0,18,9709,8,10,9709,0,20006563,44790808,4977482,15029081,16572799,28218009,n1298,false,0.3473659032712769,0.35603230296503224,0,5336,false,503,8,0.45930031795521603,0.034134859863642175,null
14851574,66055636,603926,13562456,685192,310195,293731,10139459,0,334148,351044,98268,211927,1468700,2248028,4076029,0,107144,227004,102439,248605,1258265,64797371,322167,926371,9727,85160,237007,45670,39490,186216,50791,924820,1551,277390,647430,1551,0,18,9709,8,10,9709,0,20006563,44790808,4977482,15029081,16572799,28218009,n2350,true,0.17781582646964111,0.6206910713663099,12,8128,false,502,6,0.9802200968974131,0.6850706550516061,null
14851574,66055636,603926,13562456,685192,310195,293731,10139459,0,334148,351044,98268,211927,1468700,2248028,4076029,0,107144,227004,102439,248605,1258265,64797371,322167,926371,9727,85160,237007,45670,39490,186216,50791,924820,1551,277390,647430,1551,0,18,9709,8,10,9709,0,20006563,44790808,4977482,15029081,16572799,28218009,n4144,false,0.9142474025838596,0.18777520007993553,0,5456,false,501,3,0.2612142005557806,0.22018837950035253,null
14851574,66055636,603926,13562456,685192,310195,293731,10139459,0,334148,351044,98268,211927,1468700,2248028,4076029,0,107144,227004,102439,248605,1258265,64797371,322167,926371,9727,85160,237007,45670,39490,186216,50791,924820,1551,277390,647430,1551,0,18,9709,8,10,9709,0,20006563,44790808,4977482,15029081,16572799,28218009,n12006,false,0.7773817604366768,0.15825616420200606,0,1327,false,505,11,0.7120101028668759,0.9227858280313486,null
14851574,66055636,603926,13562456,685192,310195,293731,10139459,0,334148,351044,98268,211927,1468700,2248028,4076029,0,107144,227004,102439,248605,1258265,64797371,322167,926371,9727,85160,237007,45670,39490,186216,50791,924820,1551,277390,647430,1551,0,18,9709,8,10,9709,0,20006563,44790808,4977482,15029081,16572799,28218009,n23048,false,0.9048871620217892,0.002812278557529524,0,11573,false,504,8,0.8568007450246445,0.6994542959242152,null
14851574,66055636,603926,13562456,685192,310195,293731,10139459,0,334148,351044,98268,211927,1468700,2248028,4076029,0,107144,227004,102439,248605,1258265,64797371,322167,926371,9727,85160,237007,45670,39490,186216,50791,924820,1551,277390,647430,1551,0,18,9709,8,10,9709,0,20006563,44790808,4977482,15029081,16572799,28218009,n12002,false,0.9907069379695574,0.5931471012958156,0,5106,false,502,4,0.7826279055304437,0.1816914911764309,null
14851574,66055636,603926,13562456,685192,310195,293731,10139459,0,334148,351044,98268,211927,1468700,2248028,4076029,0,107144,227004,102439,248605,1258265,64797371,322167,926371,9727,85160,237007,45670,39490,186216,50791,924820,1551,277390,647430,1551,0,18,9709,8,10,9709,0,20006563,44790808,4977482,15029081,16572799,28218009,n1292,false,0.9999987636003937,0.6435454904954586,0,393,false,503,7,0.8782575399780486,0.24414848872215622,null
14851574,66055636,603926,13562456,685192,310195,293731,10139459,0,334148,351044,98268,211927,1468700,2248028,4076029,0,107144,227004,102439,248605,1258265,64797371,322167,926371,9727,85160,237007,45670,39490,186216,50791,924820,1551,277390,647430,1551,0,18,9709,8,10,9709,0,20006563,44790808,4977482,15029081,16572799,28218009,n1295,true,0.45402437379364025,0.11777764819709713,6,28999,false,0,0,0.7000465543500048,0.05049088936771684,null
14851574,66055636,603926,13562456,685192,310195,293731,10139459,0,334148,351044,98268,211927,1468700,2248028,4076029,0,107144,227004,102439,248605,1258265,64797371,322167,926371,9727,85160,237007,45670,39490,186216,50791,924820,1551,277390,647430,1551,0,18,9709,8,10,9709,0,20006563,44790808,4977482,15029081,16572799,28218009,n8678,false,0.3957285275251528,0.3672571589737531,0,25445,false,500,2,0.48462295493875907,0.6256861787266564,null
14851574,66055636,603926,13562456,685192,310195,293731,10139459,0,334148,351044,98268,211927,1468700,2248028,4076029,0,107144,227004,102439,248605,1258265,64797371,322167,926371,9727,85160,237007,45670,39490,186216,50791,924820,1551,277390,647430,1551,0,18,9709,8,10,9709,0,20006563,44790808,4977482,15029081,16572799,28218009,n8672,false,0.9619847052934676,0.24909186232308933,0,9207,false,503,7,0.780065264193869,0.8296796204883908,null
14851574,66055636,603926,13562456,685192,310195,293731,10139459,0,334148,351044,98268,211927,1468700,2248028,4076029,0,107144,227004,102439,248605,1258265,64797371,322167,926371,9727,85160,237007,45670,39490,186216,50791,924820,1551,277390,647430,1551,0,18,9709,8,10,9709,0,20006563,44790808,4977482,15029081,16572799,28218009,n8673,true,0.4446328050295051,0.8680598882121049,11,11236,false,501,4,0.9798946048240106,0.8419359692932346,null
14851574,66055636,603926,13562456,685192,310195,293731,10139459,0,334148,351044,98268,211927,1468700,2248028,4076029,0,107144,227004,102439,248605,1258265,64797371,322167,926371,9727,85160,237007,45670,39490,186216,50791,924820,1551,277390,647430,1551,0,18,9709,8,10,9709,0,20006563,44790808,4977482,15029081,16572799,28218009,n12095,false,0.13563620426124362,0.47266450784900005,0,13648,false,504,9,0.5519238900500587,0.2241588136481485,null
14851574,66055636,603926,13562456,685192,310195,293731,10139459,0,334148,351044,98268,211927,1468700,2248028,4076029,0,107144,227004,102439,248605,1258265,64797371,322167,926371,9727,85160,237007,45670,39490,186216,50791,924820,1551,277390,647430,1551,0,18,9709,8,10,9709,0,20006563,44790808,4977482,15029081,16572799,28218009,n1289,false,0.8621384853618369,0.2763600926888292,0,15556,false,501,4,0.6505024185077708,0.23861045742793918,null
14851574,66055636,603926,13562456,685192,310195,293731,10139459,0,334148,351044,98268,211927,1468700,2248028,4076029,0,107144,227004,102439,248605,1258265,64797371,322167,926371,9727,85160,237007,45670,39490,186216,50791,924820,1551,277390,647430,1551,0,18,9709,8,10,9709,0,20006563,44790808,4977482,15029081,16572799,28218009,n1280,false,0.6566994830527857,0.9587213806414252,0,2374,false,505,12,0.8185519773978722,0.020044993971782943,null
14851574,66055636,603926,13562456,685192,310195,293731,10139459,0,334148,351044,98268,211927,1468700,2248028,4076029,0,107144,227004,102439,248605,1258265,64797371,322167,926371,9727,85160,237007,45670,39490,186216,50791,924820,1551,277390,647430,1551,0,18,9709,8,10,9709,0,20006563,44790808,4977482,15029081,16572799,28218009,n8680,true,0.6348422031893206,0.8932312230307307,12,28999,false,0,0,0.9954638516231856,0.3698852279768654,null
14851574,66055636,603926,13562456,685192,310195,293731,10139459,0,334148,351044,98268,211927,1468700,2248028,4076029,0,107144,227004,102439,248605,1258265,64797371,322167,926371,9727,85160,237007,45670,39490,186216,50791,924820,1551,277390,647430,1551,0,18,9709,8,10,9709,0,20006563,44790808,4977482,15029081,16572799,28218009,n1282,false,0.18297566632629705,0.4291653799974083,0,4892,false,501,4,0.6925120213310902,0.5056886118824504,null
14851574,66055636,603926,13562456,685192,310195,293731,10139459,0,334148,351044,98268,211927,1468700,2248028,4076029,0,107144,227004,102439,248605,1258265,64797371,322167,926371,9727,85160,237007,45670,39490,186216,50791,924820,1551,277390,647430,1551,0,18,9709,8,10,9709,0,20006563,44790808,4977482,15029081,16572799,28218009,n1283,true,0.20849088813552608,0.3837605842500718,13,28999,false,0,0,0.8143639139504701,0.24516467532406228,null
14851574,66055636,603926,13562456,685192,310195,293731,10139459,0,334148,351044,98268,211927,1468700,2248028,4076029,0,107144,227004,102439,248605,1258265,64797371,322167,926371,9727,85160,237007,45670,39490,186216,50791,924820,1551,277390,647430,1551,0,18,9709,8,10,9709,0,20006563,44790808,4977482,15029081,16572799,28218009,n1284,true,0.7074765526767652,0.7148638710842206,13,3127,false,502,6,0.9152626954784335,0.05704245173967715,null
14851574,66055636,603926,13562456,685192,310195,293731,10139459,0,334148,351044,98268,211927,1468700,2248028,4076029,0,107144,227004,102439,248605,1258265,64797371,322167,926371,9727,85160,237007,45670,39490,186216,50791,924820,1551,277390,647430,1551,0,18,9709,8,10,9709,0,20006563,44790808,4977482,15029081,16572799,28218009,n1277,false,0.6717066138800548,0.9259769449131344,0,8514,false,505,13,0.5738374728048482,0.03458907596120875,null
14851574,66055636,603926,13562456,685192,310195,293731,10139459,0,334148,351044,98268,211927,1468700,2248028,4076029,0,107144,227004,102439,248605,1258265,64797371,322167,926371,9727,85160,237007,45670,39490,186216,50791,924820,1551,277390,647430,1551,0,18,9709,8,10,9709,0,20006563,44790808,4977482,15029081,16572799,28218009,n1275,false,0.13453269301803727,0.17252998637938988,0,20030,false,501,3,0.2926743753439981,0.7315887791092222,null
14851574,66055636,603926,13562456,685192,310195,293731,10139459,0,334148,351044,98268,211927,1468700,2248028,4076029,0,107144,227004,102439,248605,1258265,64797371,322167,926371,9727,85160,237007,45670,39490,186216,50791,924820,1551,277390,647430,1551,0,18,9709,8,10,9709,0,20006563,44790808,4977482,15029081,16572799,28218009,n1273,false,0.0648031989461525,0.395788749424658,0,13281,false,502,5,0.7856409286085254,0.8947286487908064,null
14851574,66055636,603926,13562456,685192,310195,293731,10139459,0,334148,351044,98268,211927,1468700,2248028,4076029,0,107144,227004,102439,248605,1258265,64797371,322167,926371,9727,85160,237007,45670,39490,186216,50791,924820,1551,277390,647430,1551,0,18,9709,8,10,9709,0,20006563,44790808,4977482,15029081,16572799,28218009,n8654,false,0.6552644541676681,0.4883956279618268,0,16104,false,501,5,0.9851279079704994,0.55502461188285,null
14851574,66055636,603926,13562456,685192,310195,293731,10139459,0,334148,351044,98268,211927,1468700,2248028,4076029,0,107144,227004,102439,248605,1258265,64797371,322167,926371,9727,85160,237007,45670,39490,186216,50791,924820,1551,277390,647430,1551,0,18,9709,8,10,9709,0,20006563,44790808,4977482,15029081,16572799,28218009,n8656,false,0.13734886317713596,0.48050214257718504,0,733,false,501,3,0.8476622913760045,0.7392394630438333,null
14851574,66055636,603926,13562456,685192,310195,293731,10139459,0,334148,351044,98268,211927,1468700,2248028,4076029,0,107144,227004,102439,248605,1258265,64797371,322167,926371,9727,85160,237007,45670,39490,186216,50791,924820,1551,277390,647430,1551,0,18,9709,8,10,9709,0,20006563,44790808,4977482,15029081,16572799,28218009,n13780,false,0.2837911605244795,0.5882179281740434,0,7819,false,500,2,0.7392024323059464,0.5532036923285955,null
14851574,66055636,603926,13562456,685192,310195,293731,10139459,0,334148,351044,98268,211927,1468700,2248028,4076029,0,107144,227004,102439,248605,1258265,64797371,322167,926371,9727,85160,237007,45670,39490,186216,50791,924820,1551,277390,647430,1551,0,18,9709,8,10,9709,0,20006563,44790808,4977482,15029081,16572799,28218009,n2398,false,0.5402804303927075,0.5479665590741938,0,17947,false,501,4,0.9625769913439262,0.19506909274284523,null
14851574,66055636,603926,13562456,685192,310195,293731,10139459,0,334148,351044,98268,211927,1468700,2248028,4076029,0,107144,227004,102439,248605,1258265,64797371,322167,926371,9727,85160,237007,45670,39490,186216,50791,924820,1551,277390,647430,1551,0,18,9709,8,10,9709,0,20006563,44790808,4977482,15029081,16572799,28218009,n5698,false,0.9289069718964398,0.4177177775630926,0,19849,false,500,2,0.07691714855400067,0.2917826322004816,null
14851574,66055636,603926,13562456,685192,310195,293731,10139459,0,334148,351044,98268,211927,1468700,2248028,4076029,0,107144,227004,102439,248605,1258265,64797371,322167,926371,9727,85160,237007,45670,39490,186216,50791,924820,1551,277390,647430,1551,0,18,9709,8,10,9709,0,20006563,44790808,4977482,15029081,16572799,28218009,n2392,false,0.49249621432051494,0.8787117235166466,0,9425,false,503,8,0.9192501342131061,0.1929129415481412,null
14851574,66055636,603926,13562456,685192,310195,293731,10139459,0,334148,351044,98268,211927,1468700,2248028,4076029,0,107144,227004,102439,248605,1258265,64797371,322167,926371,9727,85160,237007,45670,39490,186216,50791,924820,1551,277390,647430,1551,0,18,9709,8,10,9709,0,20006563,44790808,4977482,15029081,16572799,28218009,n8662,false,0.8888287673264741,0.5189688402074643,0,2095,false,501,2,0.8110861311265716,0.39741703986645577,null
14851574,66055636,603926,13562456,685192,310195,293731,10139459,0,334148,351044,98268,211927,1468700,2248028,4076029,0,107144,227004,102439,248605,1258265,64797371,322167,926371,9727,85160,237007,45670,39490,186216,50791,924820,1551,277390,647430,1551,0,18,9709,8,10,9709,0,20006563,44790808,4977482,15029081,16572799,28218009,n13794,true,0.14765110757254854,0.4117648906671386,10,141,false,502,5,0.5300284293783704,0.22974792433802427,null
14851574,66055636,603926,13562456,685192,310195,293731,10139459,0,334148,351044,98268,211927,1468700,2248028,4076029,0,107144,227004,102439,248605,1258265,64797371,322167,926371,9727,85160,237007,45670,39490,186216,50791,924820,1551,277390,647430,1551,0,18,9709,8,10,9709,0,20006563,44790808,4977482,15029081,16572799,28218009,n13791,false,0.6364488528297608,0.5509714220818087,0,28964,false,500,3,0.7261304928128296,0.39853893874888935,null
14851574,66055636,603926,13562456,685192,310195,293731,10139459,0,334148,351044,98268,211927,1468700,2248028,4076029,0,107144,227004,102439,248605,1258265,64797371,322167,926371,9727,85160,237007,45670,39490,186216,50791,924820,1551,277390,647430,1551,0,18,9709,8,10,9709,0,20006563,44790808,4977482,15029081,16572799,28218009,n7108,false,0.9999988480976431,0.6529823999211243,0,501,false,503,7,0.7181820824545375,0.6111433676345313,null
14851574,66055636,603926,13562456,685192,310195,293731,10139459,0,334148,351044,98268,211927,1468700,2248028,4076029,0,107144,227004,102439,248605,1258265,64797371,322167,926371,9727,85160,237007,45670,39490,186216,50791,924820,1551,277390,647430,1551,0,18,9709,8,10,9709,0,20006563,44790808,4977482,15029081,16572799,28218009,n7109,false,0.19640935181870867,0.07796043749645853,0,17140,false,502,5,0.29375345664642405,0.5483326179705159,null
14851574,66055636,603926,13562456,685192,310195,293731,10139459,0,334148,351044,98268,211927,1468700,2248028,4076029,0,107144,227004,102439,248605,1258265,64797371,322167,926371,9727,85160,237007,45670,39490,186216,50791,924820,1551,277390,647430,1551,0,18,9709,8,10,9709,0,20006563,44790808,4977482,15029081,16572799,28218009,n7106,false,0.6355359365415147,0.47035070828586184,0,11114,false,502,5,0.4750065960249997,0.5550747607287503,null
14851574,66055636,603926,13562456,685192,310195,293731,10139459,0,334148,351044,98268,211927,1468700,2248028,4076029,0,107144,227004,102439,248605,1258265,64797371,322167,926371,9727,85160,237007,45670,39490,186216,50791,924820,1551,277390,647430,1551,0,18,9709,8,10,9709,0,20006563,44790808,4977482,15029081,16572799,28218009,n1257,false,0.6636203301679677,0.09440675696774381,0,3397,false,502,5,0.899977660286772,0.9904837804192265,null
14851574,66055636,603926,13562456,685192,310195,293731,10139459,0,334148,351044,98268,211927,1468700,2248028,4076029,0,107144,227004,102439,248605,1258265,64797371,322167,926371,9727,85160,237007,45670,39490,186216,50791,924820,1551,277390,647430,1551,0,18,9709,8,10,9709,0,20006563,44790808,4977482,15029081,16572799,28218009,n1256,false,0.3607733139172341,0.9274621546327517,0,12464,false,502,5,0.7970307012931683,0.3461960461507971,null
14851574,66055636,603926,13562456,685192,310195,293731,10139459,0,334148,351044,98268,211927,1468700,2248028,4076029,0,107144,227004,102439,248605,1258265,64797371,322167,926371,9727,85160,237007,45670,39490,186216,50791,924820,1551,277390,647430,1551,0,18,9709,8,10,9709,0,20006563,44790808,4977482,15029081,16572799,28218009,n5680,true,0.05207816358938578,0.013008316040734713,7,5758,false,500,3,0.9791843751948133,0.017716465042728502,null
14851574,66055636,603926,13562456,685192,310195,293731,10139459,0,334148,351044,98268,211927,1468700,2248028,4076029,0,107144,227004,102439,248605,1258265,64797371,322167,926371,9727,85160,237007,45670,39490,186216,50791,924820,1551,277390,647430,1551,0,18,9709,8,10,9709,0,20006563,44790808,4977482,15029081,16572799,28218009,n1250,false,0.855168479072636,0.5393362067149673,0,12484,false,503,6,0.8300861226044024,0.46066444948605634,null
14851574,66055636,603926,13562456,685192,310195,293731,10139459,0,334148,351044,98268,211927,1468700,2248028,4076029,0,107144,227004,102439,248605,1258265,64797371,322167,926371,9727,85160,237007,45670,39490,186216,50791,924820,1551,277390,647430,1551,0,18,9709,8,10,9709,0,20006563,44790808,4977482,15029081,16572799,28218009,n5678,true,0.12264197799269393,0.6096235519131432,9,4145,false,502,6,0.4373077117658373,0.7374998377308857,null
14851574,66055636,603926,13562456,685192,310195,293731,10139459,0,334148,351044,98268,211927,1468700,2248028,4076029,0,107144,227004,102439,248605,1258265,64797371,322167,926371,9727,85160,237007,45670,39490,186216,50791,924820,1551,277390,647430,1551,0,18,9709,8,10,9709,0,20006563,44790808,4977482,15029081,16572799,28218009,n20094,false,0.37617797381256896,0.147877868686495,0,17515,false,502,4,0.8086856160981807,0.5340685496458051,null
14851574,66055636,603926,13562456,685192,310195,293731,10139459,0,334148,351044,98268,211927,1468700,2248028,4076029,0,107144,227004,102439,248605,1258265,64797371,322167,926371,9727,85160,237007,45670,39490,186216,50791,924820,1551,277390,647430,1551,0,18,9709,8,10,9709,0,20006563,44790808,4977482,15029081,16572799,28218009,n35371,true,0.1892280977971711,0.4154511355173645,13,28999,false,0,0,0.9623897215837514,0.5902921380359984,null
14851574,66055636,603926,13562456,685192,310195,293731,10139459,0,334148,351044,98268,211927,1468700,2248028,4076029,0,107144,227004,102439,248605,1258265,64797371,322167,926371,9727,85160,237007,45670,39490,186216,50791,924820,1551,277390,647430,1551,0,18,9709,8,10,9709,0,20006563,44790808,4977482,15029081,16572799,28218009,n5691,false,0.5807550077156761,0.7103048454790721,0,11021,false,502,6,0.9132543879590975,0.48126277495414577,null
14851574,66055636,603926,13562456,685192,310195,293731,10139459,0,334148,351044,98268,211927,1468700,2248028,4076029,0,107144,227004,102439,248605,1258265,64797371,322167,926371,9727,85160,237007,45670,39490,186216,50791,924820,1551,277390,647430,1551,0,18,9709,8,10,9709,0,20006563,44790808,4977482,15029081,16572799,28218009,n5690,true,0.7929047837512984,0.8101007633735562,12,28999,false,0,0,0.5271984070653963,0.8523501832467111,null
14851574,66055636,603926,13562456,685192,310195,293731,10139459,0,334148,351044,98268,211927,1468700,2248028,4076029,0,107144,227004,102439,248605,1258265,64797371,322167,926371,9727,85160,237007,45670,39490,186216,50791,924820,1551,277390,647430,1551,0,18,9709,8,10,9709,0,20006563,44790808,4977482,15029081,16572799,28218009,n12069,true,0.5189201039470328,0.7311563739211783,11,6601,false,503,8,0.5942993738127812,0.7334562101907998,null
14851574,66055636,603926,13562456,685192,310195,293731,10139459,0,334148,351044,98268,211927,1468700,2248028,4076029,0,107144,227004,102439,248605,1258265,64797371,322167,926371,9727,85160,237007,45670,39490,186216,50791,924820,1551,277390,647430,1551,0,18,9709,8,10,9709,0,20006563,44790808,4977482,15029081,16572799,28218009,n5692,true,0.07695221422979297,0.26258448167690635,11,8228,false,500,3,0.79152564290272,0.9380305725485214,null
14851574,66055636,603926,13562456,685192,310195,293731,10139459,0,334148,351044,98268,211927,1468700,2248028,4076029,0,107144,227004,102439,248605,1258265,64797371,322167,926371,9727,85160,237007,45670,39490,186216,50791,924820,1551,277390,647430,1551,0,18,9709,8,10,9709,0,20006563,44790808,4977482,15029081,16572799,28218009,n12062,true,0.13975211565155324,0.19058906135223452,9,4679,false,501,3,0.6761167977948497,0.8649606776276805,null
14851574,66055636,603926,13562456,685192,310195,293731,10139459,0,334148,351044,98268,211927,1468700,2248028,4076029,0,107144,227004,102439,248605,1258265,64797371,322167,926371,9727,85160,237007,45670,39490,186216,50791,924820,1551,277390,647430,1551,0,18,9709,8,10,9709,0,20006563,44790808,4977482,15029081,16572799,28218009,n1239,false,0.9999990577342195,0.773161338467833,0,4387,false,502,6,0.7331602239877845,0.14568371705360117,null
14851574,66055636,603926,13562456,685192,310195,293731,10139459,0,334148,351044,98268,211927,1468700,2248028,4076029,0,107144,227004,102439,248605,1258265,64797371,322167,926371,9727,85160,237007,45670,39490,186216,50791,924820,1551,277390,647430,1551,0,18,9709,8,10,9709,0,20006563,44790808,4977482,15029081,16572799,28218009,n12065,true,0.30484733502792616,0.916958755585745,0,933,false,500,2,0.7315205169514725,0.016799563977206722,null
14851574,66055636,603926,13562456,685192,310195,293731,10139459,0,334148,351044,98268,211927,1468700,2248028,4076029,0,107144,227004,102439,248605,1258265,64797371,322167,926371,9727,85160,237007,45670,39490,186216,50791,924820,1551,277390,647430,1551,0,18,9709,8,10,9709,0,20006563,44790808,4977482,15029081,16572799,28218009,n5664,false,0.802342183136087,0.7452052082769075,0,7319,false,502,6,0.7334788086218914,0.11855103951382873,null
14851574,66055636,603926,13562456,685192,310195,293731,10139459,0,334148,351044,98268,211927,1468700,2248028,4076029,0,107144,227004,102439,248605,1258265,64797371,322167,926371,9727,85160,237007,45670,39490,186216,50791,924820,1551,277390,647430,1551,0,18,9709,8,10,9709,0,20006563,44790808,4977482,15029081,16572799,28218009,n1230,false,0.5521259442245031,0.1539926570983613,0,456,false,502,5,0.7961219306285392,0.11678115506804698,null
14851574,66055636,603926,13562456,685192,310195,293731,10139459,0,334148,351044,98268,211927,1468700,2248028,4076029,0,107144,227004,102439,248605,1258265,64797371,322167,926371,9727,85160,237007,45670,39490,186216,50791,924820,1551,277390,647430,1551,0,18,9709,8,10,9709,0,20006563,44790808,4977482,15029081,16572799,28218009,n7144,false,0.9453485372756655,0.8093373193156275,0,3543,false,503,8,0.9675323290405237,0.6815764007032336,null
14851574,66055636,603926,13562456,685192,310195,293731,10139459,0,334148,351044,98268,211927,1468700,2248028,4076029,0,107144,227004,102439,248605,1258265,64797371,322167,926371,9727,85160,237007,45670,39490,186216,50791,924820,1551,277390,647430,1551,0,18,9709,8,10,9709,0,20006563,44790808,4977482,15029081,16572799,28218009,n5656,false,0.8422952000896653,0.10621910373639032,0,17506,false,501,3,0.4445303181231634,0.255184880807783,null
14851574,66055636,603926,13562456,685192,310195,293731,10139459,0,334148,351044,98268,211927,1468700,2248028,4076029,0,107144,227004,102439,248605,1258265,64797371,322167,926371,9727,85160,237007,45670,39490,186216,50791,924820,1551,277390,647430,1551,0,18,9709,8,10,9709,0,20006563,44790808,4977482,15029081,16572799,28218009,n1224,false,0.745435769605617,0.30276551905213867,0,2577,false,502,5,0.44713317050006285,0.17911970290988588,null
14851574,66055636,603926,13562456,685192,310195,293731,10139459,0,334148,351044,98268,211927,1468700,2248028,4076029,0,107144,227004,102439,248605,1258265,64797371,322167,926371,9727,85160,237007,45670,39490,186216,50791,924820,1551,277390,647430,1551,0,18,9709,8,10,9709,0,20006563,44790808,4977482,15029081,16572799,28218009,n5654,false,0.24466002522230618,0.31937909492870264,0,9358,false,504,9,0.8108079105178401,0.40231508191890347,null
14851574,66055636,603926,13562456,685192,310195,293731,10139459,0,334148,351044,98268,211927,1468700,2248028,4076029,0,107144,227004,102439,248605,1258265,64797371,322167,926371,9727,85160,237007,45670,39490,186216,50791,924820,1551,277390,647430,1551,0,18,9709,8,10,9709,0,20006563,44790808,4977482,15029081,16572799,28218009,n51962,true,0.504704315391565,0.3538855522262402,11,28999,false,0,0,0.28504869908375385,0.8650780126868257,null
14851574,66055636,603926,13562456,685192,310195,293731,10139459,0,334148,351044,98268,211927,1468700,2248028,4076029,0,107144,227004,102439,248605,1258265,64797371,322167,926371,9727,85160,237007,45670,39490,186216,50791,924820,1551,277390,647430,1551,0,18,9709,8,10,9709,0,20006563,44790808,4977482,15029081,16572799,28218009,n5672,false,0.18114499102571002,0.7737397310476082,0,1777,false,502,4,0.7977472433994857,0.8799751168653172,null
14851574,66055636,603926,13562456,685192,310195,293731,10139459,0,334148,351044,98268,211927,1468700,2248028,4076029,0,107144,227004,102439,248605,1258265,64797371,322167,926371,9727,85160,237007,45670,39490,186216,50791,924820,1551,277390,647430,1551,0,18,9709,8,10,9709,0,20006563,44790808,4977482,15029081,16572799,28218009,n1220,false,0.3797246446958944,0.7384281043233988,0,11073,false,500,2,0.5571196165065143,0.26466897706193004,null
14851574,66055636,603926,13562456,685192,310195,293731,10139459,0,334148,351044,98268,211927,1468700,2248028,4076029,0,107144,227004,102439,248605,1258265,64797371,322167,926371,9727,85160,237007,45670,39490,186216,50791,924820,1551,277390,647430,1551,0,18,9709,8,10,9709,0,20006563,44790808,4977482,15029081,16572799,28218009,n5671,true,0.7110978833166809,0.2838510789627223,10,10188,false,500,3,0.6837862959204899,0.8516038249613517,null
14851574,66055636,603926,13562456,685192,310195,293731,10139459,0,334148,351044,98268,211927,1468700,2248028,4076029,0,107144,227004,102439,248605,1258265,64797371,322167,926371,9727,85160,237007,45670,39490,186216,50791,924820,1551,277390,647430,1551,0,18,9709,8,10,9709,0,20006563,44790808,4977482,15029081,16572799,28218009,n12087,false,0.7614834426620573,0.08345960869969071,0,12905,false,503,7,0.28868788664575873,0.0760968109093404,null
14851574,66055636,603926,13562456,685192,310195,293731,10139459,0,334148,351044,98268,211927,1468700,2248028,4076029,0,107144,227004,102439,248605,1258265,64797371,322167,926371,9727,85160,237007,45670,39490,186216,50791,924820,1551,277390,647430,1551,0,18,9709,8,10,9709,0,20006563,44790808,4977482,15029081,16572799,28218009,n1213,false,0.5933809754432232,0.5873769583281356,0,12822,false,502,4,0.9533807185397516,0.8067254275139855,null
14851574,66055636,603926,13562456,685192,310195,293731,10139459,0,334148,351044,98268,211927,1468700,2248028,4076029,0,107144,227004,102439,248605,1258265,64797371,322167,926371,9727,85160,237007,45670,39490,186216,50791,924820,1551,277390,647430,1551,0,18,9709,8,10,9709,0,20006563,44790808,4977482,15029081,16572799,28218009,n5668,true,0.6664043600835463,0.5736141076229074,6,28999,false,0,0,0.6132095508640483,0.5124594215143328,null
14851574,66055636,603926,13562456,685192,310195,293731,10139459,0,334148,351044,98268,211927,1468700,2248028,4076029,0,107144,227004,102439,248605,1258265,64797371,322167,926371,9727,85160,237007,45670,39490,186216,50791,924820,1551,277390,647430,1551,0,18,9709,8,10,9709,0,20006563,44790808,4977482,15029081,16572799,28218009,n904,false,0.9999956858009525,0.5363902695791938,0,5182,false,504,8,0.5415676926014781,0.5132812701280098,null
14851574,66055636,603926,13562456,685192,310195,293731,10139459,0,334148,351044,98268,211927,1468700,2248028,4076029,0,107144,227004,102439,248605,1258265,64797371,322167,926371,9727,85160,237007,45670,39490,186216,50791,924820,1551,277390,647430,1551,0,18,9709,8,10,9709,0,20006563,44790808,4977482,15029081,16572799,28218009,n900,false,0.3661059965895289,0.05295521553138738,0,4561,false,505,11,0.4906486497886876,0.680822570138574,null
14851574,66055636,603926,13562456,685192,310195,293731,10139459,0,334148,351044,98268,211927,1468700,2248028,4076029,0,107144,227004,102439,248605,1258265,64797371,322167,926371,9727,85160,237007,45670,39490,186216,50791,924820,1551,277390,647430,1551,0,18,9709,8,10,9709,0,20006563,44790808,4977482,15029081,16572799,28218009,n1219,false,0.5936005472537557,0.7862846303579742,0,12708,false,501,2,0.620042358079919,0.7378983637457174,null
14851574,66055636,603926,13562456,685192,310195,293731,10139459,0,334148,351044,98268,211927,1468700,2248028,4076029,0,107144,227004,102439,248605,1258265,64797371,322167,926371,9727,85160,237007,45670,39490,186216,50791,924820,1551,277390,647430,1551,0,18,9709,8,10,9709,0,20006563,44790808,4977482,15029081,16572799,28218009,n13993,false,0.07658702109717294,0.7557109523254643,0,12085,false,501,4,0.5966537923580418,0.6149377534911513,null
14851574,66055636,603926,13562456,685192,310195,293731,10139459,0,334148,351044,98268,211927,1468700,2248028,4076029,0,107144,227004,102439,248605,1258265,64797371,322167,926371,9727,85160,237007,45670,39490,186216,50791,924820,1551,277390,647430,1551,0,18,9709,8,10,9709,0,20006563,44790808,4977482,15029081,16572799,28218009,n8741,true,0.4821408331649131,0.7897519105640635,12,28999,false,0,0,0.1699960592937957,0.25250588275668606,null
14851574,66055636,603926,13562456,685192,310195,293731,10139459,0,334148,351044,98268,211927,1468700,2248028,4076029,0,107144,227004,102439,248605,1258265,64797371,322167,926371,9727,85160,237007,45670,39490,186216,50791,924820,1551,277390,647430,1551,0,18,9709,8,10,9709,0,20006563,44790808,4977482,15029081,16572799,28218009,n13997,false,0.3299302825523817,0.8590070251718106,0,18429,false,501,4,0.4982893293722747,0.5566666034987716,null
14851574,66055636,603926,13562456,685192,310195,293731,10139459,0,334148,351044,98268,211927,1468700,2248028,4076029,0,107144,227004,102439,248605,1258265,64797371,322167,926371,9727,85160,237007,45670,39490,186216,50791,924820,1551,277390,647430,1551,0,18,9709,8,10,9709,0,20006563,44790808,4977482,15029081,16572799,28218009,n747,false,0.17140465907807595,0.3335646172473877,0,28999,false,500,0,0.846708348105411,0.08725549469047433,null
14851574,66055636,603926,13562456,685192,310195,293731,10139459,0,334148,351044,98268,211927,1468700,2248028,4076029,0,107144,227004,102439,248605,1258265,64797371,322167,926371,9727,85160,237007,45670,39490,186216,50791,924820,1551,277390,647430,1551,0,18,9709,8,10,9709,0,20006563,44790808,4977482,15029081,16572799,28218009,n8735,false,0.9727523890326448,0.31216845545431887,0,27843,false,501,3,0.8407683523461182,0.9919540971591994,null
14851574,66055636,603926,13562456,685192,310195,293731,10139459,0,334148,351044,98268,211927,1468700,2248028,4076029,0,107144,227004,102439,248605,1258265,64797371,322167,926371,9727,85160,237007,45670,39490,186216,50791,924820,1551,277390,647430,1551,0,18,9709,8,10,9709,0,20006563,44790808,4977482,15029081,16572799,28218009,n742,false,0.16307831719549318,0.3890908534531692,0,16624,false,501,4,0.8640605134642865,0.3143038424861403,null
14851574,66055636,603926,13562456,685192,310195,293731,10139459,0,334148,351044,98268,211927,1468700,2248028,4076029,0,107144,227004,102439,248605,1258265,64797371,322167,926371,9727,85160,237007,45670,39490,186216,50791,924820,1551,277390,647430,1551,0,18,9709,8,10,9709,0,20006563,44790808,4977482,15029081,16572799,28218009,n8731,false,0.7512985545240325,0.42563045952620704,0,26342,false,501,3,0.9012915171960534,0.5154578589070449,null
14851574,66055636,603926,13562456,685192,310195,293731,10139459,0,334148,351044,98268,211927,1468700,2248028,4076029,0,107144,227004,102439,248605,1258265,64797371,322167,926371,9727,85160,237007,45670,39490,186216,50791,924820,1551,277390,647430,1551,0,18,9709,8,10,9709,0,20006563,44790808,4977482,15029081,16572799,28218009,n13987,false,0.9422632407837227,0.822032867348843,0,20138,false,501,4,0.7497322893830198,0.5873419637137324,null
14851574,66055636,603926,13562456,685192,310195,293731,10139459,0,334148,351044,98268,211927,1468700,2248028,4076029,0,107144,227004,102439,248605,1258265,64797371,322167,926371,9727,85160,237007,45670,39490,186216,50791,924820,1551,277390,647430,1551,0,18,9709,8,10,9709,0,20006563,44790808,4977482,15029081,16572799,28218009,n15140,false,0.24724681899994383,0.5651991181866158,0,4078,false,504,9,0.152671766901186,0.43633487662603504,null
14851574,66055636,603926,13562456,685192,310195,293731,10139459,0,334148,351044,98268,211927,1468700,2248028,4076029,0,107144,227004,102439,248605,1258265,64797371,322167,926371,9727,85160,237007,45670,39490,186216,50791,924820,1551,277390,647430,1551,0,18,9709,8,10,9709,0,20006563,44790808,4977482,15029081,16572799,28218009,n720,false,0.9999965906462545,0.08430632202875232,0,20897,false,502,4,0.8610720922450794,0.6923345123664016,null
14851574,66055636,603926,13562456,685192,310195,293731,10139459,0,334148,351044,98268,211927,1468700,2248028,4076029,0,107144,227004,102439,248605,1258265,64797371,322167,926371,9727,85160,237007,45670,39490,186216,50791,924820,1551,277390,647430,1551,0,18,9709,8,10,9709,0,20006563,44790808,4977482,15029081,16572799,28218009,n8754,false,0.5197983576069543,0.6901406899398349,0,28998,false,500,1,0.8462423438395895,0.8080801700153978,null
14851574,66055636,603926,13562456,685192,310195,293731,10139459,0,334148,351044,98268,211927,1468700,2248028,4076029,0,107144,227004,102439,248605,1258265,64797371,322167,926371,9727,85160,237007,45670,39490,186216,50791,924820,1551,277390,647430,1551,0,18,9709,8,10,9709,0,20006563,44790808,4977482,15029081,16572799,28218009,n717,true,0.4014758726879606,0.7270395114599216,4,1614,false,504,10,0.8944970979048709,0.7550685003228454,null
14851574,66055636,603926,13562456,685192,310195,293731,10139459,0,334148,351044,98268,211927,1468700,2248028,4076029,0,107144,227004,102439,248605,1258265,64797371,322167,926371,9727,85160,237007,45670,39490,186216,50791,924820,1551,277390,647430,1551,0,18,9709,8,10,9709,0,20006563,44790808,4977482,15029081,16572799,28218009,n719,true,0.14353663515556878,0.8780569467303505,11,22433,false,0,1,0.7443617883863419,0.9002262183472562,null
14851574,66055636,603926,13562456,685192,310195,293731,10139459,0,334148,351044,98268,211927,1468700,2248028,4076029,0,107144,227004,102439,248605,1258265,64797371,322167,926371,9727,85160,237007,45670,39490,186216,50791,924820,1551,277390,647430,1551,0,18,9709,8,10,9709,0,20006563,44790808,4977482,15029081,16572799,28218009,n718,false,0.9999959918200734,0.3661192202444679,0,836,false,501,3,0.7396597455490131,0.8894501159090633,null
14851574,66055636,603926,13562456,685192,310195,293731,10139459,0,334148,351044,98268,211927,1468700,2248028,4076029,0,107144,227004,102439,248605,1258265,64797371,322167,926371,9727,85160,237007,45670,39490,186216,50791,924820,1551,277390,647430,1551,0,18,9709,8,10,9709,0,20006563,44790808,4977482,15029081,16572799,28218009,n710,false,0.4493245005356509,0.6995551685210167,0,3173,false,504,9,0.713218057230242,0.05350533157046122,null
14851574,66055636,603926,13562456,685192,310195,293731,10139459,0,334148,351044,98268,211927,1468700,2248028,4076029,0,107144,227004,102439,248605,1258265,64797371,322167,926371,9727,85160,237007,45670,39490,186216,50791,924820,1551,277390,647430,1551,0,18,9709,8,10,9709,0,20006563,44790808,4977482,15029081,16572799,28218009,n15114,false,0.9999991048262101,0.7204642315012112,0,5068,false,505,10,0.9380678011241081,0.3398641085471678,null
14851574,66055636,603926,13562456,685192,310195,293731,10139459,0,334148,351044,98268,211927,1468700,2248028,4076029,0,107144,227004,102439,248605,1258265,64797371,322167,926371,9727,85160,237007,45670,39490,186216,50791,924820,1551,277390,647430,1551,0,18,9709,8,10,9709,0,20006563,44790808,4977482,15029081,16572799,28218009,n13952,false,0.9999954864225611,0.7076628610751918,0,1646,false,503,7,0.8557569099884077,0.36929940441701437,null
14851574,66055636,603926,13562456,685192,310195,293731,10139459,0,334148,351044,98268,211927,1468700,2248028,4076029,0,107144,227004,102439,248605,1258265,64797371,322167,926371,9727,85160,237007,45670,39490,186216,50791,924820,1551,277390,647430,1551,0,18,9709,8,10,9709,0,20006563,44790808,4977482,15029081,16572799,28218009,n13953,false,0.29259220911939815,0.5118535442047952,0,1449,false,514,28,0.9069898141589882,0.3646473214657856,null
14851574,66055636,603926,13562456,685192,310195,293731,10139459,0,334148,351044,98268,211927,1468700,2248028,4076029,0,107144,227004,102439,248605,1258265,64797371,322167,926371,9727,85160,237007,45670,39490,186216,50791,924820,1551,277390,647430,1551,0,18,9709,8,10,9709,0,20006563,44790808,4977482,15029081,16572799,28218009,n15110,true,0.40142550388284304,0.5585776779933057,11,28999,false,0,0,0.6462366966679629,0.9924863039878773,null
14851574,66055636,603926,13562456,685192,310195,293731,10139459,0,334148,351044,98268,211927,1468700,2248028,4076029,0,107144,227004,102439,248605,1258265,64797371,322167,926371,9727,85160,237007,45670,39490,186216,50791,924820,1551,277390,647430,1551,0,18,9709,8,10,9709,0,20006563,44790808,4977482,15029081,16572799,28218009,n705,false,0.1722286072748076,0.17545755325766133,0,28999,false,500,0,0.34311978951003586,0.4249226103927004,null
14851574,66055636,603926,13562456,685192,310195,293731,10139459,0,334148,351044,98268,211927,1468700,2248028,4076029,0,107144,227004,102439,248605,1258265,64797371,322167,926371,9727,85160,237007,45670,39490,186216,50791,924820,1551,277390,647430,1551,0,18,9709,8,10,9709,0,20006563,44790808,4977482,15029081,16572799,28218009,n13941,true,0.09451656952590537,0.971283792738171,10,28999,false,0,0,0.29208067605325716,0.8491681494404576,null
14851574,66055636,603926,13562456,685192,310195,293731,10139459,0,334148,351044,98268,211927,1468700,2248028,4076029,0,107144,227004,102439,248605,1258265,64797371,322167,926371,9727,85160,237007,45670,39490,186216,50791,924820,1551,277390,647430,1551,0,18,9709,8,10,9709,0,20006563,44790808,4977482,15029081,16572799,28218009,n13942,true,0.9999892914573923,0.26092524454512595,11,79,false,502,7,0.9507878014886784,0.6739286158936318,null
14851574,66055636,603926,13562456,685192,310195,293731,10139459,0,334148,351044,98268,211927,1468700,2248028,4076029,0,107144,227004,102439,248605,1258265,64797371,322167,926371,9727,85160,237007,45670,39490,186216,50791,924820,1551,277390,647430,1551,0,18,9709,8,10,9709,0,20006563,44790808,4977482,15029081,16572799,28218009,n15104,false,0.9999960543170112,0.3047376147745091,0,5218,false,502,4,0.8991820625772933,0.6383192465449574,null
14851574,66055636,603926,13562456,685192,310195,293731,10139459,0,334148,351044,98268,211927,1468700,2248028,4076029,0,107144,227004,102439,248605,1258265,64797371,322167,926371,9727,85160,237007,45670,39490,186216,50791,924820,1551,277390,647430,1551,0,18,9709,8,10,9709,0,20006563,44790808,4977482,15029081,16572799,28218009,n13948,false,0.5599708798804555,0.1910830430220526,0,16378,false,501,2,0.3037457628444262,0.9884398771240867,null
14851574,66055636,603926,13562456,685192,310195,293731,10139459,0,334148,351044,98268,211927,1468700,2248028,4076029,0,107144,227004,102439,248605,1258265,64797371,322167,926371,9727,85160,237007,45670,39490,186216,50791,924820,1551,277390,647430,1551,0,18,9709,8,10,9709,0,20006563,44790808,4977482,15029081,16572799,28218009,n13946,false,0.7645788376015313,0.9293673950207093,0,8622,false,503,6,0.7374509419721319,0.19814673224112556,null
14851574,66055636,603926,13562456,685192,310195,293731,10139459,0,334148,351044,98268,211927,1468700,2248028,4076029,0,107144,227004,102439,248605,1258265,64797371,322167,926371,9727,85160,237007,45670,39490,186216,50791,924820,1551,277390,647430,1551,0,18,9709,8,10,9709,0,20006563,44790808,4977482,15029081,16572799,28218009,n15102,true,0.745845208991537,0.36489592404923465,10,23174,false,500,2,0.7142115163698908,0.2909633856519356,null
14851574,66055636,603926,13562456,685192,310195,293731,10139459,0,334148,351044,98268,211927,1468700,2248028,4076029,0,107144,227004,102439,248605,1258265,64797371,322167,926371,9727,85160,237007,45670,39490,186216,50791,924820,1551,277390,647430,1551,0,18,9709,8,10,9709,0,20006563,44790808,4977482,15029081,16572799,28218009,n13964,false,0.6227502471719482,0.9181754023120827,0,13575,false,503,7,0.8033717937325452,0.26429175629945656,null
14851574,66055636,603926,13562456,685192,310195,293731,10139459,0,334148,351044,98268,211927,1468700,2248028,4076029,0,107144,227004,102439,248605,1258265,64797371,322167,926371,9727,85160,237007,45670,39490,186216,50791,924820,1551,277390,647430,1551,0,18,9709,8,10,9709,0,20006563,44790808,4977482,15029081,16572799,28218009,n13960,false,0.9806708669059813,0.9497925542043157,0,3850,false,504,9,0.1641998404088082,0.31605442135087064,null
14851574,66055636,603926,13562456,685192,310195,293731,10139459,0,334148,351044,98268,211927,1468700,2248028,4076029,0,107144,227004,102439,248605,1258265,64797371,322167,926371,9727,85160,237007,45670,39490,186216,50791,924820,1551,277390,647430,1551,0,18,9709,8,10,9709,0,20006563,44790808,4977482,15029081,16572799,28218009,n1203,false,0.36184379256051186,0.4588919312599612,0,14271,false,503,8,0.3983544453959331,0.06512254354858604,null
14851574,66055636,603926,13562456,685192,310195,293731,10139459,0,334148,351044,98268,211927,1468700,2248028,4076029,0,107144,227004,102439,248605,1258265,64797371,322167,926371,9727,85160,237007,45670,39490,186216,50791,924820,1551,277390,647430,1551,0,18,9709,8,10,9709,0,20006563,44790808,4977482,15029081,16572799,28218009,n1200,false,0.9793204943124779,0.11831423718660039,0,6260,false,504,9,0.780020076436605,0.9387782021008015,null
14851574,66055636,603926,13562456,685192,310195,293731,10139459,0,334148,351044,98268,211927,1468700,2248028,4076029,0,107144,227004,102439,248605,1258265,64797371,322167,926371,9727,85160,237007,45670,39490,186216,50791,924820,1551,277390,647430,1551,0,18,9709,8,10,9709,0,20006563,44790808,4977482,15029081,16572799,28218009,n13916,false,0.9043159590732728,0.23021888309581395,0,5271,false,506,12,0.018769650013817807,0.9085737202176932,null
14851574,66055636,603926,13562456,685192,310195,293731,10139459,0,334148,351044,98268,211927,1468700,2248028,4076029,0,107144,227004,102439,248605,1258265,64797371,322167,926371,9727,85160,237007,45670,39490,186216,50791,924820,1551,277390,647430,1551,0,18,9709,8,10,9709,0,20006563,44790808,4977482,15029081,16572799,28218009,n16675,false,0.9999983427925803,0.7767912971970956,0,12818,false,504,9,0.2697149611921478,0.3904690293326078,null
14851574,66055636,603926,13562456,685192,310195,293731,10139459,0,334148,351044,98268,211927,1468700,2248028,4076029,0,107144,227004,102439,248605,1258265,64797371,322167,926371,9727,85160,237007,45670,39490,186216,50791,924820,1551,277390,647430,1551,0,18,9709,8,10,9709,0,20006563,44790808,4977482,15029081,16572799,28218009,n2752,false,0.7995300480241639,0.7666471460213117,0,3498,false,503,7,0.42784371450857445,0.4625096109040306,null
14851574,66055636,603926,13562456,685192,310195,293731,10139459,0,334148,351044,98268,211927,1468700,2248028,4076029,0,107144,227004,102439,248605,1258265,64797371,322167,926371,9727,85160,237007,45670,39490,186216,50791,924820,1551,277390,647430,1551,0,18,9709,8,10,9709,0,20006563,44790808,4977482,15029081,16572799,28218009,n2755,false,0.030960881446278853,0.14347314856506455,0,14372,false,501,3,0.3452911499336675,0.17416851878293071,null
14851574,66055636,603926,13562456,685192,310195,293731,10139459,0,334148,351044,98268,211927,1468700,2248028,4076029,0,107144,227004,102439,248605,1258265,64797371,322167,926371,9727,85160,237007,45670,39490,186216,50791,924820,1551,277390,647430,1551,0,18,9709,8,10,9709,0,20006563,44790808,4977482,15029081,16572799,28218009,n2757,false,0.3112408189144475,0.551559388663535,0,28592,false,500,2,0.9760115970363206,0.7985663370700676,null
14851574,66055636,603926,13562456,685192,310195,293731,10139459,0,334148,351044,98268,211927,1468700,2248028,4076029,0,107144,227004,102439,248605,1258265,64797371,322167,926371,9727,85160,237007,45670,39490,186216,50791,924820,1551,277390,647430,1551,0,18,9709,8,10,9709,0,20006563,44790808,4977482,15029081,16572799,28218009,n2760,false,0.5941608477995104,0.9280472885793425,0,11392,false,502,5,0.3735017564562869,0.6411082025349868,null
14851574,66055636,603926,13562456,685192,310195,293731,10139459,0,334148,351044,98268,211927,1468700,2248028,4076029,0,107144,227004,102439,248605,1258265,64797371,322167,926371,9727,85160,237007,45670,39490,186216,50791,924820,1551,277390,647430,1551,0,18,9709,8,10,9709,0,20006563,44790808,4977482,15029081,16572799,28218009,n9806,false,0.7528693694748917,0.7253668594903798,0,22279,false,501,4,0.9894174134359948,0.6445772160239865,null
14851574,66055636,603926,13562456,685192,310195,293731,10139459,0,334148,351044,98268,211927,1468700,2248028,4076029,0,107144,227004,102439,248605,1258265,64797371,322167,926371,9727,85160,237007,45670,39490,186216,50791,924820,1551,277390,647430,1551,0,18,9709,8,10,9709,0,20006563,44790808,4977482,15029081,16572799,28218009,n2766,false,0.028961884727290613,0.18707111410458022,0,2895,false,502,6,0.9383016011976654,0.19184619467909847,null
14851574,66055636,603926,13562456,685192,310195,293731,10139459,0,334148,351044,98268,211927,1468700,2248028,4076029,0,107144,227004,102439,248605,1258265,64797371,322167,926371,9727,85160,237007,45670,39490,186216,50791,924820,1551,277390,647430,1551,0,18,9709,8,10,9709,0,20006563,44790808,4977482,15029081,16572799,28218009,n2762,true,0.7824875370472144,0.4642792658862589,12,28999,false,0,0,0.6385910241509869,0.6182399719613791,null
14851574,66055636,603926,13562456,685192,310195,293731,10139459,0,334148,351044,98268,211927,1468700,2248028,4076029,0,107144,227004,102439,248605,1258265,64797371,322167,926371,9727,85160,237007,45670,39490,186216,50791,924820,1551,277390,647430,1551,0,18,9709,8,10,9709,0,20006563,44790808,4977482,15029081,16572799,28218009,n2761,false,0.7869969544624782,0.40375134444365096,0,28999,false,500,0,0.4621456414818579,0.35993410976698664,null
14851574,66055636,603926,13562456,685192,310195,293731,10139459,0,334148,351044,98268,211927,1468700,2248028,4076029,0,107144,227004,102439,248605,1258265,64797371,322167,926371,9727,85160,237007,45670,39490,186216,50791,924820,1551,277390,647430,1551,0,18,9709,8,10,9709,0,20006563,44790808,4977482,15029081,16572799,28218009,n2771,false,0.9917598455950334,0.05193675552659072,0,3849,false,504,9,0.761251468606188,0.8013474241682987,null
14851574,66055636,603926,13562456,685192,310195,293731,10139459,0,334148,351044,98268,211927,1468700,2248028,4076029,0,107144,227004,102439,248605,1258265,64797371,322167,926371,9727,85160,237007,45670,39490,186216,50791,924820,1551,277390,647430,1551,0,18,9709,8,10,9709,0,20006563,44790808,4977482,15029081,16572799,28218009,n13937,true,0.9678125289203747,0.923999156261295,8,3208,false,500,2,0.7582244025820797,0.03582679913304132,null
14851574,66055636,603926,13562456,685192,310195,293731,10139459,0,334148,351044,98268,211927,1468700,2248028,4076029,0,107144,227004,102439,248605,1258265,64797371,322167,926371,9727,85160,237007,45670,39490,186216,50791,924820,1551,277390,647430,1551,0,18,9709,8,10,9709,0,20006563,44790808,4977482,15029081,16572799,28218009,n13933,false,0.7458247243808054,0.4139989386573911,0,6956,false,504,9,0.5995172161533017,0.7947508372709045,null
14851574,66055636,603926,13562456,685192,310195,293731,10139459,0,334148,351044,98268,211927,1468700,2248028,4076029,0,107144,227004,102439,248605,1258265,64797371,322167,926371,9727,85160,237007,45670,39490,186216,50791,924820,1551,277390,647430,1551,0,18,9709,8,10,9709,0,20006563,44790808,4977482,15029081,16572799,28218009,n13931,false,0.9999961019276953,0.3985087531458709,0,19823,false,502,4,0.6325208387247692,0.7172597417649869,null
14851574,66055636,603926,13562456,685192,310195,293731,10139459,0,334148,351044,98268,211927,1468700,2248028,4076029,0,107144,227004,102439,248605,1258265,64797371,322167,926371,9727,85160,237007,45670,39490,186216,50791,924820,1551,277390,647430,1551,0,18,9709,8,10,9709,0,20006563,44790808,4977482,15029081,16572799,28218009,n12403,false,0.14306539237774396,0.2997129600460111,0,3172,false,503,7,0.5639376924160129,0.8861861101059447,null
14851574,66055636,603926,13562456,685192,310195,293731,10139459,0,334148,351044,98268,211927,1468700,2248028,4076029,0,107144,227004,102439,248605,1258265,64797371,322167,926371,9727,85160,237007,45670,39490,186216,50791,924820,1551,277390,647430,1551,0,18,9709,8,10,9709,0,20006563,44790808,4977482,15029081,16572799,28218009,n799,false,0.20288773840999477,0.20708458878779473,0,4037,false,505,13,0.8234507472110542,0.14893464771588372,null
14851574,66055636,603926,13562456,685192,310195,293731,10139459,0,334148,351044,98268,211927,1468700,2248028,4076029,0,107144,227004,102439,248605,1258265,64797371,322167,926371,9727,85160,237007,45670,39490,186216,50791,924820,1551,277390,647430,1551,0,18,9709,8,10,9709,0,20006563,44790808,4977482,15029081,16572799,28218009,n797,false,0.3870584050361641,0.7511479481840042,0,8162,false,502,4,0.440209076341061,0.11347857564097519,null
14851574,66055636,603926,13562456,685192,310195,293731,10139459,0,334148,351044,98268,211927,1468700,2248028,4076029,0,107144,227004,102439,248605,1258265,64797371,322167,926371,9727,85160,237007,45670,39490,186216,50791,924820,1551,277390,647430,1551,0,18,9709,8,10,9709,0,20006563,44790808,4977482,15029081,16572799,28218009,n2779,false,0.8923090597531488,0.8041026441687151,0,16604,false,502,5,0.56577187112028,0.3482778007182673,null
14851574,66055636,603926,13562456,685192,310195,293731,10139459,0,334148,351044,98268,211927,1468700,2248028,4076029,0,107144,227004,102439,248605,1258265,64797371,322167,926371,9727,85160,237007,45670,39490,186216,50791,924820,1551,277390,647430,1551,0,18,9709,8,10,9709,0,20006563,44790808,4977482,15029081,16572799,28218009,n796,false,0.26713784117462114,0.3351932889212527,0,1476,false,507,14,0.6815357393588068,0.21971126037272537,null
14851574,66055636,603926,13562456,685192,310195,293731,10139459,0,334148,351044,98268,211927,1468700,2248028,4076029,0,107144,227004,102439,248605,1258265,64797371,322167,926371,9727,85160,237007,45670,39490,186216,50791,924820,1551,277390,647430,1551,0,18,9709,8,10,9709,0,20006563,44790808,4977482,15029081,16572799,28218009,n2778,false,0.6111552938235122,0.43329927842052457,0,12043,false,506,13,0.9451831041455833,0.09352351986416418,null
14851574,66055636,603926,13562456,685192,310195,293731,10139459,0,334148,351044,98268,211927,1468700,2248028,4076029,0,107144,227004,102439,248605,1258265,64797371,322167,926371,9727,85160,237007,45670,39490,186216,50791,924820,1551,277390,647430,1551,0,18,9709,8,10,9709,0,20006563,44790808,4977482,15029081,16572799,28218009,n794,false,0.9999980297594071,0.1611744203211446,0,2041,false,501,3,0.4791682465214665,0.6434307525100811,null
14851574,66055636,603926,13562456,685192,310195,293731,10139459,0,334148,351044,98268,211927,1468700,2248028,4076029,0,107144,227004,102439,248605,1258265,64797371,322167,926371,9727,85160,237007,45670,39490,186216,50791,924820,1551,277390,647430,1551,0,18,9709,8,10,9709,0,20006563,44790808,4977482,15029081,16572799,28218009,n793,true,0.2386501038537544,0.27742281383269846,11,8231,false,502,6,0.13361126252937516,0.5984352677038759,null
14851574,66055636,603926,13562456,685192,310195,293731,10139459,0,334148,351044,98268,211927,1468700,2248028,4076029,0,107144,227004,102439,248605,1258265,64797371,322167,926371,9727,85160,237007,45670,39490,186216,50791,924820,1551,277390,647430,1551,0,18,9709,8,10,9709,0,20006563,44790808,4977482,15029081,16572799,28218009,n2775,false,0.580043271560796,0.27145713549958533,0,1894,false,504,9,0.6182101454836315,0.9920561058690636,null
14851574,66055636,603926,13562456,685192,310195,293731,10139459,0,334148,351044,98268,211927,1468700,2248028,4076029,0,107144,227004,102439,248605,1258265,64797371,322167,926371,9727,85160,237007,45670,39490,186216,50791,924820,1551,277390,647430,1551,0,18,9709,8,10,9709,0,20006563,44790808,4977482,15029081,16572799,28218009,n2774,false,0.836928880372408,0.6710885155957832,0,20995,false,500,2,0.9178487735597916,0.6867536592639996,null
14851574,66055636,603926,13562456,685192,310195,293731,10139459,0,334148,351044,98268,211927,1468700,2248028,4076029,0,107144,227004,102439,248605,1258265,64797371,322167,926371,9727,85160,237007,45670,39490,186216,50791,924820,1551,277390,647430,1551,0,18,9709,8,10,9709,0,20006563,44790808,4977482,15029081,16572799,28218009,n791,false,0.9999987235619864,0.0756257011414817,0,6708,false,502,6,0.652379219100001,0.2824756691695981,null
14851574,66055636,603926,13562456,685192,310195,293731,10139459,0,334148,351044,98268,211927,1468700,2248028,4076029,0,107144,227004,102439,248605,1258265,64797371,322167,926371,9727,85160,237007,45670,39490,186216,50791,924820,1551,277390,647430,1551,0,18,9709,8,10,9709,0,20006563,44790808,4977482,15029081,16572799,28218009,n2780,false,0.13465020869403868,0.45781469301609756,0,4279,false,502,4,0.7319153211891567,0.9220151643260786,null
14851574,66055636,603926,13562456,685192,310195,293731,10139459,0,334148,351044,98268,211927,1468700,2248028,4076029,0,107144,227004,102439,248605,1258265,64797371,322167,926371,9727,85160,237007,45670,39490,186216,50791,924820,1551,277390,647430,1551,0,18,9709,8,10,9709,0,20006563,44790808,4977482,15029081,16572799,28218009,n13927,true,0.8088126896178637,0.9531653615746389,10,15141,false,500,3,0.9117869717238734,0.8340582873930494,null
14851574,66055636,603926,13562456,685192,310195,293731,10139459,0,334148,351044,98268,211927,1468700,2248028,4076029,0,107144,227004,102439,248605,1258265,64797371,322167,926371,9727,85160,237007,45670,39490,186216,50791,924820,1551,277390,647430,1551,0,18,9709,8,10,9709,0,20006563,44790808,4977482,15029081,16572799,28218009,n23432,false,0.009687024020296156,0.039392007157881936,0,9375,false,502,5,0.7186458810476788,0.5146503057171912,null
14851574,66055636,603926,13562456,685192,310195,293731,10139459,0,334148,351044,98268,211927,1468700,2248028,4076029,0,107144,227004,102439,248605,1258265,64797371,322167,926371,9727,85160,237007,45670,39490,186216,50791,924820,1551,277390,647430,1551,0,18,9709,8,10,9709,0,20006563,44790808,4977482,15029081,16572799,28218009,n2781,false,0.3567121685969272,0.07330777322299264,0,654,false,501,3,0.527447164388431,0.784436390321798,null
14851574,66055636,603926,13562456,685192,310195,293731,10139459,0,334148,351044,98268,211927,1468700,2248028,4076029,0,107144,227004,102439,248605,1258265,64797371,322167,926371,9727,85160,237007,45670,39490,186216,50791,924820,1551,277390,647430,1551,0,18,9709,8,10,9709,0,20006563,44790808,4977482,15029081,16572799,28218009,n13925,true,0.26129534615489464,0.8197924815777512,12,11649,false,502,5,0.8214556547542952,0.5460238254335027,null
14851574,66055636,603926,13562456,685192,310195,293731,10139459,0,334148,351044,98268,211927,1468700,2248028,4076029,0,107144,227004,102439,248605,1258265,64797371,322167,926371,9727,85160,237007,45670,39490,186216,50791,924820,1551,277390,647430,1551,0,18,9709,8,10,9709,0,20006563,44790808,4977482,15029081,16572799,28218009,n13920,false,0.9999965425947528,0.16594223624864834,0,1334,false,504,8,0.7893659606312129,0.9037217612547385,null
14851574,66055636,603926,13562456,685192,310195,293731,10139459,0,334148,351044,98268,211927,1468700,2248028,4076029,0,107144,227004,102439,248605,1258265,64797371,322167,926371,9727,85160,237007,45670,39490,186216,50791,924820,1551,277390,647430,1551,0,18,9709,8,10,9709,0,20006563,44790808,4977482,15029081,16572799,28218009,n16654,false,0.9999981213596452,0.044568383307238224,0,1233,false,503,6,0.81153456357994,0.08397030948707684,null
14851574,66055636,603926,13562456,685192,310195,293731,10139459,0,334148,351044,98268,211927,1468700,2248028,4076029,0,107144,227004,102439,248605,1258265,64797371,322167,926371,9727,85160,237007,45670,39490,186216,50791,924820,1551,277390,647430,1551,0,18,9709,8,10,9709,0,20006563,44790808,4977482,15029081,16572799,28218009,n783,false,0.0442340592429634,0.7391227553226711,0,643,false,507,14,0.9193429457233308,0.9124019755092709,null
14851574,66055636,603926,13562456,685192,310195,293731,10139459,0,334148,351044,98268,211927,1468700,2248028,4076029,0,107144,227004,102439,248605,1258265,64797371,322167,926371,9727,85160,237007,45670,39490,186216,50791,924820,1551,277390,647430,1551,0,18,9709,8,10,9709,0,20006563,44790808,4977482,15029081,16572799,28218009,n789,false,0.1441901336900677,0.33093456765121054,0,11204,false,503,7,0.665281942711391,0.3729129612193531,null
14851574,66055636,603926,13562456,685192,310195,293731,10139459,0,334148,351044,98268,211927,1468700,2248028,4076029,0,107144,227004,102439,248605,1258265,64797371,322167,926371,9727,85160,237007,45670,39490,186216,50791,924820,1551,277390,647430,1551,0,18,9709,8,10,9709,0,20006563,44790808,4977482,15029081,16572799,28218009,n9827,false,0.43328113858968725,0.47902306269613015,0,1029,false,501,296,0.8188274841600796,0.4671854979738837,null
14851574,66055636,603926,13562456,685192,310195,293731,10139459,0,334148,351044,98268,211927,1468700,2248028,4076029,0,107144,227004,102439,248605,1258265,64797371,322167,926371,9727,85160,237007,45670,39490,186216,50791,924820,1551,277390,647430,1551,0,18,9709,8,10,9709,0,20006563,44790808,4977482,15029081,16572799,28218009,n9826,false,0.012291202324874346,0.5116975108283459,0,24236,false,502,4,0.8574487253805232,0.19926151940545433,null
14851574,66055636,603926,13562456,685192,310195,293731,10139459,0,334148,351044,98268,211927,1468700,2248028,4076029,0,107144,227004,102439,248605,1258265,64797371,322167,926371,9727,85160,237007,45670,39490,186216,50791,924820,1551,277390,647430,1551,0,18,9709,8,10,9709,0,20006563,44790808,4977482,15029081,16572799,28218009,n2708,true,0.9440891755027432,0.691417575775874,13,28999,false,0,0,0.04982483717210329,0.6149112758982698,null
14851574,66055636,603926,13562456,685192,310195,293731,10139459,0,334148,351044,98268,211927,1468700,2248028,4076029,0,107144,227004,102439,248605,1258265,64797371,322167,926371,9727,85160,237007,45670,39490,186216,50791,924820,1551,277390,647430,1551,0,18,9709,8,10,9709,0,20006563,44790808,4977482,15029081,16572799,28218009,n9831,true,0.4573146995247156,0.9773166501403285,7,4377,false,502,6,0.8326571536081101,0.178306864860737,null
14851574,66055636,603926,13562456,685192,310195,293731,10139459,0,334148,351044,98268,211927,1468700,2248028,4076029,0,107144,227004,102439,248605,1258265,64797371,322167,926371,9727,85160,237007,45670,39490,186216,50791,924820,1551,277390,647430,1551,0,18,9709,8,10,9709,0,20006563,44790808,4977482,15029081,16572799,28218009,n12424,false,0.8361065210830048,0.8633033987726493,0,307,false,504,9,0.525655609761843,0.49408302576180446,null
14851574,66055636,603926,13562456,685192,310195,293731,10139459,0,334148,351044,98268,211927,1468700,2248028,4076029,0,107144,227004,102439,248605,1258265,64797371,322167,926371,9727,85160,237007,45670,39490,186216,50791,924820,1551,277390,647430,1551,0,18,9709,8,10,9709,0,20006563,44790808,4977482,15029081,16572799,28218009,n776,false,0.09354508312066591,0.6091838515604671,0,11999,false,501,2,0.368701152214326,0.6629340117530508,null
14851574,66055636,603926,13562456,685192,310195,293731,10139459,0,334148,351044,98268,211927,1468700,2248028,4076029,0,107144,227004,102439,248605,1258265,64797371,322167,926371,9727,85160,237007,45670,39490,186216,50791,924820,1551,277390,647430,1551,0,18,9709,8,10,9709,0,20006563,44790808,4977482,15029081,16572799,28218009,n777,false,0.8279956096204879,0.7059739723401252,0,16169,false,500,2,0.9810319276298513,0.48092340266677297,null
14851574,66055636,603926,13562456,685192,310195,293731,10139459,0,334148,351044,98268,211927,1468700,2248028,4076029,0,107144,227004,102439,248605,1258265,64797371,322167,926371,9727,85160,237007,45670,39490,186216,50791,924820,1551,277390,647430,1551,0,18,9709,8,10,9709,0,20006563,44790808,4977482,15029081,16572799,28218009,n2713,false,0.3718175076676494,0.4923472249914044,0,2633,false,503,6,0.547604269561917,0.5467198595482217,null
14851574,66055636,603926,13562456,685192,310195,293731,10139459,0,334148,351044,98268,211927,1468700,2248028,4076029,0,107144,227004,102439,248605,1258265,64797371,322167,926371,9727,85160,237007,45670,39490,186216,50791,924820,1551,277390,647430,1551,0,18,9709,8,10,9709,0,20006563,44790808,4977482,15029081,16572799,28218009,n778,false,0.7102513108730782,0.726399199104117,0,17932,false,501,2,0.9876109892470386,0.3831319474250397,null
14851574,66055636,603926,13562456,685192,310195,293731,10139459,0,334148,351044,98268,211927,1468700,2248028,4076029,0,107144,227004,102439,248605,1258265,64797371,322167,926371,9727,85160,237007,45670,39490,186216,50791,924820,1551,277390,647430,1551,0,18,9709,8,10,9709,0,20006563,44790808,4977482,15029081,16572799,28218009,n9817,false,0.6687534314088807,0.6765079554407056,0,19539,false,502,4,0.6863134842365015,0.5890021282484112,null
14851574,66055636,603926,13562456,685192,310195,293731,10139459,0,334148,351044,98268,211927,1468700,2248028,4076029,0,107144,227004,102439,248605,1258265,64797371,322167,926371,9727,85160,237007,45670,39490,186216,50791,924820,1551,277390,647430,1551,0,18,9709,8,10,9709,0,20006563,44790808,4977482,15029081,16572799,28218009,n9813,false,0.3824846612763779,0.6479187025877445,0,1670,false,501,3,0.6809255299655126,0.30328068793966634,null
14851574,66055636,603926,13562456,685192,310195,293731,10139459,0,334148,351044,98268,211927,1468700,2248028,4076029,0,107144,227004,102439,248605,1258265,64797371,322167,926371,9727,85160,237007,45670,39490,186216,50791,924820,1551,277390,647430,1551,0,18,9709,8,10,9709,0,20006563,44790808,4977482,15029081,16572799,28218009,n23417,false,0.9326568773510382,0.38127241482261826,0,1500,false,503,7,0.9238580010744717,0.2530856612164927,null
14851574,66055636,603926,13562456,685192,310195,293731,10139459,0,334148,351044,98268,211927,1468700,2248028,4076029,0,107144,227004,102439,248605,1258265,64797371,322167,926371,9727,85160,237007,45670,39490,186216,50791,924820,1551,277390,647430,1551,0,18,9709,8,10,9709,0,20006563,44790808,4977482,15029081,16572799,28218009,n12413,false,0.7705044161835709,0.32467973561381125,0,8721,false,505,10,0.9547060618359802,0.7885402871478978,null
14851574,66055636,603926,13562456,685192,310195,293731,10139459,0,334148,351044,98268,211927,1468700,2248028,4076029,0,107144,227004,102439,248605,1258265,64797371,322167,926371,9727,85160,237007,45670,39490,186216,50791,924820,1551,277390,647430,1551,0,18,9709,8,10,9709,0,20006563,44790808,4977482,15029081,16572799,28218009,n2729,false,0.5375534994744038,0.128974552173017,0,7303,false,504,9,0.7194223473796888,0.43138644222054845,null
14851574,66055636,603926,13562456,685192,310195,293731,10139459,0,334148,351044,98268,211927,1468700,2248028,4076029,0,107144,227004,102439,248605,1258265,64797371,322167,926371,9727,85160,237007,45670,39490,186216,50791,924820,1551,277390,647430,1551,0,18,9709,8,10,9709,0,20006563,44790808,4977482,15029081,16572799,28218009,n2727,false,0.35014771500967534,0.39053492373964954,0,28999,false,500,0,0.8394785313223652,0.8448466515782098,null
14851574,66055636,603926,13562456,685192,310195,293731,10139459,0,334148,351044,98268,211927,1468700,2248028,4076029,0,107144,227004,102439,248605,1258265,64797371,322167,926371,9727,85160,237007,45670,39490,186216,50791,924820,1551,277390,647430,1551,0,18,9709,8,10,9709,0,20006563,44790808,4977482,15029081,16572799,28218009,n769,false,0.33232384966533723,0.5032173417288865,0,9202,false,504,9,0.7185536050608877,0.22729749244986963,null
14851574,66055636,603926,13562456,685192,310195,293731,10139459,0,334148,351044,98268,211927,1468700,2248028,4076029,0,107144,227004,102439,248605,1258265,64797371,322167,926371,9727,85160,237007,45670,39490,186216,50791,924820,1551,277390,647430,1551,0,18,9709,8,10,9709,0,20006563,44790808,4977482,15029081,16572799,28218009,n9853,false,0.9999994281480662,0.9345472351088179,0,28999,false,0,0,0.7743351311093678,0.6207596141697711,null
14851574,66055636,603926,13562456,685192,310195,293731,10139459,0,334148,351044,98268,211927,1468700,2248028,4076029,0,107144,227004,102439,248605,1258265,64797371,322167,926371,9727,85160,237007,45670,39490,186216,50791,924820,1551,277390,647430,1551,0,18,9709,8,10,9709,0,20006563,44790808,4977482,15029081,16572799,28218009,n20220,true,0.9097270330927183,0.9036319510905025,12,28932,false,0,1,0.2378417542491983,0.5057073689330852,null
14851574,66055636,603926,13562456,685192,310195,293731,10139459,0,334148,351044,98268,211927,1468700,2248028,4076029,0,107144,227004,102439,248605,1258265,64797371,322167,926371,9727,85160,237007,45670,39490,186216,50791,924820,1551,277390,647430,1551,0,18,9709,8,10,9709,0,20006563,44790808,4977482,15029081,16572799,28218009,n755,false,0.8714264779431631,0.2418248211881675,0,6888,false,502,5,0.8744361680509686,0.097631695183234,null
14851574,66055636,603926,13562456,685192,310195,293731,10139459,0,334148,351044,98268,211927,1468700,2248028,4076029,0,107144,227004,102439,248605,1258265,64797371,322167,926371,9727,85160,237007,45670,39490,186216,50791,924820,1551,277390,647430,1551,0,18,9709,8,10,9709,0,20006563,44790808,4977482,15029081,16572799,28218009,n752,true,0.6406590234860089,0.71651274020898,6,11886,false,501,4,0.8145397295997654,0.6415864133891229,null
14851574,66055636,603926,13562456,685192,310195,293731,10139459,0,334148,351044,98268,211927,1468700,2248028,4076029,0,107144,227004,102439,248605,1258265,64797371,322167,926371,9727,85160,237007,45670,39490,186216,50791,924820,1551,277390,647430,1551,0,18,9709,8,10,9709,0,20006563,44790808,4977482,15029081,16572799,28218009,n750,true,0.9428637987829797,0.3279669849554966,13,9288,false,11,7,0.9062660386785134,0.7755089212000112,null
14851574,66055636,603926,13562456,685192,310195,293731,10139459,0,334148,351044,98268,211927,1468700,2248028,4076029,0,107144,227004,102439,248605,1258265,64797371,322167,926371,9727,85160,237007,45670,39490,186216,50791,924820,1551,277390,647430,1551,0,18,9709,8,10,9709,0,20006563,44790808,4977482,15029081,16572799,28218009,n2730,false,0.4686357408572812,0.9210325508735479,0,3269,false,502,5,0.7420243178885461,0.2761955157544199,null
14851574,66055636,603926,13562456,685192,310195,293731,10139459,0,334148,351044,98268,211927,1468700,2248028,4076029,0,107144,227004,102439,248605,1258265,64797371,322167,926371,9727,85160,237007,45670,39490,186216,50791,924820,1551,277390,647430,1551,0,18,9709,8,10,9709,0,20006563,44790808,4977482,15029081,16572799,28218009,n9837,true,0.6470043520503065,0.9964605271134019,9,2048,false,500,2,0.6400872361649157,0.7908754038250806,null
14851574,66055636,603926,13562456,685192,310195,293731,10139459,0,334148,351044,98268,211927,1468700,2248028,4076029,0,107144,227004,102439,248605,1258265,64797371,322167,926371,9727,85160,237007,45670,39490,186216,50791,924820,1551,277390,647430,1551,0,18,9709,8,10,9709,0,20006563,44790808,4977482,15029081,16572799,28218009,n16693,false,0.6404743443377118,0.909589669024965,0,2600,false,504,8,0.9915628408946984,0.48513618568277467,null
14851574,66055636,603926,13562456,685192,310195,293731,10139459,0,334148,351044,98268,211927,1468700,2248028,4076029,0,107144,227004,102439,248605,1258265,64797371,322167,926371,9727,85160,237007,45670,39490,186216,50791,924820,1551,277390,647430,1551,0,18,9709,8,10,9709,0,20006563,44790808,4977482,15029081,16572799,28218009,n1198,false,0.6974095159195663,0.12618545310357288,0,9554,false,502,5,0.8761296815047297,0.8159132637940867,null
14851574,66055636,603926,13562456,685192,310195,293731,10139459,0,334148,351044,98268,211927,1468700,2248028,4076029,0,107144,227004,102439,248605,1258265,64797371,322167,926371,9727,85160,237007,45670,39490,186216,50791,924820,1551,277390,647430,1551,0,18,9709,8,10,9709,0,20006563,44790808,4977482,15029081,16572799,28218009,n12118,false,0.921450497586099,0.32407170275931463,0,19147,false,502,4,0.6060020747272974,0.4256291976899181,null
14851574,66055636,603926,13562456,685192,310195,293731,10139459,0,334148,351044,98268,211927,1468700,2248028,4076029,0,107144,227004,102439,248605,1258265,64797371,322167,926371,9727,85160,237007,45670,39490,186216,50791,924820,1551,277390,647430,1551,0,18,9709,8,10,9709,0,20006563,44790808,4977482,15029081,16572799,28218009,n9860,true,0.9999985513331313,0.696699361665048,11,1068,false,501,4,0.4217206232266104,0.8463119804052243,null
14851574,66055636,603926,13562456,685192,310195,293731,10139459,0,334148,351044,98268,211927,1468700,2248028,4076029,0,107144,227004,102439,248605,1258265,64797371,322167,926371,9727,85160,237007,45670,39490,186216,50791,924820,1551,277390,647430,1551,0,18,9709,8,10,9709,0,20006563,44790808,4977482,15029081,16572799,28218009,n9858,false,0.2993356785432928,0.8155487742966218,0,10567,false,502,5,0.7054201243712345,0.3633293752828936,null
14851574,66055636,603926,13562456,685192,310195,293731,10139459,0,334148,351044,98268,211927,1468700,2248028,4076029,0,107144,227004,102439,248605,1258265,64797371,322167,926371,9727,85160,237007,45670,39490,186216,50791,924820,1551,277390,647430,1551,0,18,9709,8,10,9709,0,20006563,44790808,4977482,15029081,16572799,28218009,n1186,false,0.8748372824010101,0.8202668353922449,0,8183,false,503,7,0.4889742558574109,0.5880052862353669,null
14851574,66055636,603926,13562456,685192,310195,293731,10139459,0,334148,351044,98268,211927,1468700,2248028,4076029,0,107144,227004,102439,248605,1258265,64797371,322167,926371,9727,85160,237007,45670,39490,186216,50791,924820,1551,277390,647430,1551,0,18,9709,8,10,9709,0,20006563,44790808,4977482,15029081,16572799,28218009,n12124,false,0.1167093356298476,0.35478358200783733,0,21317,false,500,2,0.9807256276281653,0.9010396750698032,null
14851574,66055636,603926,13562456,685192,310195,293731,10139459,0,334148,351044,98268,211927,1468700,2248028,4076029,0,107144,227004,102439,248605,1258265,64797371,322167,926371,9727,85160,237007,45670,39490,186216,50791,924820,1551,277390,647430,1551,0,18,9709,8,10,9709,0,20006563,44790808,4977482,15029081,16572799,28218009,n1182,true,0.9999894385975243,0.6600359258214389,14,5498,false,0,1,0.8936368561080881,0.2641688666514014,null
14851574,66055636,603926,13562456,685192,310195,293731,10139459,0,334148,351044,98268,211927,1468700,2248028,4076029,0,107144,227004,102439,248605,1258265,64797371,322167,926371,9727,85160,237007,45670,39490,186216,50791,924820,1551,277390,647430,1551,0,18,9709,8,10,9709,0,20006563,44790808,4977482,15029081,16572799,28218009,n1181,false,0.9999988677961072,0.45845348297862737,0,3437,false,509,18,0.8237505538742407,0.8000444800781759,null
14851574,66055636,603926,13562456,685192,310195,293731,10139459,0,334148,351044,98268,211927,1468700,2248028,4076029,0,107144,227004,102439,248605,1258265,64797371,322167,926371,9727,85160,237007,45670,39490,186216,50791,924820,1551,277390,647430,1551,0,18,9709,8,10,9709,0,20006563,44790808,4977482,15029081,16572799,28218009,n12345,false,0.019315502568923157,0.2063182750681235,0,5088,false,504,8,0.898908637522984,0.632051752043578,null
14851574,66055636,603926,13562456,685192,310195,293731,10139459,0,334148,351044,98268,211927,1468700,2248028,4076029,0,107144,227004,102439,248605,1258265,64797371,322167,926371,9727,85160,237007,45670,39490,186216,50791,924820,1551,277390,647430,1551,0,18,9709,8,10,9709,0,20006563,44790808,4977482,15029081,16572799,28218009,n9875,true,0.17883109862263824,0.06572450526835916,11,28999,false,0,0,0.8873881616099262,0.8507128042133186,null
14851574,66055636,603926,13562456,685192,310195,293731,10139459,0,334148,351044,98268,211927,1468700,2248028,4076029,0,107144,227004,102439,248605,1258265,64797371,322167,926371,9727,85160,237007,45670,39490,186216,50791,924820,1551,277390,647430,1551,0,18,9709,8,10,9709,0,20006563,44790808,4977482,15029081,16572799,28218009,n9868,false,0.3631658532951721,0.6335612096906067,0,11458,false,502,6,0.4250529078399207,0.2320441950122465,null
14851574,66055636,603926,13562456,685192,310195,293731,10139459,0,334148,351044,98268,211927,1468700,2248028,4076029,0,107144,227004,102439,248605,1258265,64797371,322167,926371,9727,85160,237007,45670,39490,186216,50791,924820,1551,277390,647430,1551,0,18,9709,8,10,9709,0,20006563,44790808,4977482,15029081,16572799,28218009,n12121,false,0.07090023537359977,0.8327205506207851,0,12882,false,502,4,0.5066515648945051,0.9697122095816825,null
14851574,66055636,603926,13562456,685192,310195,293731,10139459,0,334148,351044,98268,211927,1468700,2248028,4076029,0,107144,227004,102439,248605,1258265,64797371,322167,926371,9727,85160,237007,45670,39490,186216,50791,924820,1551,277390,647430,1551,0,18,9709,8,10,9709,0,20006563,44790808,4977482,15029081,16572799,28218009,n12120,false,0.37406486953854895,0.6717599252813165,0,20401,false,500,2,0.8673519678175375,0.4934701240368652,null
14851574,66055636,603926,13562456,685192,310195,293731,10139459,0,334148,351044,98268,211927,1468700,2248028,4076029,0,107144,227004,102439,248605,1258265,64797371,322167,926371,9727,85160,237007,45670,39490,186216,50791,924820,1551,277390,647430,1551,0,18,9709,8,10,9709,0,20006563,44790808,4977482,15029081,16572799,28218009,n23397,true,0.9678296355619829,0.6320098494728285,10,5831,false,500,3,0.5175599176210244,0.7782930197247939,null
14851574,66055636,603926,13562456,685192,310195,293731,10139459,0,334148,351044,98268,211927,1468700,2248028,4076029,0,107144,227004,102439,248605,1258265,64797371,322167,926371,9727,85160,237007,45670,39490,186216,50791,924820,1551,277390,647430,1551,0,18,9709,8,10,9709,0,20006563,44790808,4977482,15029081,16572799,28218009,n9886,false,0.9999999958682405,0.8314662820510407,0,4807,false,504,10,0.9050812729894057,0.6624589897807115,null
14851574,66055636,603926,13562456,685192,310195,293731,10139459,0,334148,351044,98268,211927,1468700,2248028,4076029,0,107144,227004,102439,248605,1258265,64797371,322167,926371,9727,85160,237007,45670,39490,186216,50791,924820,1551,277390,647430,1551,0,18,9709,8,10,9709,0,20006563,44790808,4977482,15029081,16572799,28218009,n9885,true,0.4202113058343295,0.034198758593637524,10,9337,false,0,1,0.7229922227446264,0.7004166577412957,null
14851574,66055636,603926,13562456,685192,310195,293731,10139459,0,334148,351044,98268,211927,1468700,2248028,4076029,0,107144,227004,102439,248605,1258265,64797371,322167,926371,9727,85160,237007,45670,39490,186216,50791,924820,1551,277390,647430,1551,0,18,9709,8,10,9709,0,20006563,44790808,4977482,15029081,16572799,28218009,n9888,false,0.9999977216709396,0.767447538645816,0,402,false,505,11,0.667754125593508,0.9765349862872624,null
14851574,66055636,603926,13562456,685192,310195,293731,10139459,0,334148,351044,98268,211927,1468700,2248028,4076029,0,107144,227004,102439,248605,1258265,64797371,322167,926371,9727,85160,237007,45670,39490,186216,50791,924820,1551,277390,647430,1551,0,18,9709,8,10,9709,0,20006563,44790808,4977482,15029081,16572799,28218009,n9883,true,0.8818780926730323,0.30059798157971684,12,28999,false,0,0,0.2689105319413,0.5277140919481607,null
14851574,66055636,603926,13562456,685192,310195,293731,10139459,0,334148,351044,98268,211927,1468700,2248028,4076029,0,107144,227004,102439,248605,1258265,64797371,322167,926371,9727,85160,237007,45670,39490,186216,50791,924820,1551,277390,647430,1551,0,18,9709,8,10,9709,0,20006563,44790808,4977482,15029081,16572799,28218009,n23393,false,0.5834082156874768,0.7771704839618212,0,18953,false,501,2,0.673159523170736,0.4572799990937272,null
14851574,66055636,603926,13562456,685192,310195,293731,10139459,0,334148,351044,98268,211927,1468700,2248028,4076029,0,107144,227004,102439,248605,1258265,64797371,322167,926371,9727,85160,237007,45670,39490,186216,50791,924820,1551,277390,647430,1551,0,18,9709,8,10,9709,0,20006563,44790808,4977482,15029081,16572799,28218009,n19732,true,0.19812054338166865,0.7684482820723934,6,20401,false,500,2,0.9287139959554658,0.48381412079475383,null
14851574,66055636,603926,13562456,685192,310195,293731,10139459,0,334148,351044,98268,211927,1468700,2248028,4076029,0,107144,227004,102439,248605,1258265,64797371,322167,926371,9727,85160,237007,45670,39490,186216,50791,924820,1551,277390,647430,1551,0,18,9709,8,10,9709,0,20006563,44790808,4977482,15029081,16572799,28218009,n12364,true,0.4432367876411474,0.18409332902442055,6,1918,false,28,11,0.742857415075717,0.2589624857991669,null
14851574,66055636,603926,13562456,685192,310195,293731,10139459,0,334148,351044,98268,211927,1468700,2248028,4076029,0,107144,227004,102439,248605,1258265,64797371,322167,926371,9727,85160,237007,45670,39490,186216,50791,924820,1551,277390,647430,1551,0,18,9709,8,10,9709,0,20006563,44790808,4977482,15029081,16572799,28218009,n9889,false,0.11711528164010997,0.3204432153016432,0,1624,false,503,7,0.5348238469781162,0.3854768279247414,null
14851574,66055636,603926,13562456,685192,310195,293731,10139459,0,334148,351044,98268,211927,1468700,2248028,4076029,0,107144,227004,102439,248605,1258265,64797371,322167,926371,9727,85160,237007,45670,39490,186216,50791,924820,1551,277390,647430,1551,0,18,9709,8,10,9709,0,20006563,44790808,4977482,15029081,16572799,28218009,n2682,false,0.9358616537823895,0.21804452264194119,0,6275,false,501,5,0.8958076090164572,0.9493002546164184,null
14851574,66055636,603926,13562456,685192,310195,293731,10139459,0,334148,351044,98268,211927,1468700,2248028,4076029,0,107144,227004,102439,248605,1258265,64797371,322167,926371,9727,85160,237007,45670,39490,186216,50791,924820,1551,277390,647430,1551,0,18,9709,8,10,9709,0,20006563,44790808,4977482,15029081,16572799,28218009,n4448,true,0.3272813182463524,0.8660773298660034,11,4018,false,0,1,0.5113147018349105,0.6625516565803931,null
14851574,66055636,603926,13562456,685192,310195,293731,10139459,0,334148,351044,98268,211927,1468700,2248028,4076029,0,107144,227004,102439,248605,1258265,64797371,322167,926371,9727,85160,237007,45670,39490,186216,50791,924820,1551,277390,647430,1551,0,18,9709,8,10,9709,0,20006563,44790808,4977482,15029081,16572799,28218009,n21282,false,0.5900329039731167,0.5634206966190776,0,6612,false,502,6,0.8959781488684853,0.3633386741303568,null
14851574,66055636,603926,13562456,685192,310195,293731,10139459,0,334148,351044,98268,211927,1468700,2248028,4076029,0,107144,227004,102439,248605,1258265,64797371,322167,926371,9727,85160,237007,45670,39490,186216,50791,924820,1551,277390,647430,1551,0,18,9709,8,10,9709,0,20006563,44790808,4977482,15029081,16572799,28218009,n4447,false,0.25674041370538947,0.4483930662129,0,12606,false,500,2,0.6579249269890137,0.2209064359467462,null
14851574,66055636,603926,13562456,685192,310195,293731,10139459,0,334148,351044,98268,211927,1468700,2248028,4076029,0,107144,227004,102439,248605,1258265,64797371,322167,926371,9727,85160,237007,45670,39490,186216,50791,924820,1551,277390,647430,1551,0,18,9709,8,10,9709,0,20006563,44790808,4977482,15029081,16572799,28218009,n2674,false,0.3419455109517107,0.7258421383111415,0,7636,false,503,7,0.6441197957975673,0.0811073118624055,null
14851574,66055636,603926,13562456,685192,310195,293731,10139459,0,334148,351044,98268,211927,1468700,2248028,4076029,0,107144,227004,102439,248605,1258265,64797371,322167,926371,9727,85160,237007,45670,39490,186216,50791,924820,1551,277390,647430,1551,0,18,9709,8,10,9709,0,20006563,44790808,4977482,15029081,16572799,28218009,n12166,true,0.7131766774241745,0.816861259898764,11,22050,false,0,1,0.3422859984977754,0.897603003510345,null
14851574,66055636,603926,13562456,685192,310195,293731,10139459,0,334148,351044,98268,211927,1468700,2248028,4076029,0,107144,227004,102439,248605,1258265,64797371,322167,926371,9727,85160,237007,45670,39490,186216,50791,924820,1551,277390,647430,1551,0,18,9709,8,10,9709,0,20006563,44790808,4977482,15029081,16572799,28218009,n2669,false,0.707581625535723,0.5747293938825034,0,13419,false,501,4,0.6225048850285888,0.5306369625572205,null
14851574,66055636,603926,13562456,685192,310195,293731,10139459,0,334148,351044,98268,211927,1468700,2248028,4076029,0,107144,227004,102439,248605,1258265,64797371,322167,926371,9727,85160,237007,45670,39490,186216,50791,924820,1551,277390,647430,1551,0,18,9709,8,10,9709,0,20006563,44790808,4977482,15029081,16572799,28218009,n5504,false,0.37733613608694594,0.35141706249915045,0,12353,false,504,10,0.9292770997558102,0.3132474437419965,null
14851574,66055636,603926,13562456,685192,310195,293731,10139459,0,334148,351044,98268,211927,1468700,2248028,4076029,0,107144,227004,102439,248605,1258265,64797371,322167,926371,9727,85160,237007,45670,39490,186216,50791,924820,1551,277390,647430,1551,0,18,9709,8,10,9709,0,20006563,44790808,4977482,15029081,16572799,28218009,n2662,false,0.9999955837221138,0.11657212843837772,0,12127,false,502,6,0.7401102188179153,0.853153926239988,null
14851574,66055636,603926,13562456,685192,310195,293731,10139459,0,334148,351044,98268,211927,1468700,2248028,4076029,0,107144,227004,102439,248605,1258265,64797371,322167,926371,9727,85160,237007,45670,39490,186216,50791,924820,1551,277390,647430,1551,0,18,9709,8,10,9709,0,20006563,44790808,4977482,15029081,16572799,28218009,n5501,true,0.07346165422615111,0.22872067044175615,7,10101,false,94,6,0.8733017703800887,0.8386725638469639,null
14851574,66055636,603926,13562456,685192,310195,293731,10139459,0,334148,351044,98268,211927,1468700,2248028,4076029,0,107144,227004,102439,248605,1258265,64797371,322167,926371,9727,85160,237007,45670,39490,186216,50791,924820,1551,277390,647430,1551,0,18,9709,8,10,9709,0,20006563,44790808,4977482,15029081,16572799,28218009,n12381,false,0.6859825750369544,0.08649830575708828,0,22484,false,503,6,0.8450479060552561,0.024850511350206328,null
14851574,66055636,603926,13562456,685192,310195,293731,10139459,0,334148,351044,98268,211927,1468700,2248028,4076029,0,107144,227004,102439,248605,1258265,64797371,322167,926371,9727,85160,237007,45670,39490,186216,50791,924820,1551,277390,647430,1551,0,18,9709,8,10,9709,0,20006563,44790808,4977482,15029081,16572799,28218009,n4471,false,0.17162228221104303,0.8615900304084493,0,2207,false,504,9,0.7250458698625909,0.6737618725884712,null
14851574,66055636,603926,13562456,685192,310195,293731,10139459,0,334148,351044,98268,211927,1468700,2248028,4076029,0,107144,227004,102439,248605,1258265,64797371,322167,926371,9727,85160,237007,45670,39490,186216,50791,924820,1551,277390,647430,1551,0,18,9709,8,10,9709,0,20006563,44790808,4977482,15029081,16572799,28218009,n23357,true,0.61002823120474,0.28492538741837686,10,8704,false,501,3,0.6420119596865614,0.2643455432112055,null
14851574,66055636,603926,13562456,685192,310195,293731,10139459,0,334148,351044,98268,211927,1468700,2248028,4076029,0,107144,227004,102439,248605,1258265,64797371,322167,926371,9727,85160,237007,45670,39490,186216,50791,924820,1551,277390,647430,1551,0,18,9709,8,10,9709,0,20006563,44790808,4977482,15029081,16572799,28218009,n5520,false,0.84680136494339,0.6446987262137553,0,8909,false,504,9,0.8314644491637323,0.04260997767850205,null
14851574,66055636,603926,13562456,685192,310195,293731,10139459,0,334148,351044,98268,211927,1468700,2248028,4076029,0,107144,227004,102439,248605,1258265,64797371,322167,926371,9727,85160,237007,45670,39490,186216,50791,924820,1551,277390,647430,1551,0,18,9709,8,10,9709,0,20006563,44790808,4977482,15029081,16572799,28218009,n5521,true,0.12134166016099708,0.06999657666842451,10,5501,false,502,6,0.06195610931974216,0.41422819705385144,null
14851574,66055636,603926,13562456,685192,310195,293731,10139459,0,334148,351044,98268,211927,1468700,2248028,4076029,0,107144,227004,102439,248605,1258265,64797371,322167,926371,9727,85160,237007,45670,39490,186216,50791,924820,1551,277390,647430,1551,0,18,9709,8,10,9709,0,20006563,44790808,4977482,15029081,16572799,28218009,n5511,false,0.6097291205480027,0.7020528125001414,0,9852,false,506,13,0.6208525918915937,0.6262394230885957,null
14851574,66055636,603926,13562456,685192,310195,293731,10139459,0,334148,351044,98268,211927,1468700,2248028,4076029,0,107144,227004,102439,248605,1258265,64797371,322167,926371,9727,85160,237007,45670,39490,186216,50791,924820,1551,277390,647430,1551,0,18,9709,8,10,9709,0,20006563,44790808,4977482,15029081,16572799,28218009,n12131,false,0.03362759872672552,0.6477112882159641,0,17107,false,502,5,0.4956283253137901,0.1435028053629014,null
14851574,66055636,603926,13562456,685192,310195,293731,10139459,0,334148,351044,98268,211927,1468700,2248028,4076029,0,107144,227004,102439,248605,1258265,64797371,322167,926371,9727,85160,237007,45670,39490,186216,50791,924820,1551,277390,647430,1551,0,18,9709,8,10,9709,0,20006563,44790808,4977482,15029081,16572799,28218009,n12392,false,0.009339022812676252,0.8769178758682084,0,13847,false,501,2,0.6131849061857191,0.5113239332311936,null
14851574,66055636,603926,13562456,685192,310195,293731,10139459,0,334148,351044,98268,211927,1468700,2248028,4076029,0,107144,227004,102439,248605,1258265,64797371,322167,926371,9727,85160,237007,45670,39490,186216,50791,924820,1551,277390,647430,1551,0,18,9709,8,10,9709,0,20006563,44790808,4977482,15029081,16572799,28218009,n12145,true,0.9999875024332496,0.4937087018917176,11,5047,false,500,2,0.6309197637028243,0.7643962679644573,null
14851574,66055636,603926,13562456,685192,310195,293731,10139459,0,334148,351044,98268,211927,1468700,2248028,4076029,0,107144,227004,102439,248605,1258265,64797371,322167,926371,9727,85160,237007,45670,39490,186216,50791,924820,1551,277390,647430,1551,0,18,9709,8,10,9709,0,20006563,44790808,4977482,15029081,16572799,28218009,n2692,false,0.07236253604086,0.5368376505086462,0,5410,false,506,14,0.7313362627538346,0.21756456228640675,null
14851574,66055636,603926,13562456,685192,310195,293731,10139459,0,334148,351044,98268,211927,1468700,2248028,4076029,0,107144,227004,102439,248605,1258265,64797371,322167,926371,9727,85160,237007,45670,39490,186216,50791,924820,1551,277390,647430,1551,0,18,9709,8,10,9709,0,20006563,44790808,4977482,15029081,16572799,28218009,n5532,true,0.06830821721541547,0.9266089986177127,6,28999,false,0,0,0.4271991124448107,0.43790893212484167,null
14851574,66055636,603926,13562456,685192,310195,293731,10139459,0,334148,351044,98268,211927,1468700,2248028,4076029,0,107144,227004,102439,248605,1258265,64797371,322167,926371,9727,85160,237007,45670,39490,186216,50791,924820,1551,277390,647430,1551,0,18,9709,8,10,9709,0,20006563,44790808,4977482,15029081,16572799,28218009,n5530,false,0.17151321058094557,0.046190516192775144,0,19951,false,501,3,0.6298255074457031,0.07621197197410534,null
14851574,66055636,603926,13562456,685192,310195,293731,10139459,0,334148,351044,98268,211927,1468700,2248028,4076029,0,107144,227004,102439,248605,1258265,64797371,322167,926371,9727,85160,237007,45670,39490,186216,50791,924820,1551,277390,647430,1551,0,18,9709,8,10,9709,0,20006563,44790808,4977482,15029081,16572799,28218009,n4477,false,0.3753364195011877,0.018537087471651725,0,7453,false,501,4,0.6840331541829058,0.7103600576634133,null
14851574,66055636,603926,13562456,685192,310195,293731,10139459,0,334148,351044,98268,211927,1468700,2248028,4076029,0,107144,227004,102439,248605,1258265,64797371,322167,926371,9727,85160,237007,45670,39490,186216,50791,924820,1551,277390,647430,1551,0,18,9709,8,10,9709,0,20006563,44790808,4977482,15029081,16572799,28218009,n4478,false,0.999996825391304,0.8545012011475057,0,1712,false,503,7,0.9425133549290509,0.38020336994611054,null
14851574,66055636,603926,13562456,685192,310195,293731,10139459,0,334148,351044,98268,211927,1468700,2248028,4076029,0,107144,227004,102439,248605,1258265,64797371,322167,926371,9727,85160,237007,45670,39490,186216,50791,924820,1551,277390,647430,1551,0,18,9709,8,10,9709,0,20006563,44790808,4977482,15029081,16572799,28218009,n5524,false,0.6995031827883944,0.6504216627431473,0,3855,false,503,7,0.9152752277270745,0.933446333411899,null
14851574,66055636,603926,13562456,685192,310195,293731,10139459,0,334148,351044,98268,211927,1468700,2248028,4076029,0,107144,227004,102439,248605,1258265,64797371,322167,926371,9727,85160,237007,45670,39490,186216,50791,924820,1551,277390,647430,1551,0,18,9709,8,10,9709,0,20006563,44790808,4977482,15029081,16572799,28218009,n5527,false,0.19900372663722402,0.8108632681354355,0,6942,false,504,8,0.6364563193658972,0.8224373452756687,null
14851574,66055636,603926,13562456,685192,310195,293731,10139459,0,334148,351044,98268,211927,1468700,2248028,4076029,0,107144,227004,102439,248605,1258265,64797371,322167,926371,9727,85160,237007,45670,39490,186216,50791,924820,1551,277390,647430,1551,0,18,9709,8,10,9709,0,20006563,44790808,4977482,15029081,16572799,28218009,n5526,true,0.9528278921779845,0.2569487342104039,12,703,false,501,4,0.7188121586898384,0.638819904005016,null
14851574,66055636,603926,13562456,685192,310195,293731,10139459,0,334148,351044,98268,211927,1468700,2248028,4076029,0,107144,227004,102439,248605,1258265,64797371,322167,926371,9727,85160,237007,45670,39490,186216,50791,924820,1551,277390,647430,1551,0,18,9709,8,10,9709,0,20006563,44790808,4977482,15029081,16572799,28218009,n1108,false,0.9999970473254719,0.12535242114855538,0,383,false,508,17,0.8597321010878451,0.4189718268530783,null
14851574,66055636,603926,13562456,685192,310195,293731,10139459,0,334148,351044,98268,211927,1468700,2248028,4076029,0,107144,227004,102439,248605,1258265,64797371,322167,926371,9727,85160,237007,45670,39490,186216,50791,924820,1551,277390,647430,1551,0,18,9709,8,10,9709,0,20006563,44790808,4977482,15029081,16572799,28218009,n5538,true,0.4614051546042665,0.7298600437902093,6,27945,false,11,3,0.6268576974928781,0.555977268251139,null
14851574,66055636,603926,13562456,685192,310195,293731,10139459,0,334148,351044,98268,211927,1468700,2248028,4076029,0,107144,227004,102439,248605,1258265,64797371,322167,926371,9727,85160,237007,45670,39490,186216,50791,924820,1551,277390,647430,1551,0,18,9709,8,10,9709,0,20006563,44790808,4977482,15029081,16572799,28218009,n1103,false,0.35049481521941567,0.08911392190704903,0,7370,false,503,7,0.3733205311536125,0.1647906901414523,null
14851574,66055636,603926,13562456,685192,310195,293731,10139459,0,334148,351044,98268,211927,1468700,2248028,4076029,0,107144,227004,102439,248605,1258265,64797371,322167,926371,9727,85160,237007,45670,39490,186216,50791,924820,1551,277390,647430,1551,0,18,9709,8,10,9709,0,20006563,44790808,4977482,15029081,16572799,28218009,n1100,false,0.01868985231949734,0.9528559935560239,0,20175,false,500,2,0.5976967212544191,0.40912368200360266,null
14851574,66055636,603926,13562456,685192,310195,293731,10139459,0,334148,351044,98268,211927,1468700,2248028,4076029,0,107144,227004,102439,248605,1258265,64797371,322167,926371,9727,85160,237007,45670,39490,186216,50791,924820,1551,277390,647430,1551,0,18,9709,8,10,9709,0,20006563,44790808,4977482,15029081,16572799,28218009,n5542,false,0.8360834867966118,0.08154443386534771,0,11859,false,503,6,0.44129201473568685,0.039394514206869125,null
14851574,66055636,603926,13562456,685192,310195,293731,10139459,0,334148,351044,98268,211927,1468700,2248028,4076029,0,107144,227004,102439,248605,1258265,64797371,322167,926371,9727,85160,237007,45670,39490,186216,50791,924820,1551,277390,647430,1551,0,18,9709,8,10,9709,0,20006563,44790808,4977482,15029081,16572799,28218009,n5548,false,0.864761433763214,0.07370413361295525,0,11907,false,502,5,0.9637675758183262,0.6391433050923568,null
14851574,66055636,603926,13562456,685192,310195,293731,10139459,0,334148,351044,98268,211927,1468700,2248028,4076029,0,107144,227004,102439,248605,1258265,64797371,322167,926371,9727,85160,237007,45670,39490,186216,50791,924820,1551,277390,647430,1551,0,18,9709,8,10,9709,0,20006563,44790808,4977482,15029081,16572799,28218009,n1124,false,0.3663155600339945,0.8342051125918406,0,6019,false,502,5,0.5259667919616422,0.5643234336913061,null
14851574,66055636,603926,13562456,685192,310195,293731,10139459,0,334148,351044,98268,211927,1468700,2248028,4076029,0,107144,227004,102439,248605,1258265,64797371,322167,926371,9727,85160,237007,45670,39490,186216,50791,924820,1551,277390,647430,1551,0,18,9709,8,10,9709,0,20006563,44790808,4977482,15029081,16572799,28218009,n12172,false,0.414414159705256,0.005805065087712058,0,1928,false,503,8,0.20988202781620724,0.49738014339569464,null
14851574,66055636,603926,13562456,685192,310195,293731,10139459,0,334148,351044,98268,211927,1468700,2248028,4076029,0,107144,227004,102439,248605,1258265,64797371,322167,926371,9727,85160,237007,45670,39490,186216,50791,924820,1551,277390,647430,1551,0,18,9709,8,10,9709,0,20006563,44790808,4977482,15029081,16572799,28218009,n5558,false,0.26966964655805375,0.0507996100096646,0,20644,false,501,2,0.7097799093890083,0.13688016265100034,null
14851574,66055636,603926,13562456,685192,310195,293731,10139459,0,334148,351044,98268,211927,1468700,2248028,4076029,0,107144,227004,102439,248605,1258265,64797371,322167,926371,9727,85160,237007,45670,39490,186216,50791,924820,1551,277390,647430,1551,0,18,9709,8,10,9709,0,20006563,44790808,4977482,15029081,16572799,28218009,n1122,false,0.01591740957504433,0.7045414819294781,0,1951,false,506,14,0.6191352687147982,0.7849980307995246,null
14851574,66055636,603926,13562456,685192,310195,293731,10139459,0,334148,351044,98268,211927,1468700,2248028,4076029,0,107144,227004,102439,248605,1258265,64797371,322167,926371,9727,85160,237007,45670,39490,186216,50791,924820,1551,277390,647430,1551,0,18,9709,8,10,9709,0,20006563,44790808,4977482,15029081,16572799,28218009,n51608,false,0.16352211348298615,0.45646694327678455,0,20148,false,501,2,0.8732328872495982,0.6839446009076586,null
14851574,66055636,603926,13562456,685192,310195,293731,10139459,0,334148,351044,98268,211927,1468700,2248028,4076029,0,107144,227004,102439,248605,1258265,64797371,322167,926371,9727,85160,237007,45670,39490,186216,50791,924820,1551,277390,647430,1551,0,18,9709,8,10,9709,0,20006563,44790808,4977482,15029081,16572799,28218009,n1129,false,0.6284143625841909,0.7489871734174026,0,326,false,505,11,0.9595593754876283,0.8663031942025343,null
14851574,66055636,603926,13562456,685192,310195,293731,10139459,0,334148,351044,98268,211927,1468700,2248028,4076029,0,107144,227004,102439,248605,1258265,64797371,322167,926371,9727,85160,237007,45670,39490,186216,50791,924820,1551,277390,647430,1551,0,18,9709,8,10,9709,0,20006563,44790808,4977482,15029081,16572799,28218009,n5559,true,0.034357512104165044,0.9772208982515431,11,28999,false,0,0,0.17643120550836278,0.41249992692085546,null
14851574,66055636,603926,13562456,685192,310195,293731,10139459,0,334148,351044,98268,211927,1468700,2248028,4076029,0,107144,227004,102439,248605,1258265,64797371,322167,926371,9727,85160,237007,45670,39490,186216,50791,924820,1551,277390,647430,1551,0,18,9709,8,10,9709,0,20006563,44790808,4977482,15029081,16572799,28218009,n12174,false,0.9999952969074589,0.32555275521836563,0,28997,false,500,1,0.23467965622179066,0.5099567078187153,null
14851574,66055636,603926,13562456,685192,310195,293731,10139459,0,334148,351044,98268,211927,1468700,2248028,4076029,0,107144,227004,102439,248605,1258265,64797371,322167,926371,9727,85160,237007,45670,39490,186216,50791,924820,1551,277390,647430,1551,0,18,9709,8,10,9709,0,20006563,44790808,4977482,15029081,16572799,28218009,n12177,false,0.03893520380769755,0.650819837527363,0,1141,false,505,11,0.8540249239900868,0.7242299351149949,null
14851574,66055636,603926,13562456,685192,310195,293731,10139459,0,334148,351044,98268,211927,1468700,2248028,4076029,0,107144,227004,102439,248605,1258265,64797371,322167,926371,9727,85160,237007,45670,39490,186216,50791,924820,1551,277390,647430,1551,0,18,9709,8,10,9709,0,20006563,44790808,4977482,15029081,16572799,28218009,n1132,false,0.1112167028355046,0.7768032693929571,0,13931,false,505,10,0.6276647229417139,0.16140450229782155,null
14851574,66055636,603926,13562456,685192,310195,293731,10139459,0,334148,351044,98268,211927,1468700,2248028,4076029,0,107144,227004,102439,248605,1258265,64797371,322167,926371,9727,85160,237007,45670,39490,186216,50791,924820,1551,277390,647430,1551,0,18,9709,8,10,9709,0,20006563,44790808,4977482,15029081,16572799,28218009,n5565,false,0.906441123409962,0.7644917240566769,0,7480,false,502,5,0.785650278843629,0.5994153657146378,null
14851574,66055636,603926,13562456,685192,310195,293731,10139459,0,334148,351044,98268,211927,1468700,2248028,4076029,0,107144,227004,102439,248605,1258265,64797371,322167,926371,9727,85160,237007,45670,39490,186216,50791,924820,1551,277390,647430,1551,0,18,9709,8,10,9709,0,20006563,44790808,4977482,15029081,16572799,28218009,n4430,false,0.27707412457132174,0.08292869237037459,0,3140,false,502,6,0.5592616096779681,0.13693149973691432,null
14851574,66055636,603926,13562456,685192,310195,293731,10139459,0,334148,351044,98268,211927,1468700,2248028,4076029,0,107144,227004,102439,248605,1258265,64797371,322167,926371,9727,85160,237007,45670,39490,186216,50791,924820,1551,277390,647430,1551,0,18,9709,8,10,9709,0,20006563,44790808,4977482,15029081,16572799,28218009,n4432,false,0.9999970800334728,0.49399413090009203,0,7116,false,503,7,0.8324368668884783,0.8960186139179183,null
14851574,66055636,603926,13562456,685192,310195,293731,10139459,0,334148,351044,98268,211927,1468700,2248028,4076029,0,107144,227004,102439,248605,1258265,64797371,322167,926371,9727,85160,237007,45670,39490,186216,50791,924820,1551,277390,647430,1551,0,18,9709,8,10,9709,0,20006563,44790808,4977482,15029081,16572799,28218009,n5567,false,0.9999977510641356,0.7814452266645671,0,4792,false,505,10,0.3988653629896669,0.6840539301503027,null
14851574,66055636,603926,13562456,685192,310195,293731,10139459,0,334148,351044,98268,211927,1468700,2248028,4076029,0,107144,227004,102439,248605,1258265,64797371,322167,926371,9727,85160,237007,45670,39490,186216,50791,924820,1551,277390,647430,1551,0,18,9709,8,10,9709,0,20006563,44790808,4977482,15029081,16572799,28218009,n5569,true,0.9294620075987816,0.3623472748535106,0,3332,false,501,4,0.9952438012854635,0.2975485077880996,null
14851574,66055636,603926,13562456,685192,310195,293731,10139459,0,334148,351044,98268,211927,1468700,2248028,4076029,0,107144,227004,102439,248605,1258265,64797371,322167,926371,9727,85160,237007,45670,39490,186216,50791,924820,1551,277390,647430,1551,0,18,9709,8,10,9709,0,20006563,44790808,4977482,15029081,16572799,28218009,n12182,false,0.9999959818909724,0.6731166139088353,0,2778,false,505,13,0.9922659292054332,0.340224859301794,null
14851574,66055636,603926,13562456,685192,310195,293731,10139459,0,334148,351044,98268,211927,1468700,2248028,4076029,0,107144,227004,102439,248605,1258265,64797371,322167,926371,9727,85160,237007,45670,39490,186216,50791,924820,1551,277390,647430,1551,0,18,9709,8,10,9709,0,20006563,44790808,4977482,15029081,16572799,28218009,n1118,false,0.7212662934335325,0.8234197984746301,0,10102,false,502,5,0.34229247017866693,0.9021016483532384,null
14851574,66055636,603926,13562456,685192,310195,293731,10139459,0,334148,351044,98268,211927,1468700,2248028,4076029,0,107144,227004,102439,248605,1258265,64797371,322167,926371,9727,85160,237007,45670,39490,186216,50791,924820,1551,277390,647430,1551,0,18,9709,8,10,9709,0,20006563,44790808,4977482,15029081,16572799,28218009,n5574,true,0.7367873333352845,0.23498730409327045,11,789,false,19,15,0.8188247668510235,0.42159630169806767,null
14851574,66055636,603926,13562456,685192,310195,293731,10139459,0,334148,351044,98268,211927,1468700,2248028,4076029,0,107144,227004,102439,248605,1258265,64797371,322167,926371,9727,85160,237007,45670,39490,186216,50791,924820,1551,277390,647430,1551,0,18,9709,8,10,9709,0,20006563,44790808,4977482,15029081,16572799,28218009,n1120,false,0.9511876279351272,0.8472697337926357,0,778,false,501,4,0.7983985619235321,0.04825979781698064,null
14851574,66055636,603926,13562456,685192,310195,293731,10139459,0,334148,351044,98268,211927,1468700,2248028,4076029,0,107144,227004,102439,248605,1258265,64797371,322167,926371,9727,85160,237007,45670,39490,186216,50791,924820,1551,277390,647430,1551,0,18,9709,8,10,9709,0,20006563,44790808,4977482,15029081,16572799,28218009,n5575,false,0.9999982996740189,0.9735023707077808,0,9471,false,503,7,0.22627051718949465,0.6587334164337582,null
14851574,66055636,603926,13562456,685192,310195,293731,10139459,0,334148,351044,98268,211927,1468700,2248028,4076029,0,107144,227004,102439,248605,1258265,64797371,322167,926371,9727,85160,237007,45670,39490,186216,50791,924820,1551,277390,647430,1551,0,18,9709,8,10,9709,0,20006563,44790808,4977482,15029081,16572799,28218009,n5579,true,0.8287614077995942,0.5176421421321756,12,329,false,502,6,0.5213793653162474,0.5065711626106554,null
14851574,66055636,603926,13562456,685192,310195,293731,10139459,0,334148,351044,98268,211927,1468700,2248028,4076029,0,107144,227004,102439,248605,1258265,64797371,322167,926371,9727,85160,237007,45670,39490,186216,50791,924820,1551,277390,647430,1551,0,18,9709,8,10,9709,0,20006563,44790808,4977482,15029081,16572799,28218009,n5578,false,0.7953173381060056,0.6458518358356777,0,4714,false,501,4,0.10473491812681524,0.5186005364363504,null
14851574,66055636,603926,13562456,685192,310195,293731,10139459,0,334148,351044,98268,211927,1468700,2248028,4076029,0,107144,227004,102439,248605,1258265,64797371,322167,926371,9727,85160,237007,45670,39490,186216,50791,924820,1551,277390,647430,1551,0,18,9709,8,10,9709,0,20006563,44790808,4977482,15029081,16572799,28218009,n1145,true,0.8823463045956377,0.8634668484697274,6,28999,false,0,0,0.8336766418780397,0.5921879523358375,null
14851574,66055636,603926,13562456,685192,310195,293731,10139459,0,334148,351044,98268,211927,1468700,2248028,4076029,0,107144,227004,102439,248605,1258265,64797371,322167,926371,9727,85160,237007,45670,39490,186216,50791,924820,1551,277390,647430,1551,0,18,9709,8,10,9709,0,20006563,44790808,4977482,15029081,16572799,28218009,n8768,false,0.9999951332347775,0.5803038855252992,0,9377,false,502,5,0.8425130249295663,0.2153856351548642,null
14851574,66055636,603926,13562456,685192,310195,293731,10139459,0,334148,351044,98268,211927,1468700,2248028,4076029,0,107144,227004,102439,248605,1258265,64797371,322167,926371,9727,85160,237007,45670,39490,186216,50791,924820,1551,277390,647430,1551,0,18,9709,8,10,9709,0,20006563,44790808,4977482,15029081,16572799,28218009,n5588,false,0.4093546714096764,0.5029250253782552,0,3367,false,504,9,0.7539856137277018,0.6302858262316672,null
14851574,66055636,603926,13562456,685192,310195,293731,10139459,0,334148,351044,98268,211927,1468700,2248028,4076029,0,107144,227004,102439,248605,1258265,64797371,322167,926371,9727,85160,237007,45670,39490,186216,50791,924820,1551,277390,647430,1551,0,18,9709,8,10,9709,0,20006563,44790808,4977482,15029081,16572799,28218009,n8782,true,0.18036196164861648,0.6219429039878182,11,12067,false,500,2,0.4690307020113685,0.6974623038232229,null
14851574,66055636,603926,13562456,685192,310195,293731,10139459,0,334148,351044,98268,211927,1468700,2248028,4076029,0,107144,227004,102439,248605,1258265,64797371,322167,926371,9727,85160,237007,45670,39490,186216,50791,924820,1551,277390,647430,1551,0,18,9709,8,10,9709,0,20006563,44790808,4977482,15029081,16572799,28218009,n8787,false,0.5097496583902815,0.37084771877479783,0,12424,false,501,3,0.865939746241358,0.23251538691600515,null
14851574,66055636,603926,13562456,685192,310195,293731,10139459,0,334148,351044,98268,211927,1468700,2248028,4076029,0,107144,227004,102439,248605,1258265,64797371,322167,926371,9727,85160,237007,45670,39490,186216,50791,924820,1551,277390,647430,1551,0,18,9709,8,10,9709,0,20006563,44790808,4977482,15029081,16572799,28218009,n1141,false,0.6479413499432594,0.851254069765147,0,2983,false,503,8,0.35075118546052864,0.6477736206211916,null
14851574,66055636,603926,13562456,685192,310195,293731,10139459,0,334148,351044,98268,211927,1468700,2248028,4076029,0,107144,227004,102439,248605,1258265,64797371,322167,926371,9727,85160,237007,45670,39490,186216,50791,924820,1551,277390,647430,1551,0,18,9709,8,10,9709,0,20006563,44790808,4977482,15029081,16572799,28218009,n1142,false,0.8368304199926898,0.05507451731306101,0,3488,false,504,9,0.9294218451383078,0.07154501522670909,null
14851574,66055636,603926,13562456,685192,310195,293731,10139459,0,334148,351044,98268,211927,1468700,2248028,4076029,0,107144,227004,102439,248605,1258265,64797371,322167,926371,9727,85160,237007,45670,39490,186216,50791,924820,1551,277390,647430,1551,0,18,9709,8,10,9709,0,20006563,44790808,4977482,15029081,16572799,28218009,n1143,false,0.6816214887811687,0.6091003056258733,0,25728,false,501,3,0.3199475541412373,0.5582132019200872,null
14851574,66055636,603926,13562456,685192,310195,293731,10139459,0,334148,351044,98268,211927,1468700,2248028,4076029,0,107144,227004,102439,248605,1258265,64797371,322167,926371,9727,85160,237007,45670,39490,186216,50791,924820,1551,277390,647430,1551,0,18,9709,8,10,9709,0,20006563,44790808,4977482,15029081,16572799,28218009,n5594,false,0.09137500178705896,0.6660682720179519,0,6634,false,502,4,0.5679554410038167,0.8137820611854055,null
14851574,66055636,603926,13562456,685192,310195,293731,10139459,0,334148,351044,98268,211927,1468700,2248028,4076029,0,107144,227004,102439,248605,1258265,64797371,322167,926371,9727,85160,237007,45670,39490,186216,50791,924820,1551,277390,647430,1551,0,18,9709,8,10,9709,0,20006563,44790808,4977482,15029081,16572799,28218009,n15168,false,0.5504616326533038,0.9651889257757409,0,18844,false,502,6,0.4964942253683458,0.050294374608351955,null
14851574,66055636,603926,13562456,685192,310195,293731,10139459,0,334148,351044,98268,211927,1468700,2248028,4076029,0,107144,227004,102439,248605,1258265,64797371,322167,926371,9727,85160,237007,45670,39490,186216,50791,924820,1551,277390,647430,1551,0,18,9709,8,10,9709,0,20006563,44790808,4977482,15029081,16572799,28218009,n8799,true,0.60673505365402,0.8192778899223789,13,2325,false,10,5,0.47103577866988455,0.9017614525345925,null
14851574,66055636,603926,13562456,685192,310195,293731,10139459,0,334148,351044,98268,211927,1468700,2248028,4076029,0,107144,227004,102439,248605,1258265,64797371,322167,926371,9727,85160,237007,45670,39490,186216,50791,924820,1551,277390,647430,1551,0,18,9709,8,10,9709,0,20006563,44790808,4977482,15029081,16572799,28218009,n1170,false,0.9999956012659986,0.9125947565471296,0,7631,false,500,2,0.7259335680301905,0.7390229835057103,null
14851574,66055636,603926,13562456,685192,310195,293731,10139459,0,334148,351044,98268,211927,1468700,2248028,4076029,0,107144,227004,102439,248605,1258265,64797371,322167,926371,9727,85160,237007,45670,39490,186216,50791,924820,1551,277390,647430,1551,0,18,9709,8,10,9709,0,20006563,44790808,4977482,15029081,16572799,28218009,n1176,false,0.9994011695221219,0.14057522544954726,0,621,false,501,3,0.1475293801168387,0.7807149722449058,null
14851574,66055636,603926,13562456,685192,310195,293731,10139459,0,334148,351044,98268,211927,1468700,2248028,4076029,0,107144,227004,102439,248605,1258265,64797371,322167,926371,9727,85160,237007,45670,39490,186216,50791,924820,1551,277390,647430,1551,0,18,9709,8,10,9709,0,20006563,44790808,4977482,15029081,16572799,28218009,n15178,true,0.9547987684878542,0.4439114309957328,8,27035,false,8,2,0.8787040948052844,0.10959823893029152,null
14851574,66055636,603926,13562456,685192,310195,293731,10139459,0,334148,351044,98268,211927,1468700,2248028,4076029,0,107144,227004,102439,248605,1258265,64797371,322167,926371,9727,85160,237007,45670,39490,186216,50791,924820,1551,277390,647430,1551,0,18,9709,8,10,9709,0,20006563,44790808,4977482,15029081,16572799,28218009,n15174,false,0.18206520137965684,0.8772195772491511,0,2563,false,504,9,0.7547386977991841,0.8237201901453428,null
14851574,66055636,603926,13562456,685192,310195,293731,10139459,0,334148,351044,98268,211927,1468700,2248028,4076029,0,107144,227004,102439,248605,1258265,64797371,322167,926371,9727,85160,237007,45670,39490,186216,50791,924820,1551,277390,647430,1551,0,18,9709,8,10,9709,0,20006563,44790808,4977482,15029081,16572799,28218009,n1165,false,0.9999976532083735,0.5052674613230135,0,12918,false,502,4,0.8410624343680327,0.8652569617622453,null
14851574,66055636,603926,13562456,685192,310195,293731,10139459,0,334148,351044,98268,211927,1468700,2248028,4076029,0,107144,227004,102439,248605,1258265,64797371,322167,926371,9727,85160,237007,45670,39490,186216,50791,924820,1551,277390,647430,1551,0,18,9709,8,10,9709,0,20006563,44790808,4977482,15029081,16572799,28218009,n8880,false,0.35977113847531655,0.4699918945625976,0,12273,false,500,2,0.7518967681606041,0.8574415924145902,null
14851574,66055636,603926,13562456,685192,310195,293731,10139459,0,334148,351044,98268,211927,1468700,2248028,4076029,0,107144,227004,102439,248605,1258265,64797371,322167,926371,9727,85160,237007,45670,39490,186216,50791,924820,1551,277390,647430,1551,0,18,9709,8,10,9709,0,20006563,44790808,4977482,15029081,16572799,28218009,n21439,false,0.9999968507763334,0.34669697882597017,0,2860,false,502,4,0.26227175701424454,0.787610539760684,null
14851574,66055636,603926,13562456,685192,310195,293731,10139459,0,334148,351044,98268,211927,1468700,2248028,4076029,0,107144,227004,102439,248605,1258265,64797371,322167,926371,9727,85160,237007,45670,39490,186216,50791,924820,1551,277390,647430,1551,0,18,9709,8,10,9709,0,20006563,44790808,4977482,15029081,16572799,28218009,n15015,true,0.29107973654934316,0.2861678918786984,6,28999,false,0,0,0.9710099486015816,0.007903370873796,null
14851574,66055636,603926,13562456,685192,310195,293731,10139459,0,334148,351044,98268,211927,1468700,2248028,4076029,0,107144,227004,102439,248605,1258265,64797371,322167,926371,9727,85160,237007,45670,39490,186216,50791,924820,1551,277390,647430,1551,0,18,9709,8,10,9709,0,20006563,44790808,4977482,15029081,16572799,28218009,n20381,false,0.6582132046738494,0.341146396843138,0,1846,false,500,2,0.7996836684704962,0.43471370220031585,null
14851574,66055636,603926,13562456,685192,310195,293731,10139459,0,334148,351044,98268,211927,1468700,2248028,4076029,0,107144,227004,102439,248605,1258265,64797371,322167,926371,9727,85160,237007,45670,39490,186216,50791,924820,1551,277390,647430,1551,0,18,9709,8,10,9709,0,20006563,44790808,4977482,15029081,16572799,28218009,n8877,false,0.8410414509832105,0.9321058928868541,0,3726,false,501,3,0.09223073034890916,0.3439116518375434,null
14851574,66055636,603926,13562456,685192,310195,293731,10139459,0,334148,351044,98268,211927,1468700,2248028,4076029,0,107144,227004,102439,248605,1258265,64797371,322167,926371,9727,85160,237007,45670,39490,186216,50791,924820,1551,277390,647430,1551,0,18,9709,8,10,9709,0,20006563,44790808,4977482,15029081,16572799,28218009,n15011,false,0.013475476757558115,0.11763340561191638,0,1089,false,506,12,0.2604869286185968,0.6927958871300308,null
14851574,66055636,603926,13562456,685192,310195,293731,10139459,0,334148,351044,98268,211927,1468700,2248028,4076029,0,107144,227004,102439,248605,1258265,64797371,322167,926371,9727,85160,237007,45670,39490,186216,50791,924820,1551,277390,647430,1551,0,18,9709,8,10,9709,0,20006563,44790808,4977482,15029081,16572799,28218009,n602,false,0.1670620671135219,0.8314679393008009,0,17173,false,502,5,0.3006787027181226,0.8067237312126445,null
14851574,66055636,603926,13562456,685192,310195,293731,10139459,0,334148,351044,98268,211927,1468700,2248028,4076029,0,107144,227004,102439,248605,1258265,64797371,322167,926371,9727,85160,237007,45670,39490,186216,50791,924820,1551,277390,647430,1551,0,18,9709,8,10,9709,0,20006563,44790808,4977482,15029081,16572799,28218009,n21421,true,0.8859408433249091,0.8791602195327631,14,28999,false,0,0,0.6989598967365764,0.45477270948177406,null
14851574,66055636,603926,13562456,685192,310195,293731,10139459,0,334148,351044,98268,211927,1468700,2248028,4076029,0,107144,227004,102439,248605,1258265,64797371,322167,926371,9727,85160,237007,45670,39490,186216,50791,924820,1551,277390,647430,1551,0,18,9709,8,10,9709,0,20006563,44790808,4977482,15029081,16572799,28218009,n15002,false,0.39151789686547783,0.19996532240902998,0,7789,false,504,9,0.3495503438292229,0.8226119710459346,null
14851574,66055636,603926,13562456,685192,310195,293731,10139459,0,334148,351044,98268,211927,1468700,2248028,4076029,0,107144,227004,102439,248605,1258265,64797371,322167,926371,9727,85160,237007,45670,39490,186216,50791,924820,1551,277390,647430,1551,0,18,9709,8,10,9709,0,20006563,44790808,4977482,15029081,16572799,28218009,n21418,false,0.14959258504216175,0.041994943614430236,0,905,false,502,5,0.41831157541406194,0.9214295009850638,null
14851574,66055636,603926,13562456,685192,310195,293731,10139459,0,334148,351044,98268,211927,1468700,2248028,4076029,0,107144,227004,102439,248605,1258265,64797371,322167,926371,9727,85160,237007,45670,39490,186216,50791,924820,1551,277390,647430,1551,0,18,9709,8,10,9709,0,20006563,44790808,4977482,15029081,16572799,28218009,n8861,true,0.7515267441432463,0.3022518210354258,11,276,false,502,6,0.7807480170922436,0.6238617040734848,null
14851574,66055636,603926,13562456,685192,310195,293731,10139459,0,334148,351044,98268,211927,1468700,2248028,4076029,0,107144,227004,102439,248605,1258265,64797371,322167,926371,9727,85160,237007,45670,39490,186216,50791,924820,1551,277390,647430,1551,0,18,9709,8,10,9709,0,20006563,44790808,4977482,15029081,16572799,28218009,n629,true,0.9323599730146894,0.052202078265478624,19,17778,false,92,7,0.6000419868258698,0.036940549508443055,null
14851574,66055636,603926,13562456,685192,310195,293731,10139459,0,334148,351044,98268,211927,1468700,2248028,4076029,0,107144,227004,102439,248605,1258265,64797371,322167,926371,9727,85160,237007,45670,39490,186216,50791,924820,1551,277390,647430,1551,0,18,9709,8,10,9709,0,20006563,44790808,4977482,15029081,16572799,28218009,n8857,true,0.5622962386249349,0.461697581842169,11,346,false,503,7,0.6679264132976803,0.8665108937617023,null
14851574,66055636,603926,13562456,685192,310195,293731,10139459,0,334148,351044,98268,211927,1468700,2248028,4076029,0,107144,227004,102439,248605,1258265,64797371,322167,926371,9727,85160,237007,45670,39490,186216,50791,924820,1551,277390,647430,1551,0,18,9709,8,10,9709,0,20006563,44790808,4977482,15029081,16572799,28218009,n15024,false,0.7587903509835354,0.022186787958679344,0,7009,false,502,5,0.5045795056459428,0.646321583965766,null
14851574,66055636,603926,13562456,685192,310195,293731,10139459,0,334148,351044,98268,211927,1468700,2248028,4076029,0,107144,227004,102439,248605,1258265,64797371,322167,926371,9727,85160,237007,45670,39490,186216,50791,924820,1551,277390,647430,1551,0,18,9709,8,10,9709,0,20006563,44790808,4977482,15029081,16572799,28218009,n614,true,0.29766103499104035,0.9815617626150611,11,28999,false,0,0,0.8514055245424248,0.3129264365974719,null
14851574,66055636,603926,13562456,685192,310195,293731,10139459,0,334148,351044,98268,211927,1468700,2248028,4076029,0,107144,227004,102439,248605,1258265,64797371,322167,926371,9727,85160,237007,45670,39490,186216,50791,924820,1551,277390,647430,1551,0,18,9709,8,10,9709,0,20006563,44790808,4977482,15029081,16572799,28218009,n16502,false,0.25799833068712086,0.9605205120046834,0,4277,false,500,1,0.9610438627269391,0.7207901907729709,null
14851574,66055636,603926,13562456,685192,310195,293731,10139459,0,334148,351044,98268,211927,1468700,2248028,4076029,0,107144,227004,102439,248605,1258265,64797371,322167,926371,9727,85160,237007,45670,39490,186216,50791,924820,1551,277390,647430,1551,0,18,9709,8,10,9709,0,20006563,44790808,4977482,15029081,16572799,28218009,n8842,false,0.117875292004283,0.7646467233880134,0,10399,false,503,6,0.6635144398593342,0.38482649855196294,null
14851574,66055636,603926,13562456,685192,310195,293731,10139459,0,334148,351044,98268,211927,1468700,2248028,4076029,0,107144,227004,102439,248605,1258265,64797371,322167,926371,9727,85160,237007,45670,39490,186216,50791,924820,1551,277390,647430,1551,0,18,9709,8,10,9709,0,20006563,44790808,4977482,15029081,16572799,28218009,n28983,false,0.9314353775235155,0.39173930352596076,0,22675,false,501,3,0.5524357065226897,0.9464987308606503,null
14851574,66055636,603926,13562456,685192,310195,293731,10139459,0,334148,351044,98268,211927,1468700,2248028,4076029,0,107144,227004,102439,248605,1258265,64797371,322167,926371,9727,85160,237007,45670,39490,186216,50791,924820,1551,277390,647430,1551,0,18,9709,8,10,9709,0,20006563,44790808,4977482,15029081,16572799,28218009,n8821,false,0.8954639577632882,0.14325661620822794,0,2149,false,501,3,0.263754206360196,0.16772864956938327,null
14851574,66055636,603926,13562456,685192,310195,293731,10139459,0,334148,351044,98268,211927,1468700,2248028,4076029,0,107144,227004,102439,248605,1258265,64797371,322167,926371,9727,85160,237007,45670,39490,186216,50791,924820,1551,277390,647430,1551,0,18,9709,8,10,9709,0,20006563,44790808,4977482,15029081,16572799,28218009,n16517,true,0.10224235374143298,0.9958471615425816,11,15014,false,504,10,0.7634697691917794,0.9010147631834579,null
14851574,66055636,603926,13562456,685192,310195,293731,10139459,0,334148,351044,98268,211927,1468700,2248028,4076029,0,107144,227004,102439,248605,1258265,64797371,322167,926371,9727,85160,237007,45670,39490,186216,50791,924820,1551,277390,647430,1551,0,18,9709,8,10,9709,0,20006563,44790808,4977482,15029081,16572799,28218009,n8808,false,0.9999990379772954,0.6959936700173012,0,14807,false,504,10,0.8134593165581044,0.9909277318142624,null
14851574,66055636,603926,13562456,685192,310195,293731,10139459,0,334148,351044,98268,211927,1468700,2248028,4076029,0,107144,227004,102439,248605,1258265,64797371,322167,926371,9727,85160,237007,45670,39490,186216,50791,924820,1551,277390,647430,1551,0,18,9709,8,10,9709,0,20006563,44790808,4977482,15029081,16572799,28218009,n8809,true,0.2905861565270407,0.841249175441955,12,28999,false,0,0,0.6836633396871916,0.7714339085578081,null
14851574,66055636,603926,13562456,685192,310195,293731,10139459,0,334148,351044,98268,211927,1468700,2248028,4076029,0,107144,227004,102439,248605,1258265,64797371,322167,926371,9727,85160,237007,45670,39490,186216,50791,924820,1551,277390,647430,1551,0,18,9709,8,10,9709,0,20006563,44790808,4977482,15029081,16572799,28218009,n685,false,0.5108786970332229,0.06266119222511257,0,3700,false,502,5,0.8639195341586203,0.6037376305751888,null
14851574,66055636,603926,13562456,685192,310195,293731,10139459,0,334148,351044,98268,211927,1468700,2248028,4076029,0,107144,227004,102439,248605,1258265,64797371,322167,926371,9727,85160,237007,45670,39490,186216,50791,924820,1551,277390,647430,1551,0,18,9709,8,10,9709,0,20006563,44790808,4977482,15029081,16572799,28218009,n20306,false,0.9999996693333235,0.3127651159763123,0,16515,false,504,9,0.4337834030392691,0.7182093335544616,null
14851574,66055636,603926,13562456,685192,310195,293731,10139459,0,334148,351044,98268,211927,1468700,2248028,4076029,0,107144,227004,102439,248605,1258265,64797371,322167,926371,9727,85160,237007,45670,39490,186216,50791,924820,1551,277390,647430,1551,0,18,9709,8,10,9709,0,20006563,44790808,4977482,15029081,16572799,28218009,n16545,false,0.815162453586994,0.18088974588377338,0,7081,false,506,13,0.9589061710348838,0.11481388615530508,null
14851574,66055636,603926,13562456,685192,310195,293731,10139459,0,334148,351044,98268,211927,1468700,2248028,4076029,0,107144,227004,102439,248605,1258265,64797371,322167,926371,9727,85160,237007,45670,39490,186216,50791,924820,1551,277390,647430,1551,0,18,9709,8,10,9709,0,20006563,44790808,4977482,15029081,16572799,28218009,n16548,false,0.9999979339448285,0.507795600245188,0,5757,false,502,6,0.9356485811893844,0.2708576842523307,null
14851574,66055636,603926,13562456,685192,310195,293731,10139459,0,334148,351044,98268,211927,1468700,2248028,4076029,0,107144,227004,102439,248605,1258265,64797371,322167,926371,9727,85160,237007,45670,39490,186216,50791,924820,1551,277390,647430,1551,0,18,9709,8,10,9709,0,20006563,44790808,4977482,15029081,16572799,28218009,n16549,false,0.30008162006685213,0.21547111240126943,0,7075,false,507,16,0.24933633867879268,0.9375599121172447,null
14851574,66055636,603926,13562456,685192,310195,293731,10139459,0,334148,351044,98268,211927,1468700,2248028,4076029,0,107144,227004,102439,248605,1258265,64797371,322167,926371,9727,85160,237007,45670,39490,186216,50791,924820,1551,277390,647430,1551,0,18,9709,8,10,9709,0,20006563,44790808,4977482,15029081,16572799,28218009,n27402,false,0.12190199398483946,0.2764044703240204,0,706,false,502,6,0.834386049791375,0.23783323499649567,null
14851574,66055636,603926,13562456,685192,310195,293731,10139459,0,334148,351044,98268,211927,1468700,2248028,4076029,0,107144,227004,102439,248605,1258265,64797371,322167,926371,9727,85160,237007,45670,39490,186216,50791,924820,1551,277390,647430,1551,0,18,9709,8,10,9709,0,20006563,44790808,4977482,15029081,16572799,28218009,n681,false,0.8234944133098402,0.9198902467285072,0,3060,false,503,7,0.7521502396470156,0.9332328633715696,null
14851574,66055636,603926,13562456,685192,310195,293731,10139459,0,334148,351044,98268,211927,1468700,2248028,4076029,0,107144,227004,102439,248605,1258265,64797371,322167,926371,9727,85160,237007,45670,39490,186216,50791,924820,1551,277390,647430,1551,0,18,9709,8,10,9709,0,20006563,44790808,4977482,15029081,16572799,28218009,n23302,false,0.14762205397532374,0.05462961817126044,0,1125,false,506,14,0.14390292076232325,0.5141679311840048,null
14851574,66055636,603926,13562456,685192,310195,293731,10139459,0,334148,351044,98268,211927,1468700,2248028,4076029,0,107144,227004,102439,248605,1258265,64797371,322167,926371,9727,85160,237007,45670,39490,186216,50791,924820,1551,277390,647430,1551,0,18,9709,8,10,9709,0,20006563,44790808,4977482,15029081,16572799,28218009,n677,false,0.9040966898914581,0.45415656123465886,0,2555,false,501,4,0.872517189954478,0.8325531787674401,null
14851574,66055636,603926,13562456,685192,310195,293731,10139459,0,334148,351044,98268,211927,1468700,2248028,4076029,0,107144,227004,102439,248605,1258265,64797371,322167,926371,9727,85160,237007,45670,39490,186216,50791,924820,1551,277390,647430,1551,0,18,9709,8,10,9709,0,20006563,44790808,4977482,15029081,16572799,28218009,n671,false,0.9999995741485302,0.811912383432859,0,13294,false,502,6,0.6747188531327034,0.7253512329824495,null
14851574,66055636,603926,13562456,685192,310195,293731,10139459,0,334148,351044,98268,211927,1468700,2248028,4076029,0,107144,227004,102439,248605,1258265,64797371,322167,926371,9727,85160,237007,45670,39490,186216,50791,924820,1551,277390,647430,1551,0,18,9709,8,10,9709,0,20006563,44790808,4977482,15029081,16572799,28218009,n16532,false,0.21462099961016773,0.6067704594235804,0,3173,false,504,10,0.9000520110558998,0.7674882798712994,null
14851574,66055636,603926,13562456,685192,310195,293731,10139459,0,334148,351044,98268,211927,1468700,2248028,4076029,0,107144,227004,102439,248605,1258265,64797371,322167,926371,9727,85160,237007,45670,39490,186216,50791,924820,1551,277390,647430,1551,0,18,9709,8,10,9709,0,20006563,44790808,4977482,15029081,16572799,28218009,n19687,false,0.23971858353047354,0.4856026658185221,0,2742,false,502,5,0.9590102472312406,0.8493467746118838,null
14851574,66055636,603926,13562456,685192,310195,293731,10139459,0,334148,351044,98268,211927,1468700,2248028,4076029,0,107144,227004,102439,248605,1258265,64797371,322167,926371,9727,85160,237007,45670,39490,186216,50791,924820,1551,277390,647430,1551,0,18,9709,8,10,9709,0,20006563,44790808,4977482,15029081,16572799,28218009,n19688,false,0.8276550892644944,0.2829490861599374,0,28999,false,500,0,0.7649950844089991,0.26932309959232204,null
14851574,66055636,603926,13562456,685192,310195,293731,10139459,0,334148,351044,98268,211927,1468700,2248028,4076029,0,107144,227004,102439,248605,1258265,64797371,322167,926371,9727,85160,237007,45670,39490,186216,50791,924820,1551,277390,647430,1551,0,18,9709,8,10,9709,0,20006563,44790808,4977482,15029081,16572799,28218009,n23312,false,0.9999992212661838,0.6154582924332515,0,3185,false,502,6,0.8053814860541677,0.8470929410360764,null
14851574,66055636,603926,13562456,685192,310195,293731,10139459,0,334148,351044,98268,211927,1468700,2248028,4076029,0,107144,227004,102439,248605,1258265,64797371,322167,926371,9727,85160,237007,45670,39490,186216,50791,924820,1551,277390,647430,1551,0,18,9709,8,10,9709,0,20006563,44790808,4977482,15029081,16572799,28218009,n9909,true,0.9901597843751347,0.8017039725456698,12,28999,false,0,0,0.7412201252809547,0.9571269263936357,null
14851574,66055636,603926,13562456,685192,310195,293731,10139459,0,334148,351044,98268,211927,1468700,2248028,4076029,0,107144,227004,102439,248605,1258265,64797371,322167,926371,9727,85160,237007,45670,39490,186216,50791,924820,1551,277390,647430,1551,0,18,9709,8,10,9709,0,20006563,44790808,4977482,15029081,16572799,28218009,n16568,true,0.7324356256431316,0.980349447017112,7,8943,false,502,7,0.673157182928293,0.21594808507096797,null
14851574,66055636,603926,13562456,685192,310195,293731,10139459,0,334148,351044,98268,211927,1468700,2248028,4076029,0,107144,227004,102439,248605,1258265,64797371,322167,926371,9727,85160,237007,45670,39490,186216,50791,924820,1551,277390,647430,1551,0,18,9709,8,10,9709,0,20006563,44790808,4977482,15029081,16572799,28218009,n696,false,0.12372046169915332,0.6747466587547307,0,13586,false,503,6,0.9899738526956877,0.7220766608261122,null
14851574,66055636,603926,13562456,685192,310195,293731,10139459,0,334148,351044,98268,211927,1468700,2248028,4076029,0,107144,227004,102439,248605,1258265,64797371,322167,926371,9727,85160,237007,45670,39490,186216,50791,924820,1551,277390,647430,1551,0,18,9709,8,10,9709,0,20006563,44790808,4977482,15029081,16572799,28218009,n695,false,0.9999998867445767,0.15292968563156006,0,1662,false,505,10,0.842460034958839,0.08389790420959231,null
14851574,66055636,603926,13562456,685192,310195,293731,10139459,0,334148,351044,98268,211927,1468700,2248028,4076029,0,107144,227004,102439,248605,1258265,64797371,322167,926371,9727,85160,237007,45670,39490,186216,50791,924820,1551,277390,647430,1551,0,18,9709,8,10,9709,0,20006563,44790808,4977482,15029081,16572799,28218009,n2631,false,0.1649842721819079,0.24742410452297486,0,1182,false,506,12,0.5453009696867479,0.05635113187857965,null
14851574,66055636,603926,13562456,685192,310195,293731,10139459,0,334148,351044,98268,211927,1468700,2248028,4076029,0,107144,227004,102439,248605,1258265,64797371,322167,926371,9727,85160,237007,45670,39490,186216,50791,924820,1551,277390,647430,1551,0,18,9709,8,10,9709,0,20006563,44790808,4977482,15029081,16572799,28218009,n699,false,0.9999977889665709,0.592193211817716,0,20143,false,502,5,0.6758817086439319,0.7886336694183789,null
14851574,66055636,603926,13562456,685192,310195,293731,10139459,0,334148,351044,98268,211927,1468700,2248028,4076029,0,107144,227004,102439,248605,1258265,64797371,322167,926371,9727,85160,237007,45670,39490,186216,50791,924820,1551,277390,647430,1551,0,18,9709,8,10,9709,0,20006563,44790808,4977482,15029081,16572799,28218009,n16553,true,0.4554715244454526,0.8763443231561239,7,21275,false,88,5,0.8933402113038752,0.8520227887341192,null
14851574,66055636,603926,13562456,685192,310195,293731,10139459,0,334148,351044,98268,211927,1468700,2248028,4076029,0,107144,227004,102439,248605,1258265,64797371,322167,926371,9727,85160,237007,45670,39490,186216,50791,924820,1551,277390,647430,1551,0,18,9709,8,10,9709,0,20006563,44790808,4977482,15029081,16572799,28218009,n16581,false,0.9999983394039852,0.4404137626329662,0,5846,false,503,6,0.5156269707973024,0.5963610900762844,null
14851574,66055636,603926,13562456,685192,310195,293731,10139459,0,334148,351044,98268,211927,1468700,2248028,4076029,0,107144,227004,102439,248605,1258265,64797371,322167,926371,9727,85160,237007,45670,39490,186216,50791,924820,1551,277390,647430,1551,0,18,9709,8,10,9709,0,20006563,44790808,4977482,15029081,16572799,28218009,n2606,false,0.19030457023357772,0.6955968451181564,0,28999,false,0,0,0.9114279124958115,0.8908674492951334,null
14851574,66055636,603926,13562456,685192,310195,293731,10139459,0,334148,351044,98268,211927,1468700,2248028,4076029,0,107144,227004,102439,248605,1258265,64797371,322167,926371,9727,85160,237007,45670,39490,186216,50791,924820,1551,277390,647430,1551,0,18,9709,8,10,9709,0,20006563,44790808,4977482,15029081,16572799,28218009,n2605,false,0.2337141515471646,0.26399279123851727,0,14696,false,502,5,0.3159173074269289,0.5277235883381353,null
14851574,66055636,603926,13562456,685192,310195,293731,10139459,0,334148,351044,98268,211927,1468700,2248028,4076029,0,107144,227004,102439,248605,1258265,64797371,322167,926371,9727,85160,237007,45670,39490,186216,50791,924820,1551,277390,647430,1551,0,18,9709,8,10,9709,0,20006563,44790808,4977482,15029081,16572799,28218009,n642,false,0.9999982397553574,0.7477682972009074,0,10897,false,502,5,0.6467102074540769,0.11762879686026284,null
14851574,66055636,603926,13562456,685192,310195,293731,10139459,0,334148,351044,98268,211927,1468700,2248028,4076029,0,107144,227004,102439,248605,1258265,64797371,322167,926371,9727,85160,237007,45670,39490,186216,50791,924820,1551,277390,647430,1551,0,18,9709,8,10,9709,0,20006563,44790808,4977482,15029081,16572799,28218009,n2602,false,0.6628323707116958,0.6497981172788556,0,1292,false,507,14,0.39159471201859786,0.4492119697841631,null
14851574,66055636,603926,13562456,685192,310195,293731,10139459,0,334148,351044,98268,211927,1468700,2248028,4076029,0,107144,227004,102439,248605,1258265,64797371,322167,926371,9727,85160,237007,45670,39490,186216,50791,924820,1551,277390,647430,1551,0,18,9709,8,10,9709,0,20006563,44790808,4977482,15029081,16572799,28218009,n2600,false,0.12695308070838518,0.7151251548616794,0,1910,false,506,13,0.9872437051622918,0.3275845665400587,null
14851574,66055636,603926,13562456,685192,310195,293731,10139459,0,334148,351044,98268,211927,1468700,2248028,4076029,0,107144,227004,102439,248605,1258265,64797371,322167,926371,9727,85160,237007,45670,39490,186216,50791,924820,1551,277390,647430,1551,0,18,9709,8,10,9709,0,20006563,44790808,4977482,15029081,16572799,28218009,n2601,false,0.9315124618250197,0.45996634770060907,0,6137,false,502,5,0.4973016120713841,0.4680563721327369,null
14851574,66055636,603926,13562456,685192,310195,293731,10139459,0,334148,351044,98268,211927,1468700,2248028,4076029,0,107144,227004,102439,248605,1258265,64797371,322167,926371,9727,85160,237007,45670,39490,186216,50791,924820,1551,277390,647430,1551,0,18,9709,8,10,9709,0,20006563,44790808,4977482,15029081,16572799,28218009,n645,false,0.592042708570053,0.46640929995939473,0,1932,false,507,14,0.7299877701742605,0.6327669597807938,null
14851574,66055636,603926,13562456,685192,310195,293731,10139459,0,334148,351044,98268,211927,1468700,2248028,4076029,0,107144,227004,102439,248605,1258265,64797371,322167,926371,9727,85160,237007,45670,39490,186216,50791,924820,1551,277390,647430,1551,0,18,9709,8,10,9709,0,20006563,44790808,4977482,15029081,16572799,28218009,n12304,false,0.9999969837627445,0.16672755614641377,0,4571,false,502,4,0.9756379953494233,0.3829331535891235,null
14851574,66055636,603926,13562456,685192,310195,293731,10139459,0,334148,351044,98268,211927,1468700,2248028,4076029,0,107144,227004,102439,248605,1258265,64797371,322167,926371,9727,85160,237007,45670,39490,186216,50791,924820,1551,277390,647430,1551,0,18,9709,8,10,9709,0,20006563,44790808,4977482,15029081,16572799,28218009,n16589,false,0.9347300282315204,0.8885631227365672,0,14905,false,501,3,0.5993774266790145,0.6472795113918975,null
14851574,66055636,603926,13562456,685192,310195,293731,10139459,0,334148,351044,98268,211927,1468700,2248028,4076029,0,107144,227004,102439,248605,1258265,64797371,322167,926371,9727,85160,237007,45670,39490,186216,50791,924820,1551,277390,647430,1551,0,18,9709,8,10,9709,0,20006563,44790808,4977482,15029081,16572799,28218009,n9974,false,0.49688249889047625,0.8802182142499415,0,2040,false,507,16,0.8468489952979953,0.7007735515982468,null
14851574,66055636,603926,13562456,685192,310195,293731,10139459,0,334148,351044,98268,211927,1468700,2248028,4076029,0,107144,227004,102439,248605,1258265,64797371,322167,926371,9727,85160,237007,45670,39490,186216,50791,924820,1551,277390,647430,1551,0,18,9709,8,10,9709,0,20006563,44790808,4977482,15029081,16572799,28218009,n9957,true,0.08021741285967857,0.5310243257323641,10,23051,false,500,2,0.7033995588209949,0.5617687252941448,null
14851574,66055636,603926,13562456,685192,310195,293731,10139459,0,334148,351044,98268,211927,1468700,2248028,4076029,0,107144,227004,102439,248605,1258265,64797371,322167,926371,9727,85160,237007,45670,39490,186216,50791,924820,1551,277390,647430,1551,0,18,9709,8,10,9709,0,20006563,44790808,4977482,15029081,16572799,28218009,n639,false,0.8978821892687,0.9856325337201746,0,9536,false,503,8,0.9176227714514897,0.4769069892683455,null
14851574,66055636,603926,13562456,685192,310195,293731,10139459,0,334148,351044,98268,211927,1468700,2248028,4076029,0,107144,227004,102439,248605,1258265,64797371,322167,926371,9727,85160,237007,45670,39490,186216,50791,924820,1551,277390,647430,1551,0,18,9709,8,10,9709,0,20006563,44790808,4977482,15029081,16572799,28218009,n637,false,0.10653127679511318,0.4674067033201934,0,26051,false,501,3,0.7309880831729716,0.3429580350358014,null
14851574,66055636,603926,13562456,685192,310195,293731,10139459,0,334148,351044,98268,211927,1468700,2248028,4076029,0,107144,227004,102439,248605,1258265,64797371,322167,926371,9727,85160,237007,45670,39490,186216,50791,924820,1551,277390,647430,1551,0,18,9709,8,10,9709,0,20006563,44790808,4977482,15029081,16572799,28218009,n2611,false,0.020653328746604555,0.8360166311025998,0,15215,false,506,13,0.6885971355715097,0.03620363202896859,null
14851574,66055636,603926,13562456,685192,310195,293731,10139459,0,334148,351044,98268,211927,1468700,2248028,4076029,0,107144,227004,102439,248605,1258265,64797371,322167,926371,9727,85160,237007,45670,39490,186216,50791,924820,1551,277390,647430,1551,0,18,9709,8,10,9709,0,20006563,44790808,4977482,15029081,16572799,28218009,n631,false,0.4052816317920131,0.9304011815122073,0,10488,false,502,6,0.5206026246393757,0.10572302694624025,null
14851574,66055636,603926,13562456,685192,310195,293731,10139459,0,334148,351044,98268,211927,1468700,2248028,4076029,0,107144,227004,102439,248605,1258265,64797371,322167,926371,9727,85160,237007,45670,39490,186216,50791,924820,1551,277390,647430,1551,0,18,9709,8,10,9709,0,20006563,44790808,4977482,15029081,16572799,28218009,n19647,false,0.8617447220951393,0.6218280287430729,0,5139,false,504,9,0.4451208649437527,0.32209128877084536,null
14851574,66055636,603926,13562456,685192,310195,293731,10139459,0,334148,351044,98268,211927,1468700,2248028,4076029,0,107144,227004,102439,248605,1258265,64797371,322167,926371,9727,85160,237007,45670,39490,186216,50791,924820,1551,277390,647430,1551,0,18,9709,8,10,9709,0,20006563,44790808,4977482,15029081,16572799,28218009,n19643,false,0.11821271473109939,0.1500191895143823,0,14156,false,502,7,0.8169307759979394,0.7476174709295383,null
14851574,66055636,603926,13562456,685192,310195,293731,10139459,0,334148,351044,98268,211927,1468700,2248028,4076029,0,107144,227004,102439,248605,1258265,64797371,322167,926371,9727,85160,237007,45670,39490,186216,50791,924820,1551,277390,647430,1551,0,18,9709,8,10,9709,0,20006563,44790808,4977482,15029081,16572799,28218009,n60276,true,0.9520171386320614,0.7649899468654959,5,28999,false,0,0,0.562656336377766,0.0018814387235152052,null
14851574,66055636,603926,13562456,685192,310195,293731,10139459,0,334148,351044,98268,211927,1468700,2248028,4076029,0,107144,227004,102439,248605,1258265,64797371,322167,926371,9727,85160,237007,45670,39490,186216,50791,924820,1551,277390,647430,1551,0,18,9709,8,10,9709,0,20006563,44790808,4977482,15029081,16572799,28218009,n668,true,0.03540658243295191,0.7035796257654274,17,3673,false,502,5,0.458012024912177,0.31047734097866625,null
14851574,66055636,603926,13562456,685192,310195,293731,10139459,0,334148,351044,98268,211927,1468700,2248028,4076029,0,107144,227004,102439,248605,1258265,64797371,322167,926371,9727,85160,237007,45670,39490,186216,50791,924820,1551,277390,647430,1551,0,18,9709,8,10,9709,0,20006563,44790808,4977482,15029081,16572799,28218009,n662,false,0.9126507314263878,0.2262522772770058,0,25186,false,503,6,0.28470217827036415,0.2651296766865697,null
14851574,66055636,603926,13562456,685192,310195,293731,10139459,0,334148,351044,98268,211927,1468700,2248028,4076029,0,107144,227004,102439,248605,1258265,64797371,322167,926371,9727,85160,237007,45670,39490,186216,50791,924820,1551,277390,647430,1551,0,18,9709,8,10,9709,0,20006563,44790808,4977482,15029081,16572799,28218009,n21455,false,0.24528636754743446,0.7070555567511175,0,2939,false,506,13,0.38315940955168526,0.8098987951195669,null
14851574,66055636,603926,13562456,685192,310195,293731,10139459,0,334148,351044,98268,211927,1468700,2248028,4076029,0,107144,227004,102439,248605,1258265,64797371,322167,926371,9727,85160,237007,45670,39490,186216,50791,924820,1551,277390,647430,1551,0,18,9709,8,10,9709,0,20006563,44790808,4977482,15029081,16572799,28218009,n9950,false,0.8235628176378851,0.03194165308817576,0,3462,false,504,8,0.4532511621518286,0.1462443458126509,null
14851574,66055636,603926,13562456,685192,310195,293731,10139459,0,334148,351044,98268,211927,1468700,2248028,4076029,0,107144,227004,102439,248605,1258265,64797371,322167,926371,9727,85160,237007,45670,39490,186216,50791,924820,1551,277390,647430,1551,0,18,9709,8,10,9709,0,20006563,44790808,4977482,15029081,16572799,28218009,n651,false,0.6396280489931222,0.954229072891533,0,19894,false,501,2,0.3542402595416634,0.43797776167417807,null
14851574,66055636,603926,13562456,685192,310195,293731,10139459,0,334148,351044,98268,211927,1468700,2248028,4076029,0,107144,227004,102439,248605,1258265,64797371,322167,926371,9727,85160,237007,45670,39490,186216,50791,924820,1551,277390,647430,1551,0,18,9709,8,10,9709,0,20006563,44790808,4977482,15029081,16572799,28218009,n656,true,0.15103830331892634,0.33796132298080345,13,6251,false,44,10,0.8110585449811787,0.06972148818050194,null
14851574,66055636,603926,13562456,685192,310195,293731,10139459,0,334148,351044,98268,211927,1468700,2248028,4076029,0,107144,227004,102439,248605,1258265,64797371,322167,926371,9727,85160,237007,45670,39490,186216,50791,924820,1551,277390,647430,1551,0,18,9709,8,10,9709,0,20006563,44790808,4977482,15029081,16572799,28218009,n12314,false,0.5410679007804422,0.8626989587589372,0,10200,false,502,5,0.9960711086446153,0.2680361281562009,null
14851574,66055636,603926,13562456,685192,310195,293731,10139459,0,334148,351044,98268,211927,1468700,2248028,4076029,0,107144,227004,102439,248605,1258265,64797371,322167,926371,9727,85160,237007,45670,39490,186216,50791,924820,1551,277390,647430,1551,0,18,9709,8,10,9709,0,20006563,44790808,4977482,15029081,16572799,28218009,n12535,true,0.5935396121221839,0.08855256270264467,11,16091,false,501,4,0.510851539933396,0.9095621353451198,null
14851574,66055636,603926,13562456,685192,310195,293731,10139459,0,334148,351044,98268,211927,1468700,2248028,4076029,0,107144,227004,102439,248605,1258265,64797371,322167,926371,9727,85160,237007,45670,39490,186216,50791,924820,1551,277390,647430,1551,0,18,9709,8,10,9709,0,20006563,44790808,4977482,15029081,16572799,28218009,n16599,true,0.016814799039028234,0.3876172725822864,14,15680,false,501,4,0.7294629136132322,0.24744216649746376,null
14851574,66055636,603926,13562456,685192,310195,293731,10139459,0,334148,351044,98268,211927,1468700,2248028,4076029,0,107144,227004,102439,248605,1258265,64797371,322167,926371,9727,85160,237007,45670,39490,186216,50791,924820,1551,277390,647430,1551,0,18,9709,8,10,9709,0,20006563,44790808,4977482,15029081,16572799,28218009,n1091,false,0.630862821587788,0.5471061917183435,0,7012,false,502,5,0.9055686514471712,0.552001821807164,null
14851574,66055636,603926,13562456,685192,310195,293731,10139459,0,334148,351044,98268,211927,1468700,2248028,4076029,0,107144,227004,102439,248605,1258265,64797371,322167,926371,9727,85160,237007,45670,39490,186216,50791,924820,1551,277390,647430,1551,0,18,9709,8,10,9709,0,20006563,44790808,4977482,15029081,16572799,28218009,n1090,false,0.08489876590710245,0.5989549449252769,0,13599,false,501,2,0.5017241059034712,0.906803876607525,null
14851574,66055636,603926,13562456,685192,310195,293731,10139459,0,334148,351044,98268,211927,1468700,2248028,4076029,0,107144,227004,102439,248605,1258265,64797371,322167,926371,9727,85160,237007,45670,39490,186216,50791,924820,1551,277390,647430,1551,0,18,9709,8,10,9709,0,20006563,44790808,4977482,15029081,16572799,28218009,n1093,false,0.8803473853704747,0.11466709476849846,0,5655,false,504,9,0.9231745173401195,0.8413625936706717,null
14851574,66055636,603926,13562456,685192,310195,293731,10139459,0,334148,351044,98268,211927,1468700,2248028,4076029,0,107144,227004,102439,248605,1258265,64797371,322167,926371,9727,85160,237007,45670,39490,186216,50791,924820,1551,277390,647430,1551,0,18,9709,8,10,9709,0,20006563,44790808,4977482,15029081,16572799,28218009,n12214,false,0.8307006995042977,0.21412282214163159,0,9775,false,503,7,0.6548421052469986,0.3930318085597778,null
14851574,66055636,603926,13562456,685192,310195,293731,10139459,0,334148,351044,98268,211927,1468700,2248028,4076029,0,107144,227004,102439,248605,1258265,64797371,322167,926371,9727,85160,237007,45670,39490,186216,50791,924820,1551,277390,647430,1551,0,18,9709,8,10,9709,0,20006563,44790808,4977482,15029081,16572799,28218009,n4398,false,0.1332936529551458,0.13125964199026108,0,6623,false,503,7,0.8410003594887946,0.5388376730588018,null
14851574,66055636,603926,13562456,685192,310195,293731,10139459,0,334148,351044,98268,211927,1468700,2248028,4076029,0,107144,227004,102439,248605,1258265,64797371,322167,926371,9727,85160,237007,45670,39490,186216,50791,924820,1551,277390,647430,1551,0,18,9709,8,10,9709,0,20006563,44790808,4977482,15029081,16572799,28218009,n23279,false,0.9999969640949699,0.18452001966660214,0,5542,false,506,14,0.8011087122172647,0.09395088761076442,null
14851574,66055636,603926,13562456,685192,310195,293731,10139459,0,334148,351044,98268,211927,1468700,2248028,4076029,0,107144,227004,102439,248605,1258265,64797371,322167,926371,9727,85160,237007,45670,39490,186216,50791,924820,1551,277390,647430,1551,0,18,9709,8,10,9709,0,20006563,44790808,4977482,15029081,16572799,28218009,n1098,true,0.3047099863826346,0.6599773209533681,5,7617,false,192,9,0.4154766233874151,0.6629838381558929,null
14851574,66055636,603926,13562456,685192,310195,293731,10139459,0,334148,351044,98268,211927,1468700,2248028,4076029,0,107144,227004,102439,248605,1258265,64797371,322167,926371,9727,85160,237007,45670,39490,186216,50791,924820,1551,277390,647430,1551,0,18,9709,8,10,9709,0,20006563,44790808,4977482,15029081,16572799,28218009,n12485,false,0.14376514924461256,0.31615252510686503,0,983,false,500,2,0.7840960114723464,0.12448298170042249,null
14851574,66055636,603926,13562456,685192,310195,293731,10139459,0,334148,351044,98268,211927,1468700,2248028,4076029,0,107144,227004,102439,248605,1258265,64797371,322167,926371,9727,85160,237007,45670,39490,186216,50791,924820,1551,277390,647430,1551,0,18,9709,8,10,9709,0,20006563,44790808,4977482,15029081,16572799,28218009,n1080,true,0.5743229971210699,0.35331780984612154,13,2096,false,14,2,0.4513085995317194,0.1821251083967581,null
14851574,66055636,603926,13562456,685192,310195,293731,10139459,0,334148,351044,98268,211927,1468700,2248028,4076029,0,107144,227004,102439,248605,1258265,64797371,322167,926371,9727,85160,237007,45670,39490,186216,50791,924820,1551,277390,647430,1551,0,18,9709,8,10,9709,0,20006563,44790808,4977482,15029081,16572799,28218009,n23266,true,0.9999984330848144,0.7646255576072268,15,4661,false,503,7,0.6242193316501228,0.9100554974604198,null
14851574,66055636,603926,13562456,685192,310195,293731,10139459,0,334148,351044,98268,211927,1468700,2248028,4076029,0,107144,227004,102439,248605,1258265,64797371,322167,926371,9727,85160,237007,45670,39490,186216,50791,924820,1551,277390,647430,1551,0,18,9709,8,10,9709,0,20006563,44790808,4977482,15029081,16572799,28218009,n1086,false,0.9999959115683773,0.47867809113987325,0,11583,false,502,5,0.8988487236742456,0.08677035698369673,null
14851574,66055636,603926,13562456,685192,310195,293731,10139459,0,334148,351044,98268,211927,1468700,2248028,4076029,0,107144,227004,102439,248605,1258265,64797371,322167,926371,9727,85160,237007,45670,39490,186216,50791,924820,1551,277390,647430,1551,0,18,9709,8,10,9709,0,20006563,44790808,4977482,15029081,16572799,28218009,n9983,false,0.44301810110314016,0.5194870951354728,0,12396,false,502,5,0.46476813440419795,0.11774435748499223,null
14851574,66055636,603926,13562456,685192,310195,293731,10139459,0,334148,351044,98268,211927,1468700,2248028,4076029,0,107144,227004,102439,248605,1258265,64797371,322167,926371,9727,85160,237007,45670,39490,186216,50791,924820,1551,277390,647430,1551,0,18,9709,8,10,9709,0,20006563,44790808,4977482,15029081,16572799,28218009,n9982,false,0.9999982743683483,0.7483260303822461,0,3622,false,501,4,0.800588501745275,0.21191408955572377,null
14851574,66055636,603926,13562456,685192,310195,293731,10139459,0,334148,351044,98268,211927,1468700,2248028,4076029,0,107144,227004,102439,248605,1258265,64797371,322167,926371,9727,85160,237007,45670,39490,186216,50791,924820,1551,277390,647430,1551,0,18,9709,8,10,9709,0,20006563,44790808,4977482,15029081,16572799,28218009,n1074,false,0.6094907068240328,0.16414303110121475,0,11473,false,502,5,0.4865277798077023,0.6321569948898227,null
14851574,66055636,603926,13562456,685192,310195,293731,10139459,0,334148,351044,98268,211927,1468700,2248028,4076029,0,107144,227004,102439,248605,1258265,64797371,322167,926371,9727,85160,237007,45670,39490,186216,50791,924820,1551,277390,647430,1551,0,18,9709,8,10,9709,0,20006563,44790808,4977482,15029081,16572799,28218009,n4374,false,0.9999977697464089,0.7233927223000352,0,9439,false,503,8,0.7959997345702364,0.9141855430166389,null
14851574,66055636,603926,13562456,685192,310195,293731,10139459,0,334148,351044,98268,211927,1468700,2248028,4076029,0,107144,227004,102439,248605,1258265,64797371,322167,926371,9727,85160,237007,45670,39490,186216,50791,924820,1551,277390,647430,1551,0,18,9709,8,10,9709,0,20006563,44790808,4977482,15029081,16572799,28218009,n12239,true,0.4351744559511627,0.7350999290716623,6,13281,false,500,3,0.630846158622586,0.5880978748661969,null
14851574,66055636,603926,13562456,685192,310195,293731,10139459,0,334148,351044,98268,211927,1468700,2248028,4076029,0,107144,227004,102439,248605,1258265,64797371,322167,926371,9727,85160,237007,45670,39490,186216,50791,924820,1551,277390,647430,1551,0,18,9709,8,10,9709,0,20006563,44790808,4977482,15029081,16572799,28218009,n1073,false,0.40871576671128423,0.9425802564349275,0,20643,false,500,1,0.6203341202860301,0.7825204047985285,null
14851574,66055636,603926,13562456,685192,310195,293731,10139459,0,334148,351044,98268,211927,1468700,2248028,4076029,0,107144,227004,102439,248605,1258265,64797371,322167,926371,9727,85160,237007,45670,39490,186216,50791,924820,1551,277390,647430,1551,0,18,9709,8,10,9709,0,20006563,44790808,4977482,15029081,16572799,28218009,n4369,false,0.6343241138993211,0.3919929698638236,0,11550,false,500,2,0.9915627082172618,0.3347126571520196,null
14851574,66055636,603926,13562456,685192,310195,293731,10139459,0,334148,351044,98268,211927,1468700,2248028,4076029,0,107144,227004,102439,248605,1258265,64797371,322167,926371,9727,85160,237007,45670,39490,186216,50791,924820,1551,277390,647430,1551,0,18,9709,8,10,9709,0,20006563,44790808,4977482,15029081,16572799,28218009,n2596,false,0.4730718825948261,0.4791342153022968,0,20865,false,500,1,0.31451291701822603,0.695802003515442,null
14851574,66055636,603926,13562456,685192,310195,293731,10139459,0,334148,351044,98268,211927,1468700,2248028,4076029,0,107144,227004,102439,248605,1258265,64797371,322167,926371,9727,85160,237007,45670,39490,186216,50791,924820,1551,277390,647430,1551,0,18,9709,8,10,9709,0,20006563,44790808,4977482,15029081,16572799,28218009,n9977,false,0.4482460152905947,0.16639422551976235,0,20278,false,502,4,0.7472495729192677,0.8352621993620892,null
14851574,66055636,603926,13562456,685192,310195,293731,10139459,0,334148,351044,98268,211927,1468700,2248028,4076029,0,107144,227004,102439,248605,1258265,64797371,322167,926371,9727,85160,237007,45670,39490,186216,50791,924820,1551,277390,647430,1551,0,18,9709,8,10,9709,0,20006563,44790808,4977482,15029081,16572799,28218009,n9979,true,0.9198769477230281,0.40785811568205815,14,28988,false,11,1,0.5590739297230529,0.4883956274289945,null
14851574,66055636,603926,13562456,685192,310195,293731,10139459,0,334148,351044,98268,211927,1468700,2248028,4076029,0,107144,227004,102439,248605,1258265,64797371,322167,926371,9727,85160,237007,45670,39490,186216,50791,924820,1551,277390,647430,1551,0,18,9709,8,10,9709,0,20006563,44790808,4977482,15029081,16572799,28218009,n9997,false,0.9999976533839751,0.08382411244405397,0,6144,false,506,14,0.8365953277081354,0.3376237264454581,null
14851574,66055636,603926,13562456,685192,310195,293731,10139459,0,334148,351044,98268,211927,1468700,2248028,4076029,0,107144,227004,102439,248605,1258265,64797371,322167,926371,9727,85160,237007,45670,39490,186216,50791,924820,1551,277390,647430,1551,0,18,9709,8,10,9709,0,20006563,44790808,4977482,15029081,16572799,28218009,n1066,false,0.7702385055558137,0.8440571674585512,0,28997,false,500,1,0.9331993909166432,0.13256260722343438,null
14851574,66055636,603926,13562456,685192,310195,293731,10139459,0,334148,351044,98268,211927,1468700,2248028,4076029,0,107144,227004,102439,248605,1258265,64797371,322167,926371,9727,85160,237007,45670,39490,186216,50791,924820,1551,277390,647430,1551,0,18,9709,8,10,9709,0,20006563,44790808,4977482,15029081,16572799,28218009,n23288,false,0.06220273965961056,0.034665836269118344,0,5375,false,501,3,0.7451400264049758,0.8786709515898738,null
14851574,66055636,603926,13562456,685192,310195,293731,10139459,0,334148,351044,98268,211927,1468700,2248028,4076029,0,107144,227004,102439,248605,1258265,64797371,322167,926371,9727,85160,237007,45670,39490,186216,50791,924820,1551,277390,647430,1551,0,18,9709,8,10,9709,0,20006563,44790808,4977482,15029081,16572799,28218009,n2593,false,0.9999995299390769,0.6461902719289696,0,5797,false,502,5,0.8634380586436461,0.8234300692795977,null
14851574,66055636,603926,13562456,685192,310195,293731,10139459,0,334148,351044,98268,211927,1468700,2248028,4076029,0,107144,227004,102439,248605,1258265,64797371,322167,926371,9727,85160,237007,45670,39490,186216,50791,924820,1551,277390,647430,1551,0,18,9709,8,10,9709,0,20006563,44790808,4977482,15029081,16572799,28218009,n1064,false,0.7798696398912781,0.5936134737482698,0,1053,false,505,11,0.5304364999350522,0.8419111167327592,null
14851574,66055636,603926,13562456,685192,310195,293731,10139459,0,334148,351044,98268,211927,1468700,2248028,4076029,0,107144,227004,102439,248605,1258265,64797371,322167,926371,9727,85160,237007,45670,39490,186216,50791,924820,1551,277390,647430,1551,0,18,9709,8,10,9709,0,20006563,44790808,4977482,15029081,16572799,28218009,n1062,false,0.9999970604405193,0.18292253241578327,0,8432,false,502,4,0.5599375780326264,0.7884900415793387,null
14851574,66055636,603926,13562456,685192,310195,293731,10139459,0,334148,351044,98268,211927,1468700,2248028,4076029,0,107144,227004,102439,248605,1258265,64797371,322167,926371,9727,85160,237007,45670,39490,186216,50791,924820,1551,277390,647430,1551,0,18,9709,8,10,9709,0,20006563,44790808,4977482,15029081,16572799,28218009,n4382,true,0.2984967261132577,0.5410876124216262,12,28999,false,0,0,0.7347524768500089,0.11299470805518641,null
14851574,66055636,603926,13562456,685192,310195,293731,10139459,0,334148,351044,98268,211927,1468700,2248028,4076029,0,107144,227004,102439,248605,1258265,64797371,322167,926371,9727,85160,237007,45670,39490,186216,50791,924820,1551,277390,647430,1551,0,18,9709,8,10,9709,0,20006563,44790808,4977482,15029081,16572799,28218009,n12242,true,0.09073698417309017,0.676478840265306,6,28999,false,0,0,0.7575852360726105,0.6521292569500543,null
14851574,66055636,603926,13562456,685192,310195,293731,10139459,0,334148,351044,98268,211927,1468700,2248028,4076029,0,107144,227004,102439,248605,1258265,64797371,322167,926371,9727,85160,237007,45670,39490,186216,50791,924820,1551,277390,647430,1551,0,18,9709,8,10,9709,0,20006563,44790808,4977482,15029081,16572799,28218009,n1058,false,0.6309210634660942,0.01223043427160897,0,12164,false,501,4,0.9165262188274553,0.13379869989119686,null
14851574,66055636,603926,13562456,685192,310195,293731,10139459,0,334148,351044,98268,211927,1468700,2248028,4076029,0,107144,227004,102439,248605,1258265,64797371,322167,926371,9727,85160,237007,45670,39490,186216,50791,924820,1551,277390,647430,1551,0,18,9709,8,10,9709,0,20006563,44790808,4977482,15029081,16572799,28218009,n2585,false,0.9999958186723009,0.8020447821993841,0,3112,false,506,13,0.7878613628165425,0.7428831501963469,null
14851574,66055636,603926,13562456,685192,310195,293731,10139459,0,334148,351044,98268,211927,1468700,2248028,4076029,0,107144,227004,102439,248605,1258265,64797371,322167,926371,9727,85160,237007,45670,39490,186216,50791,924820,1551,277390,647430,1551,0,18,9709,8,10,9709,0,20006563,44790808,4977482,15029081,16572799,28218009,n1059,false,0.5339197495639062,0.024504970208532817,0,13693,false,502,5,0.7184776625580895,0.007058390221210686,null
14851574,66055636,603926,13562456,685192,310195,293731,10139459,0,334148,351044,98268,211927,1468700,2248028,4076029,0,107144,227004,102439,248605,1258265,64797371,322167,926371,9727,85160,237007,45670,39490,186216,50791,924820,1551,277390,647430,1551,0,18,9709,8,10,9709,0,20006563,44790808,4977482,15029081,16572799,28218009,n2577,false,0.1741361640968796,0.42384505261807537,0,20135,false,504,9,0.5896318487145211,0.6316064036664562,null
14851574,66055636,603926,13562456,685192,310195,293731,10139459,0,334148,351044,98268,211927,1468700,2248028,4076029,0,107144,227004,102439,248605,1258265,64797371,322167,926371,9727,85160,237007,45670,39490,186216,50791,924820,1551,277390,647430,1551,0,18,9709,8,10,9709,0,20006563,44790808,4977482,15029081,16572799,28218009,n4345,false,0.9999984196196005,0.3378938595838001,0,3160,false,502,5,0.8123772082520979,0.03905178787341279,null
14851574,66055636,603926,13562456,685192,310195,293731,10139459,0,334148,351044,98268,211927,1468700,2248028,4076029,0,107144,227004,102439,248605,1258265,64797371,322167,926371,9727,85160,237007,45670,39490,186216,50791,924820,1551,277390,647430,1551,0,18,9709,8,10,9709,0,20006563,44790808,4977482,15029081,16572799,28218009,n2574,false,0.7449739292528209,0.8527904699080624,0,14921,false,502,6,0.41878111955579184,0.5560388198284246,null
14851574,66055636,603926,13562456,685192,310195,293731,10139459,0,334148,351044,98268,211927,1468700,2248028,4076029,0,107144,227004,102439,248605,1258265,64797371,322167,926371,9727,85160,237007,45670,39490,186216,50791,924820,1551,277390,647430,1551,0,18,9709,8,10,9709,0,20006563,44790808,4977482,15029081,16572799,28218009,n2575,false,0.2610500997580544,0.5313160413875369,0,827,false,501,4,0.3678184526072996,0.6177122830886416,null
14851574,66055636,603926,13562456,685192,310195,293731,10139459,0,334148,351044,98268,211927,1468700,2248028,4076029,0,107144,227004,102439,248605,1258265,64797371,322167,926371,9727,85160,237007,45670,39490,186216,50791,924820,1551,277390,647430,1551,0,18,9709,8,10,9709,0,20006563,44790808,4977482,15029081,16572799,28218009,n34038,true,0.8845812187672035,0.9948577705936608,9,28999,false,0,0,0.7190913523066044,0.9747815127837913,null
14851574,66055636,603926,13562456,685192,310195,293731,10139459,0,334148,351044,98268,211927,1468700,2248028,4076029,0,107144,227004,102439,248605,1258265,64797371,322167,926371,9727,85160,237007,45670,39490,186216,50791,924820,1551,277390,647430,1551,0,18,9709,8,10,9709,0,20006563,44790808,4977482,15029081,16572799,28218009,n2571,false,0.06330597912014001,0.33552193932680235,0,1385,false,502,8,0.9605582657164247,0.07304172816775312,null
14851574,66055636,603926,13562456,685192,310195,293731,10139459,0,334148,351044,98268,211927,1468700,2248028,4076029,0,107144,227004,102439,248605,1258265,64797371,322167,926371,9727,85160,237007,45670,39490,186216,50791,924820,1551,277390,647430,1551,0,18,9709,8,10,9709,0,20006563,44790808,4977482,15029081,16572799,28218009,n5411,true,0.528606548177543,0.8954023427150977,14,2979,false,502,5,0.5626610143027563,0.7226131431387943,null
14851574,66055636,603926,13562456,685192,310195,293731,10139459,0,334148,351044,98268,211927,1468700,2248028,4076029,0,107144,227004,102439,248605,1258265,64797371,322167,926371,9727,85160,237007,45670,39490,186216,50791,924820,1551,277390,647430,1551,0,18,9709,8,10,9709,0,20006563,44790808,4977482,15029081,16572799,28218009,n4366,false,0.9210423016264778,0.8700181127367406,0,5800,false,500,4,0.6913758221493622,0.15074833260073195,null
14851574,66055636,603926,13562456,685192,310195,293731,10139459,0,334148,351044,98268,211927,1468700,2248028,4076029,0,107144,227004,102439,248605,1258265,64797371,322167,926371,9727,85160,237007,45670,39490,186216,50791,924820,1551,277390,647430,1551,0,18,9709,8,10,9709,0,20006563,44790808,4977482,15029081,16572799,28218009,n5409,false,0.9999958154501118,0.5366400140887837,0,14600,false,500,2,0.9982312830744042,0.35774816939516263,null
14851574,66055636,603926,13562456,685192,310195,293731,10139459,0,334148,351044,98268,211927,1468700,2248028,4076029,0,107144,227004,102439,248605,1258265,64797371,322167,926371,9727,85160,237007,45670,39490,186216,50791,924820,1551,277390,647430,1551,0,18,9709,8,10,9709,0,20006563,44790808,4977482,15029081,16572799,28218009,n5404,false,0.56906039734751,0.9152052423422397,0,28265,false,500,2,0.8549599632989856,0.45352725721666326,null
14851574,66055636,603926,13562456,685192,310195,293731,10139459,0,334148,351044,98268,211927,1468700,2248028,4076029,0,107144,227004,102439,248605,1258265,64797371,322167,926371,9727,85160,237007,45670,39490,186216,50791,924820,1551,277390,647430,1551,0,18,9709,8,10,9709,0,20006563,44790808,4977482,15029081,16572799,28218009,n5403,false,0.30144336303469943,0.9725296908757417,0,2086,false,501,4,0.6975996523698141,0.1572434172777879,null
14851574,66055636,603926,13562456,685192,310195,293731,10139459,0,334148,351044,98268,211927,1468700,2248028,4076029,0,107144,227004,102439,248605,1258265,64797371,322167,926371,9727,85160,237007,45670,39490,186216,50791,924820,1551,277390,647430,1551,0,18,9709,8,10,9709,0,20006563,44790808,4977482,15029081,16572799,28218009,n12260,false,0.8698943659788283,0.07699262656025407,0,14061,false,500,2,0.6321420501168535,0.6969218151198723,null
14851574,66055636,603926,13562456,685192,310195,293731,10139459,0,334148,351044,98268,211927,1468700,2248028,4076029,0,107144,227004,102439,248605,1258265,64797371,322167,926371,9727,85160,237007,45670,39490,186216,50791,924820,1551,277390,647430,1551,0,18,9709,8,10,9709,0,20006563,44790808,4977482,15029081,16572799,28218009,n5401,false,0.08219488009727266,0.29674966499988376,0,683,false,502,4,0.4239595029901956,0.8782191183092672,null
14851574,66055636,603926,13562456,685192,310195,293731,10139459,0,334148,351044,98268,211927,1468700,2248028,4076029,0,107144,227004,102439,248605,1258265,64797371,322167,926371,9727,85160,237007,45670,39490,186216,50791,924820,1551,277390,647430,1551,0,18,9709,8,10,9709,0,20006563,44790808,4977482,15029081,16572799,28218009,n2567,false,0.45514735817849855,0.15431621528796613,0,6042,false,503,6,0.8167490981553426,0.6379189265352063,null
14851574,66055636,603926,13562456,685192,310195,293731,10139459,0,334148,351044,98268,211927,1468700,2248028,4076029,0,107144,227004,102439,248605,1258265,64797371,322167,926371,9727,85160,237007,45670,39490,186216,50791,924820,1551,277390,647430,1551,0,18,9709,8,10,9709,0,20006563,44790808,4977482,15029081,16572799,28218009,n2568,false,0.9999995174554611,0.5702445047203504,0,17184,false,501,3,0.7204985188065643,0.9948384325667836,null
14851574,66055636,603926,13562456,685192,310195,293731,10139459,0,334148,351044,98268,211927,1468700,2248028,4076029,0,107144,227004,102439,248605,1258265,64797371,322167,926371,9727,85160,237007,45670,39490,186216,50791,924820,1551,277390,647430,1551,0,18,9709,8,10,9709,0,20006563,44790808,4977482,15029081,16572799,28218009,n2562,false,0.3597767047561216,0.046344322118262005,0,336,false,502,6,0.05107257610931781,0.9227792322383888,null
14851574,66055636,603926,13562456,685192,310195,293731,10139459,0,334148,351044,98268,211927,1468700,2248028,4076029,0,107144,227004,102439,248605,1258265,64797371,322167,926371,9727,85160,237007,45670,39490,186216,50791,924820,1551,277390,647430,1551,0,18,9709,8,10,9709,0,20006563,44790808,4977482,15029081,16572799,28218009,n24820,false,0.4707999222012592,0.8687414323544744,0,14215,false,502,4,0.7349401977651949,0.9088343949207107,null
14851574,66055636,603926,13562456,685192,310195,293731,10139459,0,334148,351044,98268,211927,1468700,2248028,4076029,0,107144,227004,102439,248605,1258265,64797371,322167,926371,9727,85160,237007,45670,39490,186216,50791,924820,1551,277390,647430,1551,0,18,9709,8,10,9709,0,20006563,44790808,4977482,15029081,16572799,28218009,n24827,false,0.2277282744762425,0.2219614147089075,0,3630,false,502,6,0.18472400298340697,0.03283260166791335,null
14851574,66055636,603926,13562456,685192,310195,293731,10139459,0,334148,351044,98268,211927,1468700,2248028,4076029,0,107144,227004,102439,248605,1258265,64797371,322167,926371,9727,85160,237007,45670,39490,186216,50791,924820,1551,277390,647430,1551,0,18,9709,8,10,9709,0,20006563,44790808,4977482,15029081,16572799,28218009,n2559,false,0.7929100810885954,0.5503884859269841,0,10735,false,503,8,0.6313914422132221,0.5145249321321566,null
14851574,66055636,603926,13562456,685192,310195,293731,10139459,0,334148,351044,98268,211927,1468700,2248028,4076029,0,107144,227004,102439,248605,1258265,64797371,322167,926371,9727,85160,237007,45670,39490,186216,50791,924820,1551,277390,647430,1551,0,18,9709,8,10,9709,0,20006563,44790808,4977482,15029081,16572799,28218009,n2556,false,0.42021932045438026,0.16711915187821158,0,26931,false,501,2,0.5744916558715971,0.12590163063382542,null
14851574,66055636,603926,13562456,685192,310195,293731,10139459,0,334148,351044,98268,211927,1468700,2248028,4076029,0,107144,227004,102439,248605,1258265,64797371,322167,926371,9727,85160,237007,45670,39490,186216,50791,924820,1551,277390,647430,1551,0,18,9709,8,10,9709,0,20006563,44790808,4977482,15029081,16572799,28218009,n2555,false,0.021335255560079182,0.46787451553751225,0,1945,false,505,10,0.7069829684585894,0.33038567524501855,null
14851574,66055636,603926,13562456,685192,310195,293731,10139459,0,334148,351044,98268,211927,1468700,2248028,4076029,0,107144,227004,102439,248605,1258265,64797371,322167,926371,9727,85160,237007,45670,39490,186216,50791,924820,1551,277390,647430,1551,0,18,9709,8,10,9709,0,20006563,44790808,4977482,15029081,16572799,28218009,n23245,true,0.6812609667505583,0.5005048550915403,6,8948,false,501,3,0.31133055115517627,0.8988059436038044,null
14851574,66055636,603926,13562456,685192,310195,293731,10139459,0,334148,351044,98268,211927,1468700,2248028,4076029,0,107144,227004,102439,248605,1258265,64797371,322167,926371,9727,85160,237007,45670,39490,186216,50791,924820,1551,277390,647430,1551,0,18,9709,8,10,9709,0,20006563,44790808,4977482,15029081,16572799,28218009,n12289,false,0.6685258723644534,0.5266742280514313,0,1758,false,504,8,0.3359194176031395,0.03713878025169637,null
14851574,66055636,603926,13562456,685192,310195,293731,10139459,0,334148,351044,98268,211927,1468700,2248028,4076029,0,107144,227004,102439,248605,1258265,64797371,322167,926371,9727,85160,237007,45670,39490,186216,50791,924820,1551,277390,647430,1551,0,18,9709,8,10,9709,0,20006563,44790808,4977482,15029081,16572799,28218009,n4339,false,0.18499291314356767,0.42514972472797374,0,7247,false,503,9,0.6962335332569811,0.8540527918669367,null
14851574,66055636,603926,13562456,685192,310195,293731,10139459,0,334148,351044,98268,211927,1468700,2248028,4076029,0,107144,227004,102439,248605,1258265,64797371,322167,926371,9727,85160,237007,45670,39490,186216,50791,924820,1551,277390,647430,1551,0,18,9709,8,10,9709,0,20006563,44790808,4977482,15029081,16572799,28218009,n2548,false,0.5873514259248507,0.6486253430796065,0,5294,false,502,4,0.7689729869471787,0.7096700583995741,null
14851574,66055636,603926,13562456,685192,310195,293731,10139459,0,334148,351044,98268,211927,1468700,2248028,4076029,0,107144,227004,102439,248605,1258265,64797371,322167,926371,9727,85160,237007,45670,39490,186216,50791,924820,1551,277390,647430,1551,0,18,9709,8,10,9709,0,20006563,44790808,4977482,15029081,16572799,28218009,n5436,false,0.5550613555626094,0.762444461424225,0,13143,false,501,3,0.6117778662906934,0.17727552176182648,null
14851574,66055636,603926,13562456,685192,310195,293731,10139459,0,334148,351044,98268,211927,1468700,2248028,4076029,0,107144,227004,102439,248605,1258265,64797371,322167,926371,9727,85160,237007,45670,39490,186216,50791,924820,1551,277390,647430,1551,0,18,9709,8,10,9709,0,20006563,44790808,4977482,15029081,16572799,28218009,n5437,false,0.5079755288178148,0.7229292204893842,0,28995,false,500,1,0.7398310505450214,0.521493752222693,null
14851574,66055636,603926,13562456,685192,310195,293731,10139459,0,334148,351044,98268,211927,1468700,2248028,4076029,0,107144,227004,102439,248605,1258265,64797371,322167,926371,9727,85160,237007,45670,39490,186216,50791,924820,1551,277390,647430,1551,0,18,9709,8,10,9709,0,20006563,44790808,4977482,15029081,16572799,28218009,n1001,false,0.8548919698300701,0.11583514388729188,0,1212,false,502,4,0.8576097172486545,0.2421703624918653,null
14851574,66055636,603926,13562456,685192,310195,293731,10139459,0,334148,351044,98268,211927,1468700,2248028,4076029,0,107144,227004,102439,248605,1258265,64797371,322167,926371,9727,85160,237007,45670,39490,186216,50791,924820,1551,277390,647430,1551,0,18,9709,8,10,9709,0,20006563,44790808,4977482,15029081,16572799,28218009,n5434,false,0.9485436594625974,0.26918960778104384,0,634,false,502,4,0.6771195348470075,0.7182455233463468,null
14851574,66055636,603926,13562456,685192,310195,293731,10139459,0,334148,351044,98268,211927,1468700,2248028,4076029,0,107144,227004,102439,248605,1258265,64797371,322167,926371,9727,85160,237007,45670,39490,186216,50791,924820,1551,277390,647430,1551,0,18,9709,8,10,9709,0,20006563,44790808,4977482,15029081,16572799,28218009,n12294,false,0.9937534508813861,0.8984952630533084,0,18817,false,500,2,0.43653626984336286,0.01728827690169188,null
14851574,66055636,603926,13562456,685192,310195,293731,10139459,0,334148,351044,98268,211927,1468700,2248028,4076029,0,107144,227004,102439,248605,1258265,64797371,322167,926371,9727,85160,237007,45670,39490,186216,50791,924820,1551,277390,647430,1551,0,18,9709,8,10,9709,0,20006563,44790808,4977482,15029081,16572799,28218009,n57677,false,0.16992107307558763,0.11783375427307441,0,7052,false,501,3,0.8576030852082589,0.7357172096038053,null
14851574,66055636,603926,13562456,685192,310195,293731,10139459,0,334148,351044,98268,211927,1468700,2248028,4076029,0,107144,227004,102439,248605,1258265,64797371,322167,926371,9727,85160,237007,45670,39490,186216,50791,924820,1551,277390,647430,1551,0,18,9709,8,10,9709,0,20006563,44790808,4977482,15029081,16572799,28218009,n5443,false,0.10616718913240156,0.9143014701579228,0,1496,false,500,13,0.15422922661263283,0.3589359989478324,null
14851574,66055636,603926,13562456,685192,310195,293731,10139459,0,334148,351044,98268,211927,1468700,2248028,4076029,0,107144,227004,102439,248605,1258265,64797371,322167,926371,9727,85160,237007,45670,39490,186216,50791,924820,1551,277390,647430,1551,0,18,9709,8,10,9709,0,20006563,44790808,4977482,15029081,16572799,28218009,n4318,false,0.35049476121253187,0.22009281656048207,0,10347,false,503,8,0.7768447702777443,0.2736347078007233,null
14851574,66055636,603926,13562456,685192,310195,293731,10139459,0,334148,351044,98268,211927,1468700,2248028,4076029,0,107144,227004,102439,248605,1258265,64797371,322167,926371,9727,85160,237007,45670,39490,186216,50791,924820,1551,277390,647430,1551,0,18,9709,8,10,9709,0,20006563,44790808,4977482,15029081,16572799,28218009,n1000,false,0.2784512968299574,0.5993423616637611,0,2556,false,503,6,0.24539859948401843,0.45825941080474103,null
14851574,66055636,603926,13562456,685192,310195,293731,10139459,0,334148,351044,98268,211927,1468700,2248028,4076029,0,107144,227004,102439,248605,1258265,64797371,322167,926371,9727,85160,237007,45670,39490,186216,50791,924820,1551,277390,647430,1551,0,18,9709,8,10,9709,0,20006563,44790808,4977482,15029081,16572799,28218009,n24831,false,0.321310761372121,0.7855477577536523,0,12245,false,500,5,0.7130387738516165,0.8498904478443352,null
14851574,66055636,603926,13562456,685192,310195,293731,10139459,0,334148,351044,98268,211927,1468700,2248028,4076029,0,107144,227004,102439,248605,1258265,64797371,322167,926371,9727,85160,237007,45670,39490,186216,50791,924820,1551,277390,647430,1551,0,18,9709,8,10,9709,0,20006563,44790808,4977482,15029081,16572799,28218009,n5421,true,0.7817680889603822,0.9045796697919326,9,14852,false,500,1,0.7842643489774366,0.4729636028965977,null
14851574,66055636,603926,13562456,685192,310195,293731,10139459,0,334148,351044,98268,211927,1468700,2248028,4076029,0,107144,227004,102439,248605,1258265,64797371,322167,926371,9727,85160,237007,45670,39490,186216,50791,924820,1551,277390,647430,1551,0,18,9709,8,10,9709,0,20006563,44790808,4977482,15029081,16572799,28218009,n5424,false,0.644510242582305,0.21606303261798843,0,2109,false,503,6,0.7092112748651866,0.7032574446140065,null
14851574,66055636,603926,13562456,685192,310195,293731,10139459,0,334148,351044,98268,211927,1468700,2248028,4076029,0,107144,227004,102439,248605,1258265,64797371,322167,926371,9727,85160,237007,45670,39490,186216,50791,924820,1551,277390,647430,1551,0,18,9709,8,10,9709,0,20006563,44790808,4977482,15029081,16572799,28218009,n15043,true,0.745030553376889,0.431834674163003,20,8154,false,0,1,0.6871676205503355,0.7177297782734368,null
14851574,66055636,603926,13562456,685192,310195,293731,10139459,0,334148,351044,98268,211927,1468700,2248028,4076029,0,107144,227004,102439,248605,1258265,64797371,322167,926371,9727,85160,237007,45670,39490,186216,50791,924820,1551,277390,647430,1551,0,18,9709,8,10,9709,0,20006563,44790808,4977482,15029081,16572799,28218009,n5479,true,0.5686661787153324,0.47803435335839883,11,28999,false,0,0,0.45469844685974226,0.2028271525664671,null
14851574,66055636,603926,13562456,685192,310195,293731,10139459,0,334148,351044,98268,211927,1468700,2248028,4076029,0,107144,227004,102439,248605,1258265,64797371,322167,926371,9727,85160,237007,45670,39490,186216,50791,924820,1551,277390,647430,1551,0,18,9709,8,10,9709,0,20006563,44790808,4977482,15029081,16572799,28218009,n1050,false,0.9999986249169013,0.9640356377126172,0,5941,false,500,2,0.7507333921718713,0.3338789649105031,null
14851574,66055636,603926,13562456,685192,310195,293731,10139459,0,334148,351044,98268,211927,1468700,2248028,4076029,0,107144,227004,102439,248605,1258265,64797371,322167,926371,9727,85160,237007,45670,39490,186216,50791,924820,1551,277390,647430,1551,0,18,9709,8,10,9709,0,20006563,44790808,4977482,15029081,16572799,28218009,n5482,false,6.14210980845365E-4,0.03405279486742818,0,4889,false,503,6,0.5965356058684408,0.27983975509017,null
14851574,66055636,603926,13562456,685192,310195,293731,10139459,0,334148,351044,98268,211927,1468700,2248028,4076029,0,107144,227004,102439,248605,1258265,64797371,322167,926371,9727,85160,237007,45670,39490,186216,50791,924820,1551,277390,647430,1551,0,18,9709,8,10,9709,0,20006563,44790808,4977482,15029081,16572799,28218009,n1054,true,0.17643040607345306,0.6782442987333676,6,28999,false,0,0,0.5299453536457325,0.9339868785316625,null
14851574,66055636,603926,13562456,685192,310195,293731,10139459,0,334148,351044,98268,211927,1468700,2248028,4076029,0,107144,227004,102439,248605,1258265,64797371,322167,926371,9727,85160,237007,45670,39490,186216,50791,924820,1551,277390,647430,1551,0,18,9709,8,10,9709,0,20006563,44790808,4977482,15029081,16572799,28218009,n5486,true,0.8900658851713658,0.556572135780207,12,774,false,502,8,0.6939271642015269,0.5326375843462963,null
14851574,66055636,603926,13562456,685192,310195,293731,10139459,0,334148,351044,98268,211927,1468700,2248028,4076029,0,107144,227004,102439,248605,1258265,64797371,322167,926371,9727,85160,237007,45670,39490,186216,50791,924820,1551,277390,647430,1551,0,18,9709,8,10,9709,0,20006563,44790808,4977482,15029081,16572799,28218009,n15057,false,0.3337169832544992,0.37374199246544143,0,750,false,504,8,0.22999966226072754,0.04482960238315625,null
14851574,66055636,603926,13562456,685192,310195,293731,10139459,0,334148,351044,98268,211927,1468700,2248028,4076029,0,107144,227004,102439,248605,1258265,64797371,322167,926371,9727,85160,237007,45670,39490,186216,50791,924820,1551,277390,647430,1551,0,18,9709,8,10,9709,0,20006563,44790808,4977482,15029081,16572799,28218009,n1034,false,0.9775349693830406,0.27623878297800425,0,6494,false,501,4,0.9682599264359543,0.1802592854161682,null
14851574,66055636,603926,13562456,685192,310195,293731,10139459,0,334148,351044,98268,211927,1468700,2248028,4076029,0,107144,227004,102439,248605,1258265,64797371,322167,926371,9727,85160,237007,45670,39490,186216,50791,924820,1551,277390,647430,1551,0,18,9709,8,10,9709,0,20006563,44790808,4977482,15029081,16572799,28218009,n5489,true,0.6215995583585203,0.3986637760628882,13,28999,false,0,0,0.42547698304751824,0.31875310296642223,null
14851574,66055636,603926,13562456,685192,310195,293731,10139459,0,334148,351044,98268,211927,1468700,2248028,4076029,0,107144,227004,102439,248605,1258265,64797371,322167,926371,9727,85160,237007,45670,39490,186216,50791,924820,1551,277390,647430,1551,0,18,9709,8,10,9709,0,20006563,44790808,4977482,15029081,16572799,28218009,n5494,false,0.6525018789041237,0.9238152974715914,0,831,false,501,4,0.9684626704461764,0.778237455108934,null
14851574,66055636,603926,13562456,685192,310195,293731,10139459,0,334148,351044,98268,211927,1468700,2248028,4076029,0,107144,227004,102439,248605,1258265,64797371,322167,926371,9727,85160,237007,45670,39490,186216,50791,924820,1551,277390,647430,1551,0,18,9709,8,10,9709,0,20006563,44790808,4977482,15029081,16572799,28218009,n1042,false,0.844989988486584,0.7881263852169698,0,10144,false,501,2,0.9958935539605691,0.8502363099650561,null
14851574,66055636,603926,13562456,685192,310195,293731,10139459,0,334148,351044,98268,211927,1468700,2248028,4076029,0,107144,227004,102439,248605,1258265,64797371,322167,926371,9727,85160,237007,45670,39490,186216,50791,924820,1551,277390,647430,1551,0,18,9709,8,10,9709,0,20006563,44790808,4977482,15029081,16572799,28218009,n1044,false,0.5626156929213165,0.8390924812755349,0,388,false,503,6,0.5464101629999738,0.2885822565434798,null
14851574,66055636,603926,13562456,685192,310195,293731,10139459,0,334148,351044,98268,211927,1468700,2248028,4076029,0,107144,227004,102439,248605,1258265,64797371,322167,926371,9727,85160,237007,45670,39490,186216,50791,924820,1551,277390,647430,1551,0,18,9709,8,10,9709,0,20006563,44790808,4977482,15029081,16572799,28218009,n5490,false,0.7939088909595287,0.2331839981839821,0,3890,false,503,6,0.9621307985469768,0.23842708440856475,null
14851574,66055636,603926,13562456,685192,310195,293731,10139459,0,334148,351044,98268,211927,1468700,2248028,4076029,0,107144,227004,102439,248605,1258265,64797371,322167,926371,9727,85160,237007,45670,39490,186216,50791,924820,1551,277390,647430,1551,0,18,9709,8,10,9709,0,20006563,44790808,4977482,15029081,16572799,28218009,n15069,true,0.7655517513089312,0.9028193793385508,9,5660,false,502,6,0.83269208701113,0.25551444703798,null
14851574,66055636,603926,13562456,685192,310195,293731,10139459,0,334148,351044,98268,211927,1468700,2248028,4076029,0,107144,227004,102439,248605,1258265,64797371,322167,926371,9727,85160,237007,45670,39490,186216,50791,924820,1551,277390,647430,1551,0,18,9709,8,10,9709,0,20006563,44790808,4977482,15029081,16572799,28218009,n15068,false,0.6345971120036681,0.5929262761053236,0,1165,false,501,3,0.7185803500781187,0.6864490386960969,null
14851574,66055636,603926,13562456,685192,310195,293731,10139459,0,334148,351044,98268,211927,1468700,2248028,4076029,0,107144,227004,102439,248605,1258265,64797371,322167,926371,9727,85160,237007,45670,39490,186216,50791,924820,1551,277390,647430,1551,0,18,9709,8,10,9709,0,20006563,44790808,4977482,15029081,16572799,28218009,n1029,false,0.4829399079622623,0.38066156107548166,0,812,false,505,11,0.15903951696593377,0.5840613852144376,null
14851574,66055636,603926,13562456,685192,310195,293731,10139459,0,334148,351044,98268,211927,1468700,2248028,4076029,0,107144,227004,102439,248605,1258265,64797371,322167,926371,9727,85160,237007,45670,39490,186216,50791,924820,1551,277390,647430,1551,0,18,9709,8,10,9709,0,20006563,44790808,4977482,15029081,16572799,28218009,n1026,false,0.13172584019260739,0.7295643462878737,0,18487,false,501,3,0.437067914362561,0.6707782502614109,null
14851574,66055636,603926,13562456,685192,310195,293731,10139459,0,334148,351044,98268,211927,1468700,2248028,4076029,0,107144,227004,102439,248605,1258265,64797371,322167,926371,9727,85160,237007,45670,39490,186216,50791,924820,1551,277390,647430,1551,0,18,9709,8,10,9709,0,20006563,44790808,4977482,15029081,16572799,28218009,n5457,false,0.10827972782672028,0.9975855892284882,0,16,false,505,10,0.4364940979507225,0.8752556189769538,null
14851574,66055636,603926,13562456,685192,310195,293731,10139459,0,334148,351044,98268,211927,1468700,2248028,4076029,0,107144,227004,102439,248605,1258265,64797371,322167,926371,9727,85160,237007,45670,39490,186216,50791,924820,1551,277390,647430,1551,0,18,9709,8,10,9709,0,20006563,44790808,4977482,15029081,16572799,28218009,n1024,false,0.999998472298775,0.8001856411553642,0,331,false,504,10,0.3793918844258075,0.6205263554890634,null
14851574,66055636,603926,13562456,685192,310195,293731,10139459,0,334148,351044,98268,211927,1468700,2248028,4076029,0,107144,227004,102439,248605,1258265,64797371,322167,926371,9727,85160,237007,45670,39490,186216,50791,924820,1551,277390,647430,1551,0,18,9709,8,10,9709,0,20006563,44790808,4977482,15029081,16572799,28218009,n1023,false,0.7278549639895275,0.8781955073932735,0,18718,false,504,8,0.4466567369911333,0.5048237706942953,null
14851574,66055636,603926,13562456,685192,310195,293731,10139459,0,334148,351044,98268,211927,1468700,2248028,4076029,0,107144,227004,102439,248605,1258265,64797371,322167,926371,9727,85160,237007,45670,39490,186216,50791,924820,1551,277390,647430,1551,0,18,9709,8,10,9709,0,20006563,44790808,4977482,15029081,16572799,28218009,n1033,false,0.9999977196450793,0.138662645157952,0,10871,false,505,10,0.9174576890462462,0.7333969822172088,null
14851574,66055636,603926,13562456,685192,310195,293731,10139459,0,334148,351044,98268,211927,1468700,2248028,4076029,0,107144,227004,102439,248605,1258265,64797371,322167,926371,9727,85160,237007,45670,39490,186216,50791,924820,1551,277390,647430,1551,0,18,9709,8,10,9709,0,20006563,44790808,4977482,15029081,16572799,28218009,n1013,false,0.8345731766737373,0.9110457337804112,0,953,false,504,9,0.20618421813125054,0.31284614017988954,null
14851574,66055636,603926,13562456,685192,310195,293731,10139459,0,334148,351044,98268,211927,1468700,2248028,4076029,0,107144,227004,102439,248605,1258265,64797371,322167,926371,9727,85160,237007,45670,39490,186216,50791,924820,1551,277390,647430,1551,0,18,9709,8,10,9709,0,20006563,44790808,4977482,15029081,16572799,28218009,n1012,false,0.9999976377040675,0.37607229748288373,0,704,false,504,10,0.7173920031211337,0.3977743487023434,null
14851574,66055636,603926,13562456,685192,310195,293731,10139459,0,334148,351044,98268,211927,1468700,2248028,4076029,0,107144,227004,102439,248605,1258265,64797371,322167,926371,9727,85160,237007,45670,39490,186216,50791,924820,1551,277390,647430,1551,0,18,9709,8,10,9709,0,20006563,44790808,4977482,15029081,16572799,28218009,n24897,true,0.8664338764014194,0.07466216438563944,11,1636,false,500,3,0.7701820426335377,0.07897792423487482,null
14851574,66055636,603926,13562456,685192,310195,293731,10139459,0,334148,351044,98268,211927,1468700,2248028,4076029,0,107144,227004,102439,248605,1258265,64797371,322167,926371,9727,85160,237007,45670,39490,186216,50791,924820,1551,277390,647430,1551,0,18,9709,8,10,9709,0,20006563,44790808,4977482,15029081,16572799,28218009,n1022,true,0.4370287817412697,0.49825063236399725,12,1824,false,500,3,0.13917485160447873,0.8547536078676561,null
14851574,66055636,603926,13562456,685192,310195,293731,10139459,0,334148,351044,98268,211927,1468700,2248028,4076029,0,107144,227004,102439,248605,1258265,64797371,322167,926371,9727,85160,237007,45670,39490,186216,50791,924820,1551,277390,647430,1551,0,18,9709,8,10,9709,0,20006563,44790808,4977482,15029081,16572799,28218009,n29509,true,0.999987549452913,0.41419059021652704,10,20263,false,500,2,0.7807398830000047,0.6731239456227891,null
14851574,66055636,603926,13562456,685192,310195,293731,10139459,0,334148,351044,98268,211927,1468700,2248028,4076029,0,107144,227004,102439,248605,1258265,64797371,322167,926371,9727,85160,237007,45670,39490,186216,50791,924820,1551,277390,647430,1551,0,18,9709,8,10,9709,0,20006563,44790808,4977482,15029081,16572799,28218009,n5370,false,0.6430962127911609,0.01644459211697169,0,28999,false,0,0,0.7184533979660825,0.04395593387030816,null
14851574,66055636,603926,13562456,685192,310195,293731,10139459,0,334148,351044,98268,211927,1468700,2248028,4076029,0,107144,227004,102439,248605,1258265,64797371,322167,926371,9727,85160,237007,45670,39490,186216,50791,924820,1551,277390,647430,1551,0,18,9709,8,10,9709,0,20006563,44790808,4977482,15029081,16572799,28218009,n5374,false,0.7463074611402583,0.5274429859131963,0,495,false,506,15,0.747057151524278,0.3543433604805344,null
14851574,66055636,603926,13562456,685192,310195,293731,10139459,0,334148,351044,98268,211927,1468700,2248028,4076029,0,107144,227004,102439,248605,1258265,64797371,322167,926371,9727,85160,237007,45670,39490,186216,50791,924820,1551,277390,647430,1551,0,18,9709,8,10,9709,0,20006563,44790808,4977482,15029081,16572799,28218009,n3284,false,0.08620362117681321,0.10374487999260407,0,28997,false,500,1,0.44420839631738723,0.2611719459959235,null
14851574,66055636,603926,13562456,685192,310195,293731,10139459,0,334148,351044,98268,211927,1468700,2248028,4076029,0,107144,227004,102439,248605,1258265,64797371,322167,926371,9727,85160,237007,45670,39490,186216,50791,924820,1551,277390,647430,1551,0,18,9709,8,10,9709,0,20006563,44790808,4977482,15029081,16572799,28218009,n5372,false,0.6331822491419375,0.8967210597371424,0,4771,false,503,7,0.9695365176253216,0.44507699999912725,null
14851574,66055636,603926,13562456,685192,310195,293731,10139459,0,334148,351044,98268,211927,1468700,2248028,4076029,0,107144,227004,102439,248605,1258265,64797371,322167,926371,9727,85160,237007,45670,39490,186216,50791,924820,1551,277390,647430,1551,0,18,9709,8,10,9709,0,20006563,44790808,4977482,15029081,16572799,28218009,n33546,false,0.06775420164792759,0.3556593557769023,0,3629,false,505,11,0.8782082219241499,0.8502041309838803,null
14851574,66055636,603926,13562456,685192,310195,293731,10139459,0,334148,351044,98268,211927,1468700,2248028,4076029,0,107144,227004,102439,248605,1258265,64797371,322167,926371,9727,85160,237007,45670,39490,186216,50791,924820,1551,277390,647430,1551,0,18,9709,8,10,9709,0,20006563,44790808,4977482,15029081,16572799,28218009,n5378,false,0.8208734075825227,0.477899529869822,0,25822,false,502,5,0.22410098830063385,0.760411423007778,null
14851574,66055636,603926,13562456,685192,310195,293731,10139459,0,334148,351044,98268,211927,1468700,2248028,4076029,0,107144,227004,102439,248605,1258265,64797371,322167,926371,9727,85160,237007,45670,39490,186216,50791,924820,1551,277390,647430,1551,0,18,9709,8,10,9709,0,20006563,44790808,4977482,15029081,16572799,28218009,n5375,true,0.48521311890045904,0.5650099063566892,13,28999,false,0,0,0.6781336938968455,0.48399727978673,null
14851574,66055636,603926,13562456,685192,310195,293731,10139459,0,334148,351044,98268,211927,1468700,2248028,4076029,0,107144,227004,102439,248605,1258265,64797371,322167,926371,9727,85160,237007,45670,39490,186216,50791,924820,1551,277390,647430,1551,0,18,9709,8,10,9709,0,20006563,44790808,4977482,15029081,16572799,28218009,n5369,false,0.9999964030837648,0.5314008474464452,0,1084,false,503,7,0.7495840560982242,0.2082963237513078,null
14851574,66055636,603926,13562456,685192,310195,293731,10139459,0,334148,351044,98268,211927,1468700,2248028,4076029,0,107144,227004,102439,248605,1258265,64797371,322167,926371,9727,85160,237007,45670,39490,186216,50791,924820,1551,277390,647430,1551,0,18,9709,8,10,9709,0,20006563,44790808,4977482,15029081,16572799,28218009,n6096,true,0.22291600827288327,0.3710992454177272,11,979,false,500,3,0.574427701695816,0.46450048524223303,null
14851574,66055636,603926,13562456,685192,310195,293731,10139459,0,334148,351044,98268,211927,1468700,2248028,4076029,0,107144,227004,102439,248605,1258265,64797371,322167,926371,9727,85160,237007,45670,39490,186216,50791,924820,1551,277390,647430,1551,0,18,9709,8,10,9709,0,20006563,44790808,4977482,15029081,16572799,28218009,n3292,false,0.4278602696163457,0.25039008055642087,0,15377,false,502,5,0.3433376855724741,0.5861632149244895,null
14851574,66055636,603926,13562456,685192,310195,293731,10139459,0,334148,351044,98268,211927,1468700,2248028,4076029,0,107144,227004,102439,248605,1258265,64797371,322167,926371,9727,85160,237007,45670,39490,186216,50791,924820,1551,277390,647430,1551,0,18,9709,8,10,9709,0,20006563,44790808,4977482,15029081,16572799,28218009,n5365,false,0.7010451062969244,0.9256928142436971,0,2794,false,502,6,0.40804445757456254,0.9248992161728729,null
14851574,66055636,603926,13562456,685192,310195,293731,10139459,0,334148,351044,98268,211927,1468700,2248028,4076029,0,107144,227004,102439,248605,1258265,64797371,322167,926371,9727,85160,237007,45670,39490,186216,50791,924820,1551,277390,647430,1551,0,18,9709,8,10,9709,0,20006563,44790808,4977482,15029081,16572799,28218009,n5367,false,0.8614854978185458,0.011573113748570174,0,13290,false,500,2,0.8457980138750849,0.3421466409190587,null
14851574,66055636,603926,13562456,685192,310195,293731,10139459,0,334148,351044,98268,211927,1468700,2248028,4076029,0,107144,227004,102439,248605,1258265,64797371,322167,926371,9727,85160,237007,45670,39490,186216,50791,924820,1551,277390,647430,1551,0,18,9709,8,10,9709,0,20006563,44790808,4977482,15029081,16572799,28218009,n5357,false,0.21311592179014907,0.15332950152526437,0,18047,false,501,2,0.5295242642833118,0.33666578154127597,null
14851574,66055636,603926,13562456,685192,310195,293731,10139459,0,334148,351044,98268,211927,1468700,2248028,4076029,0,107144,227004,102439,248605,1258265,64797371,322167,926371,9727,85160,237007,45670,39490,186216,50791,924820,1551,277390,647430,1551,0,18,9709,8,10,9709,0,20006563,44790808,4977482,15029081,16572799,28218009,n10093,true,0.6076359133583813,0.39322567078702203,13,1085,false,501,5,0.9822867759517528,0.39184998142763683,null
14851574,66055636,603926,13562456,685192,310195,293731,10139459,0,334148,351044,98268,211927,1468700,2248028,4076029,0,107144,227004,102439,248605,1258265,64797371,322167,926371,9727,85160,237007,45670,39490,186216,50791,924820,1551,277390,647430,1551,0,18,9709,8,10,9709,0,20006563,44790808,4977482,15029081,16572799,28218009,n10092,false,0.9999969633295691,0.16211865803778525,0,5738,false,502,4,0.782748018586825,0.8430018573440586,null
14851574,66055636,603926,13562456,685192,310195,293731,10139459,0,334148,351044,98268,211927,1468700,2248028,4076029,0,107144,227004,102439,248605,1258265,64797371,322167,926371,9727,85160,237007,45670,39490,186216,50791,924820,1551,277390,647430,1551,0,18,9709,8,10,9709,0,20006563,44790808,4977482,15029081,16572799,28218009,n5359,false,0.9999951394849265,0.13393977174218608,0,28999,false,0,0,0.6947489307926225,0.6201955237773656,null
14851574,66055636,603926,13562456,685192,310195,293731,10139459,0,334148,351044,98268,211927,1468700,2248028,4076029,0,107144,227004,102439,248605,1258265,64797371,322167,926371,9727,85160,237007,45670,39490,186216,50791,924820,1551,277390,647430,1551,0,18,9709,8,10,9709,0,20006563,44790808,4977482,15029081,16572799,28218009,n10096,true,0.6691924557227062,0.4683786099403847,10,228,false,500,3,0.37993402309892954,0.9228723046804816,null
14851574,66055636,603926,13562456,685192,310195,293731,10139459,0,334148,351044,98268,211927,1468700,2248028,4076029,0,107144,227004,102439,248605,1258265,64797371,322167,926371,9727,85160,237007,45670,39490,186216,50791,924820,1551,277390,647430,1551,0,18,9709,8,10,9709,0,20006563,44790808,4977482,15029081,16572799,28218009,n10095,true,0.6201595056537224,0.7034005135850273,12,28999,false,0,0,0.7853763965593985,0.2422110556107112,null
14851574,66055636,603926,13562456,685192,310195,293731,10139459,0,334148,351044,98268,211927,1468700,2248028,4076029,0,107144,227004,102439,248605,1258265,64797371,322167,926371,9727,85160,237007,45670,39490,186216,50791,924820,1551,277390,647430,1551,0,18,9709,8,10,9709,0,20006563,44790808,4977482,15029081,16572799,28218009,n14673,false,0.1390964677071096,0.22972952298189142,0,14090,false,503,6,0.6197973783001209,0.024969515514739804,null
14851574,66055636,603926,13562456,685192,310195,293731,10139459,0,334148,351044,98268,211927,1468700,2248028,4076029,0,107144,227004,102439,248605,1258265,64797371,322167,926371,9727,85160,237007,45670,39490,186216,50791,924820,1551,277390,647430,1551,0,18,9709,8,10,9709,0,20006563,44790808,4977482,15029081,16572799,28218009,n8209,false,0.7817882375511116,0.45962873935444815,0,16719,false,502,4,0.7556510936457862,0.8278800454300068,null
14851574,66055636,603926,13562456,685192,310195,293731,10139459,0,334148,351044,98268,211927,1468700,2248028,4076029,0,107144,227004,102439,248605,1258265,64797371,322167,926371,9727,85160,237007,45670,39490,186216,50791,924820,1551,277390,647430,1551,0,18,9709,8,10,9709,0,20006563,44790808,4977482,15029081,16572799,28218009,n6080,false,0.05899014334649067,0.2085502729927839,0,14083,false,500,2,0.8618395752242074,0.5423759754136834,null
14851574,66055636,603926,13562456,685192,310195,293731,10139459,0,334148,351044,98268,211927,1468700,2248028,4076029,0,107144,227004,102439,248605,1258265,64797371,322167,926371,9727,85160,237007,45670,39490,186216,50791,924820,1551,277390,647430,1551,0,18,9709,8,10,9709,0,20006563,44790808,4977482,15029081,16572799,28218009,n8247,false,0.0033562024862008565,0.358462451983827,0,1704,false,502,5,0.8004481558522656,0.9593459419159477,null
14851574,66055636,603926,13562456,685192,310195,293731,10139459,0,334148,351044,98268,211927,1468700,2248028,4076029,0,107144,227004,102439,248605,1258265,64797371,322167,926371,9727,85160,237007,45670,39490,186216,50791,924820,1551,277390,647430,1551,0,18,9709,8,10,9709,0,20006563,44790808,4977482,15029081,16572799,28218009,n8249,false,0.45772614108396553,0.49266111179180605,0,28999,false,0,0,0.8355551466280462,0.4650321841033843,null
14851574,66055636,603926,13562456,685192,310195,293731,10139459,0,334148,351044,98268,211927,1468700,2248028,4076029,0,107144,227004,102439,248605,1258265,64797371,322167,926371,9727,85160,237007,45670,39490,186216,50791,924820,1551,277390,647430,1551,0,18,9709,8,10,9709,0,20006563,44790808,4977482,15029081,16572799,28218009,n8248,true,0.4061644553226392,0.692060562222068,11,8965,false,500,2,0.987516773047937,0.4079926664317389,null
14851574,66055636,603926,13562456,685192,310195,293731,10139459,0,334148,351044,98268,211927,1468700,2248028,4076029,0,107144,227004,102439,248605,1258265,64797371,322167,926371,9727,85160,237007,45670,39490,186216,50791,924820,1551,277390,647430,1551,0,18,9709,8,10,9709,0,20006563,44790808,4977482,15029081,16572799,28218009,n5356,false,0.8199514286357609,0.9226478263469541,0,915,false,501,3,0.9843940710776801,0.9582734050459967,null
14851574,66055636,603926,13562456,685192,310195,293731,10139459,0,334148,351044,98268,211927,1468700,2248028,4076029,0,107144,227004,102439,248605,1258265,64797371,322167,926371,9727,85160,237007,45670,39490,186216,50791,924820,1551,277390,647430,1551,0,18,9709,8,10,9709,0,20006563,44790808,4977482,15029081,16572799,28218009,n6089,false,0.674905610286759,0.345296998146867,0,16979,false,500,2,0.7521892379104465,0.05508994284277591,null
14851574,66055636,603926,13562456,685192,310195,293731,10139459,0,334148,351044,98268,211927,1468700,2248028,4076029,0,107144,227004,102439,248605,1258265,64797371,322167,926371,9727,85160,237007,45670,39490,186216,50791,924820,1551,277390,647430,1551,0,18,9709,8,10,9709,0,20006563,44790808,4977482,15029081,16572799,28218009,n10088,false,0.945680480348474,5.576215546391206E-4,0,3091,false,505,11,0.5489237039961168,0.6035261764540316,null
14851574,66055636,603926,13562456,685192,310195,293731,10139459,0,334148,351044,98268,211927,1468700,2248028,4076029,0,107144,227004,102439,248605,1258265,64797371,322167,926371,9727,85160,237007,45670,39490,186216,50791,924820,1551,277390,647430,1551,0,18,9709,8,10,9709,0,20006563,44790808,4977482,15029081,16572799,28218009,n8240,true,0.7097008367911884,0.027325708360781187,12,1435,false,501,5,0.6757969102721402,0.37799709434238044,null
14851574,66055636,603926,13562456,685192,310195,293731,10139459,0,334148,351044,98268,211927,1468700,2248028,4076029,0,107144,227004,102439,248605,1258265,64797371,322167,926371,9727,85160,237007,45670,39490,186216,50791,924820,1551,277390,647430,1551,0,18,9709,8,10,9709,0,20006563,44790808,4977482,15029081,16572799,28218009,n10083,false,0.19112645954609933,0.6273745383831842,0,7836,false,504,9,0.7092421751978729,0.25946810608838566,null
14851574,66055636,603926,13562456,685192,310195,293731,10139459,0,334148,351044,98268,211927,1468700,2248028,4076029,0,107144,227004,102439,248605,1258265,64797371,322167,926371,9727,85160,237007,45670,39490,186216,50791,924820,1551,277390,647430,1551,0,18,9709,8,10,9709,0,20006563,44790808,4977482,15029081,16572799,28218009,n8233,false,0.9492898210260216,0.054241838358364936,0,4117,false,502,6,0.5359864575967151,0.817244818474776,null
14851574,66055636,603926,13562456,685192,310195,293731,10139459,0,334148,351044,98268,211927,1468700,2248028,4076029,0,107144,227004,102439,248605,1258265,64797371,322167,926371,9727,85160,237007,45670,39490,186216,50791,924820,1551,277390,647430,1551,0,18,9709,8,10,9709,0,20006563,44790808,4977482,15029081,16572799,28218009,n8232,false,0.84955477654529,0.15259314265599933,0,9036,false,503,7,0.46225799247192284,0.9930964070188182,null
14851574,66055636,603926,13562456,685192,310195,293731,10139459,0,334148,351044,98268,211927,1468700,2248028,4076029,0,107144,227004,102439,248605,1258265,64797371,322167,926371,9727,85160,237007,45670,39490,186216,50791,924820,1551,277390,647430,1551,0,18,9709,8,10,9709,0,20006563,44790808,4977482,15029081,16572799,28218009,n6071,true,0.04321510830324811,0.6010579362936506,7,20945,false,500,2,0.6147612149575672,0.6626413405088858,null
14851574,66055636,603926,13562456,685192,310195,293731,10139459,0,334148,351044,98268,211927,1468700,2248028,4076029,0,107144,227004,102439,248605,1258265,64797371,322167,926371,9727,85160,237007,45670,39490,186216,50791,924820,1551,277390,647430,1551,0,18,9709,8,10,9709,0,20006563,44790808,4977482,15029081,16572799,28218009,n14698,true,0.8628587354790318,0.3590084712224559,12,28999,false,0,0,0.9500407492937135,0.300197686217092,null
14851574,66055636,603926,13562456,685192,310195,293731,10139459,0,334148,351044,98268,211927,1468700,2248028,4076029,0,107144,227004,102439,248605,1258265,64797371,322167,926371,9727,85160,237007,45670,39490,186216,50791,924820,1551,277390,647430,1551,0,18,9709,8,10,9709,0,20006563,44790808,4977482,15029081,16572799,28218009,n36225,false,0.4595608540744892,0.16972959512993036,0,451,false,506,13,0.8178048842210459,0.44260820054186284,null
14851574,66055636,603926,13562456,685192,310195,293731,10139459,0,334148,351044,98268,211927,1468700,2248028,4076029,0,107144,227004,102439,248605,1258265,64797371,322167,926371,9727,85160,237007,45670,39490,186216,50791,924820,1551,277390,647430,1551,0,18,9709,8,10,9709,0,20006563,44790808,4977482,15029081,16572799,28218009,n6077,true,0.47495149919764684,0.2095882662875138,12,3193,false,503,9,0.6085527122060417,0.1728030000597529,null
14851574,66055636,603926,13562456,685192,310195,293731,10139459,0,334148,351044,98268,211927,1468700,2248028,4076029,0,107144,227004,102439,248605,1258265,64797371,322167,926371,9727,85160,237007,45670,39490,186216,50791,924820,1551,277390,647430,1551,0,18,9709,8,10,9709,0,20006563,44790808,4977482,15029081,16572799,28218009,n10078,false,0.5795308770910773,0.8004108382985922,0,11779,false,502,6,0.9904261533304187,0.9373592898725434,null
14851574,66055636,603926,13562456,685192,310195,293731,10139459,0,334148,351044,98268,211927,1468700,2248028,4076029,0,107144,227004,102439,248605,1258265,64797371,322167,926371,9727,85160,237007,45670,39490,186216,50791,924820,1551,277390,647430,1551,0,18,9709,8,10,9709,0,20006563,44790808,4977482,15029081,16572799,28218009,n5340,false,0.7074656640501442,0.7197974729371417,0,28998,false,500,1,0.8730072295726438,0.22773886639732066,null
14851574,66055636,603926,13562456,685192,310195,293731,10139459,0,334148,351044,98268,211927,1468700,2248028,4076029,0,107144,227004,102439,248605,1258265,64797371,322167,926371,9727,85160,237007,45670,39490,186216,50791,924820,1551,277390,647430,1551,0,18,9709,8,10,9709,0,20006563,44790808,4977482,15029081,16572799,28218009,n10070,false,0.2816179331983724,0.8618873014869275,0,4270,false,501,2,0.6295284533151997,0.6509005674398305,null
14851574,66055636,603926,13562456,685192,310195,293731,10139459,0,334148,351044,98268,211927,1468700,2248028,4076029,0,107144,227004,102439,248605,1258265,64797371,322167,926371,9727,85160,237007,45670,39490,186216,50791,924820,1551,277390,647430,1551,0,18,9709,8,10,9709,0,20006563,44790808,4977482,15029081,16572799,28218009,n14695,false,0.5948458957419966,0.7669331367511565,0,1861,false,504,9,0.41425606803664383,0.6091918388957025,null
14851574,66055636,603926,13562456,685192,310195,293731,10139459,0,334148,351044,98268,211927,1468700,2248028,4076029,0,107144,227004,102439,248605,1258265,64797371,322167,926371,9727,85160,237007,45670,39490,186216,50791,924820,1551,277390,647430,1551,0,18,9709,8,10,9709,0,20006563,44790808,4977482,15029081,16572799,28218009,n8228,false,0.9999995920480397,0.8402056391750136,0,2742,false,506,13,0.7311920726460264,0.6537404565582816,null
14851574,66055636,603926,13562456,685192,310195,293731,10139459,0,334148,351044,98268,211927,1468700,2248028,4076029,0,107144,227004,102439,248605,1258265,64797371,322167,926371,9727,85160,237007,45670,39490,186216,50791,924820,1551,277390,647430,1551,0,18,9709,8,10,9709,0,20006563,44790808,4977482,15029081,16572799,28218009,n10065,false,0.3829005388441033,0.9077499547879786,0,25924,false,501,3,0.4974467811652284,0.22778205697310172,null
14851574,66055636,603926,13562456,685192,310195,293731,10139459,0,334148,351044,98268,211927,1468700,2248028,4076029,0,107144,227004,102439,248605,1258265,64797371,322167,926371,9727,85160,237007,45670,39490,186216,50791,924820,1551,277390,647430,1551,0,18,9709,8,10,9709,0,20006563,44790808,4977482,15029081,16572799,28218009,n3242,false,0.3019099298045311,0.1304150914640907,0,6922,false,504,9,0.693921585837555,0.4732865452696796,null
14851574,66055636,603926,13562456,685192,310195,293731,10139459,0,334148,351044,98268,211927,1468700,2248028,4076029,0,107144,227004,102439,248605,1258265,64797371,322167,926371,9727,85160,237007,45670,39490,186216,50791,924820,1551,277390,647430,1551,0,18,9709,8,10,9709,0,20006563,44790808,4977482,15029081,16572799,28218009,n14642,true,0.4096934521636138,0.15388101221603512,12,28999,false,0,0,0.6832868169760277,0.8526835658838201,null
14851574,66055636,603926,13562456,685192,310195,293731,10139459,0,334148,351044,98268,211927,1468700,2248028,4076029,0,107144,227004,102439,248605,1258265,64797371,322167,926371,9727,85160,237007,45670,39490,186216,50791,924820,1551,277390,647430,1551,0,18,9709,8,10,9709,0,20006563,44790808,4977482,15029081,16572799,28218009,n29549,false,0.9999995237852749,0.32996400055703856,0,834,false,504,9,0.622211849043538,0.9199849017541215,null
14851574,66055636,603926,13562456,685192,310195,293731,10139459,0,334148,351044,98268,211927,1468700,2248028,4076029,0,107144,227004,102439,248605,1258265,64797371,322167,926371,9727,85160,237007,45670,39490,186216,50791,924820,1551,277390,647430,1551,0,18,9709,8,10,9709,0,20006563,44790808,4977482,15029081,16572799,28218009,n26190,false,0.9999959627150126,0.5071004682661062,0,5633,false,501,4,0.8109695426930605,0.4589503443913672,null
14851574,66055636,603926,13562456,685192,310195,293731,10139459,0,334148,351044,98268,211927,1468700,2248028,4076029,0,107144,227004,102439,248605,1258265,64797371,322167,926371,9727,85160,237007,45670,39490,186216,50791,924820,1551,277390,647430,1551,0,18,9709,8,10,9709,0,20006563,44790808,4977482,15029081,16572799,28218009,n26195,false,0.9899311279522913,0.09053082087318176,0,4231,false,503,7,0.6761651999596916,0.05759513057581234,null
14851574,66055636,603926,13562456,685192,310195,293731,10139459,0,334148,351044,98268,211927,1468700,2248028,4076029,0,107144,227004,102439,248605,1258265,64797371,322167,926371,9727,85160,237007,45670,39490,186216,50791,924820,1551,277390,647430,1551,0,18,9709,8,10,9709,0,20006563,44790808,4977482,15029081,16572799,28218009,n2102,false,0.22403521817563168,0.10176197505930917,0,28999,false,0,0,0.15965740097241243,0.4036412788868139,null
14851574,66055636,603926,13562456,685192,310195,293731,10139459,0,334148,351044,98268,211927,1468700,2248028,4076029,0,107144,227004,102439,248605,1258265,64797371,322167,926371,9727,85160,237007,45670,39490,186216,50791,924820,1551,277390,647430,1551,0,18,9709,8,10,9709,0,20006563,44790808,4977482,15029081,16572799,28218009,n10060,false,0.7132550698293649,0.7711295750896106,0,171,false,504,8,0.6391675760590517,0.63625088859616,null
14851574,66055636,603926,13562456,685192,310195,293731,10139459,0,334148,351044,98268,211927,1468700,2248028,4076029,0,107144,227004,102439,248605,1258265,64797371,322167,926371,9727,85160,237007,45670,39490,186216,50791,924820,1551,277390,647430,1551,0,18,9709,8,10,9709,0,20006563,44790808,4977482,15029081,16572799,28218009,n5329,false,0.752227871672762,0.9675429571931086,0,5966,false,504,9,0.20330959914570068,0.5121076181414799,null
14851574,66055636,603926,13562456,685192,310195,293731,10139459,0,334148,351044,98268,211927,1468700,2248028,4076029,0,107144,227004,102439,248605,1258265,64797371,322167,926371,9727,85160,237007,45670,39490,186216,50791,924820,1551,277390,647430,1551,0,18,9709,8,10,9709,0,20006563,44790808,4977482,15029081,16572799,28218009,n14639,true,0.9267077915333437,0.34010262107006173,9,12290,false,501,3,0.9474456028680742,0.08387580025937469,null
14851574,66055636,603926,13562456,685192,310195,293731,10139459,0,334148,351044,98268,211927,1468700,2248028,4076029,0,107144,227004,102439,248605,1258265,64797371,322167,926371,9727,85160,237007,45670,39490,186216,50791,924820,1551,277390,647430,1551,0,18,9709,8,10,9709,0,20006563,44790808,4977482,15029081,16572799,28218009,n3254,false,0.7657408613726902,0.3527505470047015,0,3154,false,503,7,0.5958056495839353,0.47963059382267637,null
14851574,66055636,603926,13562456,685192,310195,293731,10139459,0,334148,351044,98268,211927,1468700,2248028,4076029,0,107144,227004,102439,248605,1258265,64797371,322167,926371,9727,85160,237007,45670,39490,186216,50791,924820,1551,277390,647430,1551,0,18,9709,8,10,9709,0,20006563,44790808,4977482,15029081,16572799,28218009,n2122,true,0.21986030383268063,0.919832076087982,11,28999,false,0,0,0.725917661185552,0.8822073836282859,null
14851574,66055636,603926,13562456,685192,310195,293731,10139459,0,334148,351044,98268,211927,1468700,2248028,4076029,0,107144,227004,102439,248605,1258265,64797371,322167,926371,9727,85160,237007,45670,39490,186216,50791,924820,1551,277390,647430,1551,0,18,9709,8,10,9709,0,20006563,44790808,4977482,15029081,16572799,28218009,n7583,true,0.36160455119929535,0.6698500044186289,7,5849,false,500,3,0.9301224836806133,0.306311367025839,null
14851574,66055636,603926,13562456,685192,310195,293731,10139459,0,334148,351044,98268,211927,1468700,2248028,4076029,0,107144,227004,102439,248605,1258265,64797371,322167,926371,9727,85160,237007,45670,39490,186216,50791,924820,1551,277390,647430,1551,0,18,9709,8,10,9709,0,20006563,44790808,4977482,15029081,16572799,28218009,n14633,false,0.8682606489432957,0.14086333841225906,0,4928,false,503,7,0.836362451697295,0.11459883252820835,null
14851574,66055636,603926,13562456,685192,310195,293731,10139459,0,334148,351044,98268,211927,1468700,2248028,4076029,0,107144,227004,102439,248605,1258265,64797371,322167,926371,9727,85160,237007,45670,39490,186216,50791,924820,1551,277390,647430,1551,0,18,9709,8,10,9709,0,20006563,44790808,4977482,15029081,16572799,28218009,n3247,false,0.45764732596424784,0.7288719980962852,0,7502,false,503,7,0.8805758238789079,0.4401065573580758,null
14851574,66055636,603926,13562456,685192,310195,293731,10139459,0,334148,351044,98268,211927,1468700,2248028,4076029,0,107144,227004,102439,248605,1258265,64797371,322167,926371,9727,85160,237007,45670,39490,186216,50791,924820,1551,277390,647430,1551,0,18,9709,8,10,9709,0,20006563,44790808,4977482,15029081,16572799,28218009,n5316,false,0.1155383511798074,0.1080847782163894,0,1197,false,502,5,0.864045777201126,0.7973418369839218,null
14851574,66055636,603926,13562456,685192,310195,293731,10139459,0,334148,351044,98268,211927,1468700,2248028,4076029,0,107144,227004,102439,248605,1258265,64797371,322167,926371,9727,85160,237007,45670,39490,186216,50791,924820,1551,277390,647430,1551,0,18,9709,8,10,9709,0,20006563,44790808,4977482,15029081,16572799,28218009,n2116,false,0.24841455533066006,0.4430691840063866,0,5625,false,503,8,0.6029756966270557,0.6704866134820174,null
14851574,66055636,603926,13562456,685192,310195,293731,10139459,0,334148,351044,98268,211927,1468700,2248028,4076029,0,107144,227004,102439,248605,1258265,64797371,322167,926371,9727,85160,237007,45670,39490,186216,50791,924820,1551,277390,647430,1551,0,18,9709,8,10,9709,0,20006563,44790808,4977482,15029081,16572799,28218009,n7579,false,0.6509913190439166,0.029302236502500634,0,9935,false,500,2,0.5596321019823389,0.8180899762726234,null
14851574,66055636,603926,13562456,685192,310195,293731,10139459,0,334148,351044,98268,211927,1468700,2248028,4076029,0,107144,227004,102439,248605,1258265,64797371,322167,926371,9727,85160,237007,45670,39490,186216,50791,924820,1551,277390,647430,1551,0,18,9709,8,10,9709,0,20006563,44790808,4977482,15029081,16572799,28218009,n2133,false,0.8622556753036059,0.7396463721289577,0,1005,false,504,8,0.3702125135002402,0.22777976220621388,null
14851574,66055636,603926,13562456,685192,310195,293731,10139459,0,334148,351044,98268,211927,1468700,2248028,4076029,0,107144,227004,102439,248605,1258265,64797371,322167,926371,9727,85160,237007,45670,39490,186216,50791,924820,1551,277390,647430,1551,0,18,9709,8,10,9709,0,20006563,44790808,4977482,15029081,16572799,28218009,n5311,false,0.6343299496838127,0.663309178027375,0,15036,false,503,8,0.661807275711268,0.9976922547531993,null
14851574,66055636,603926,13562456,685192,310195,293731,10139459,0,334148,351044,98268,211927,1468700,2248028,4076029,0,107144,227004,102439,248605,1258265,64797371,322167,926371,9727,85160,237007,45670,39490,186216,50791,924820,1551,277390,647430,1551,0,18,9709,8,10,9709,0,20006563,44790808,4977482,15029081,16572799,28218009,n3263,true,0.999987958949777,0.40050441667060616,10,16,false,501,4,0.889705403828168,0.2770836262640949,null
14851574,66055636,603926,13562456,685192,310195,293731,10139459,0,334148,351044,98268,211927,1468700,2248028,4076029,0,107144,227004,102439,248605,1258265,64797371,322167,926371,9727,85160,237007,45670,39490,186216,50791,924820,1551,277390,647430,1551,0,18,9709,8,10,9709,0,20006563,44790808,4977482,15029081,16572799,28218009,n3264,false,0.4268052698965932,0.406993610448665,0,2523,false,503,8,0.7390162887876199,0.06668469525392684,null
14851574,66055636,603926,13562456,685192,310195,293731,10139459,0,334148,351044,98268,211927,1468700,2248028,4076029,0,107144,227004,102439,248605,1258265,64797371,322167,926371,9727,85160,237007,45670,39490,186216,50791,924820,1551,277390,647430,1551,0,18,9709,8,10,9709,0,20006563,44790808,4977482,15029081,16572799,28218009,n5310,false,0.33044576297895556,0.32254823159762375,0,10211,false,504,8,0.7836551253579777,0.12703945246330473,null
14851574,66055636,603926,13562456,685192,310195,293731,10139459,0,334148,351044,98268,211927,1468700,2248028,4076029,0,107144,227004,102439,248605,1258265,64797371,322167,926371,9727,85160,237007,45670,39490,186216,50791,924820,1551,277390,647430,1551,0,18,9709,8,10,9709,0,20006563,44790808,4977482,15029081,16572799,28218009,n3262,false,0.7823099167826575,0.27941878117489805,0,4853,false,501,4,0.23833618974413484,0.35643591165729965,null
14851574,66055636,603926,13562456,685192,310195,293731,10139459,0,334148,351044,98268,211927,1468700,2248028,4076029,0,107144,227004,102439,248605,1258265,64797371,322167,926371,9727,85160,237007,45670,39490,186216,50791,924820,1551,277390,647430,1551,0,18,9709,8,10,9709,0,20006563,44790808,4977482,15029081,16572799,28218009,n8200,false,0.9874052303992598,0.6537202859989417,0,3289,false,503,7,0.4250645710584899,0.27174789364559027,null
14851574,66055636,603926,13562456,685192,310195,293731,10139459,0,334148,351044,98268,211927,1468700,2248028,4076029,0,107144,227004,102439,248605,1258265,64797371,322167,926371,9727,85160,237007,45670,39490,186216,50791,924820,1551,277390,647430,1551,0,18,9709,8,10,9709,0,20006563,44790808,4977482,15029081,16572799,28218009,n14660,false,0.9999993441900679,0.8164315735365959,0,2368,false,503,8,0.8627572309703747,0.882756315242864,null
14851574,66055636,603926,13562456,685192,310195,293731,10139459,0,334148,351044,98268,211927,1468700,2248028,4076029,0,107144,227004,102439,248605,1258265,64797371,322167,926371,9727,85160,237007,45670,39490,186216,50791,924820,1551,277390,647430,1551,0,18,9709,8,10,9709,0,20006563,44790808,4977482,15029081,16572799,28218009,n5309,true,0.18620569028190032,0.8166568991092592,12,11486,false,503,8,0.618740691443019,0.8158138577752297,null
14851574,66055636,603926,13562456,685192,310195,293731,10139459,0,334148,351044,98268,211927,1468700,2248028,4076029,0,107144,227004,102439,248605,1258265,64797371,322167,926371,9727,85160,237007,45670,39490,186216,50791,924820,1551,277390,647430,1551,0,18,9709,8,10,9709,0,20006563,44790808,4977482,15029081,16572799,28218009,n7569,false,0.9999974893421988,0.1135884121641293,0,15569,false,501,3,0.48042296947364455,0.5310704924408386,null
14851574,66055636,603926,13562456,685192,310195,293731,10139459,0,334148,351044,98268,211927,1468700,2248028,4076029,0,107144,227004,102439,248605,1258265,64797371,322167,926371,9727,85160,237007,45670,39490,186216,50791,924820,1551,277390,647430,1551,0,18,9709,8,10,9709,0,20006563,44790808,4977482,15029081,16572799,28218009,n2127,false,0.45511553815071654,0.8603342397745652,0,3452,false,502,6,0.606149476555673,0.3343275084062959,null
14851574,66055636,603926,13562456,685192,310195,293731,10139459,0,334148,351044,98268,211927,1468700,2248028,4076029,0,107144,227004,102439,248605,1258265,64797371,322167,926371,9727,85160,237007,45670,39490,186216,50791,924820,1551,277390,647430,1551,0,18,9709,8,10,9709,0,20006563,44790808,4977482,15029081,16572799,28218009,n3256,true,0.7463909407657054,0.035247835031238184,11,28999,false,0,0,0.5441678634194347,0.8150308604503864,null
14851574,66055636,603926,13562456,685192,310195,293731,10139459,0,334148,351044,98268,211927,1468700,2248028,4076029,0,107144,227004,102439,248605,1258265,64797371,322167,926371,9727,85160,237007,45670,39490,186216,50791,924820,1551,277390,647430,1551,0,18,9709,8,10,9709,0,20006563,44790808,4977482,15029081,16572799,28218009,n2142,false,0.33741481030624193,0.42525225388036797,0,19117,false,501,6,0.6894423654246558,0.5749354094336383,null
14851574,66055636,603926,13562456,685192,310195,293731,10139459,0,334148,351044,98268,211927,1468700,2248028,4076029,0,107144,227004,102439,248605,1258265,64797371,322167,926371,9727,85160,237007,45670,39490,186216,50791,924820,1551,277390,647430,1551,0,18,9709,8,10,9709,0,20006563,44790808,4977482,15029081,16572799,28218009,n3277,false,0.2840076210420676,0.8476567728552606,0,7261,false,502,4,0.799727406189105,0.5471680984809718,null
14851574,66055636,603926,13562456,685192,310195,293731,10139459,0,334148,351044,98268,211927,1468700,2248028,4076029,0,107144,227004,102439,248605,1258265,64797371,322167,926371,9727,85160,237007,45670,39490,186216,50791,924820,1551,277390,647430,1551,0,18,9709,8,10,9709,0,20006563,44790808,4977482,15029081,16572799,28218009,n2141,false,0.5021129933865048,0.1745144767528901,0,6806,false,501,3,0.4256816407945106,0.7039524445095553,null
14851574,66055636,603926,13562456,685192,310195,293731,10139459,0,334148,351044,98268,211927,1468700,2248028,4076029,0,107144,227004,102439,248605,1258265,64797371,322167,926371,9727,85160,237007,45670,39490,186216,50791,924820,1551,277390,647430,1551,0,18,9709,8,10,9709,0,20006563,44790808,4977482,15029081,16572799,28218009,n2144,true,0.45947307336046467,0.6406451992225819,14,9938,false,502,6,0.8907460242050106,0.9604727128054734,null
14851574,66055636,603926,13562456,685192,310195,293731,10139459,0,334148,351044,98268,211927,1468700,2248028,4076029,0,107144,227004,102439,248605,1258265,64797371,322167,926371,9727,85160,237007,45670,39490,186216,50791,924820,1551,277390,647430,1551,0,18,9709,8,10,9709,0,20006563,44790808,4977482,15029081,16572799,28218009,n10037,false,0.7077617036735395,0.28974497211139755,0,24365,false,501,3,0.7684933660951859,0.13154353661008789,null
14851574,66055636,603926,13562456,685192,310195,293731,10139459,0,334148,351044,98268,211927,1468700,2248028,4076029,0,107144,227004,102439,248605,1258265,64797371,322167,926371,9727,85160,237007,45670,39490,186216,50791,924820,1551,277390,647430,1551,0,18,9709,8,10,9709,0,20006563,44790808,4977482,15029081,16572799,28218009,n5301,false,0.6088691310078136,0.7392296996748425,0,28951,false,500,3,0.4794428825836783,0.7187617401247673,null
14851574,66055636,603926,13562456,685192,310195,293731,10139459,0,334148,351044,98268,211927,1468700,2248028,4076029,0,107144,227004,102439,248605,1258265,64797371,322167,926371,9727,85160,237007,45670,39490,186216,50791,924820,1551,277390,647430,1551,0,18,9709,8,10,9709,0,20006563,44790808,4977482,15029081,16572799,28218009,n10034,true,0.9761178464086253,0.9769647657161971,5,8747,false,501,4,0.6627218782298692,0.09948810736802582,null
14851574,66055636,603926,13562456,685192,310195,293731,10139459,0,334148,351044,98268,211927,1468700,2248028,4076029,0,107144,227004,102439,248605,1258265,64797371,322167,926371,9727,85160,237007,45670,39490,186216,50791,924820,1551,277390,647430,1551,0,18,9709,8,10,9709,0,20006563,44790808,4977482,15029081,16572799,28218009,n2140,false,0.7446191552755639,0.8873609899191356,0,1646,false,501,2,0.3367792870312297,0.6464403843587649,null
14851574,66055636,603926,13562456,685192,310195,293731,10139459,0,334148,351044,98268,211927,1468700,2248028,4076029,0,107144,227004,102439,248605,1258265,64797371,322167,926371,9727,85160,237007,45670,39490,186216,50791,924820,1551,277390,647430,1551,0,18,9709,8,10,9709,0,20006563,44790808,4977482,15029081,16572799,28218009,n14656,true,0.3368186075556557,0.46957999848423504,6,28999,false,0,0,0.71939193858333,0.31428713386262763,null
14851574,66055636,603926,13562456,685192,310195,293731,10139459,0,334148,351044,98268,211927,1468700,2248028,4076029,0,107144,227004,102439,248605,1258265,64797371,322167,926371,9727,85160,237007,45670,39490,186216,50791,924820,1551,277390,647430,1551,0,18,9709,8,10,9709,0,20006563,44790808,4977482,15029081,16572799,28218009,n14652,false,0.999995159585818,0.2859574879244796,0,4262,false,502,7,0.5768009497317055,0.1786455051780691,null
14851574,66055636,603926,13562456,685192,310195,293731,10139459,0,334148,351044,98268,211927,1468700,2248028,4076029,0,107144,227004,102439,248605,1258265,64797371,322167,926371,9727,85160,237007,45670,39490,186216,50791,924820,1551,277390,647430,1551,0,18,9709,8,10,9709,0,20006563,44790808,4977482,15029081,16572799,28218009,n2139,false,0.7867305439375373,0.3971359989385564,0,28997,false,500,1,0.774991876977398,0.9142671791298229,null
14851574,66055636,603926,13562456,685192,310195,293731,10139459,0,334148,351044,98268,211927,1468700,2248028,4076029,0,107144,227004,102439,248605,1258265,64797371,322167,926371,9727,85160,237007,45670,39490,186216,50791,924820,1551,277390,647430,1551,0,18,9709,8,10,9709,0,20006563,44790808,4977482,15029081,16572799,28218009,n3269,true,0.9999892791268541,0.1271523461643138,12,1356,false,500,2,0.9605329616087258,0.47152275009182854,null
14851574,66055636,603926,13562456,685192,310195,293731,10139459,0,334148,351044,98268,211927,1468700,2248028,4076029,0,107144,227004,102439,248605,1258265,64797371,322167,926371,9727,85160,237007,45670,39490,186216,50791,924820,1551,277390,647430,1551,0,18,9709,8,10,9709,0,20006563,44790808,4977482,15029081,16572799,28218009,n2136,false,0.5776133859285,0.12448169590123637,0,1236,false,501,3,0.7966282201962303,0.5023212985524227,null
14851574,66055636,603926,13562456,685192,310195,293731,10139459,0,334148,351044,98268,211927,1468700,2248028,4076029,0,107144,227004,102439,248605,1258265,64797371,322167,926371,9727,85160,237007,45670,39490,186216,50791,924820,1551,277390,647430,1551,0,18,9709,8,10,9709,0,20006563,44790808,4977482,15029081,16572799,28218009,n2148,false,0.5658232253370427,0.8551858791749886,0,14279,false,502,5,0.3376469450873746,0.42732909410611214,null
14851574,66055636,603926,13562456,685192,310195,293731,10139459,0,334148,351044,98268,211927,1468700,2248028,4076029,0,107144,227004,102439,248605,1258265,64797371,322167,926371,9727,85160,237007,45670,39490,186216,50791,924820,1551,277390,647430,1551,0,18,9709,8,10,9709,0,20006563,44790808,4977482,15029081,16572799,28218009,n2147,false,0.9999976218269166,0.7068955451883346,0,14774,false,505,10,0.9072431308999753,0.39189226968327356,null
14851574,66055636,603926,13562456,685192,310195,293731,10139459,0,334148,351044,98268,211927,1468700,2248028,4076029,0,107144,227004,102439,248605,1258265,64797371,322167,926371,9727,85160,237007,45670,39490,186216,50791,924820,1551,277390,647430,1551,0,18,9709,8,10,9709,0,20006563,44790808,4977482,15029081,16572799,28218009,n6018,false,0.42346576159936206,0.002809366102167532,0,11738,false,502,4,0.1859377916568289,0.33415752090583956,null
14851574,66055636,603926,13562456,685192,310195,293731,10139459,0,334148,351044,98268,211927,1468700,2248028,4076029,0,107144,227004,102439,248605,1258265,64797371,322167,926371,9727,85160,237007,45670,39490,186216,50791,924820,1551,277390,647430,1551,0,18,9709,8,10,9709,0,20006563,44790808,4977482,15029081,16572799,28218009,n6017,false,0.7779547626271718,0.7820015347979471,0,10642,false,501,2,0.6872768619219364,0.8931129365636631,null
14851574,66055636,603926,13562456,685192,310195,293731,10139459,0,334148,351044,98268,211927,1468700,2248028,4076029,0,107144,227004,102439,248605,1258265,64797371,322167,926371,9727,85160,237007,45670,39490,186216,50791,924820,1551,277390,647430,1551,0,18,9709,8,10,9709,0,20006563,44790808,4977482,15029081,16572799,28218009,n32018,false,0.9999976052736707,0.6225775300262494,0,499,false,506,13,0.7673119285802852,0.7439392617872971,null
14851574,66055636,603926,13562456,685192,310195,293731,10139459,0,334148,351044,98268,211927,1468700,2248028,4076029,0,107144,227004,102439,248605,1258265,64797371,322167,926371,9727,85160,237007,45670,39490,186216,50791,924820,1551,277390,647430,1551,0,18,9709,8,10,9709,0,20006563,44790808,4977482,15029081,16572799,28218009,n13557,false,0.5320149185413343,0.41159756977981393,0,2701,false,506,14,0.4699175934367429,0.23295439787554462,null
14851574,66055636,603926,13562456,685192,310195,293731,10139459,0,334148,351044,98268,211927,1468700,2248028,4076029,0,107144,227004,102439,248605,1258265,64797371,322167,926371,9727,85160,237007,45670,39490,186216,50791,924820,1551,277390,647430,1551,0,18,9709,8,10,9709,0,20006563,44790808,4977482,15029081,16572799,28218009,n9751,false,0.6796726707931626,0.23728947928142619,0,15873,false,502,6,0.7399508538239832,0.08363346357292911,null
14851574,66055636,603926,13562456,685192,310195,293731,10139459,0,334148,351044,98268,211927,1468700,2248028,4076029,0,107144,227004,102439,248605,1258265,64797371,322167,926371,9727,85160,237007,45670,39490,186216,50791,924820,1551,277390,647430,1551,0,18,9709,8,10,9709,0,20006563,44790808,4977482,15029081,16572799,28218009,n6024,false,0.21152406964555842,0.48668400309333115,0,3329,false,500,2,0.9166364163605139,0.8535568839266771,null
14851574,66055636,603926,13562456,685192,310195,293731,10139459,0,334148,351044,98268,211927,1468700,2248028,4076029,0,107144,227004,102439,248605,1258265,64797371,322167,926371,9727,85160,237007,45670,39490,186216,50791,924820,1551,277390,647430,1551,0,18,9709,8,10,9709,0,20006563,44790808,4977482,15029081,16572799,28218009,n2150,false,0.4811717659232492,0.8593199446649962,0,13340,false,501,3,0.9805318736302311,0.33307771814731213,null
14851574,66055636,603926,13562456,685192,310195,293731,10139459,0,334148,351044,98268,211927,1468700,2248028,4076029,0,107144,227004,102439,248605,1258265,64797371,322167,926371,9727,85160,237007,45670,39490,186216,50791,924820,1551,277390,647430,1551,0,18,9709,8,10,9709,0,20006563,44790808,4977482,15029081,16572799,28218009,n6021,false,0.3620604767796079,0.360841634189959,0,28999,false,0,0,0.3251550829602783,0.9306278493188592,null
14851574,66055636,603926,13562456,685192,310195,293731,10139459,0,334148,351044,98268,211927,1468700,2248028,4076029,0,107144,227004,102439,248605,1258265,64797371,322167,926371,9727,85160,237007,45670,39490,186216,50791,924820,1551,277390,647430,1551,0,18,9709,8,10,9709,0,20006563,44790808,4977482,15029081,16572799,28218009,n2154,true,0.29554814811354513,0.47328672049803433,12,17147,false,502,5,0.9996347312762632,0.17128199373126796,null
14851574,66055636,603926,13562456,685192,310195,293731,10139459,0,334148,351044,98268,211927,1468700,2248028,4076029,0,107144,227004,102439,248605,1258265,64797371,322167,926371,9727,85160,237007,45670,39490,186216,50791,924820,1551,277390,647430,1551,0,18,9709,8,10,9709,0,20006563,44790808,4977482,15029081,16572799,28218009,n19874,false,0.4419129321862198,0.9803425276579163,0,2964,false,503,6,0.9496279432746798,0.0471868981550998,null
14851574,66055636,603926,13562456,685192,310195,293731,10139459,0,334148,351044,98268,211927,1468700,2248028,4076029,0,107144,227004,102439,248605,1258265,64797371,322167,926371,9727,85160,237007,45670,39490,186216,50791,924820,1551,277390,647430,1551,0,18,9709,8,10,9709,0,20006563,44790808,4977482,15029081,16572799,28218009,n2155,false,0.5312910613849772,0.5507741551291305,0,17823,false,501,2,0.46632313156356436,0.6439793461929062,null
14851574,66055636,603926,13562456,685192,310195,293731,10139459,0,334148,351044,98268,211927,1468700,2248028,4076029,0,107144,227004,102439,248605,1258265,64797371,322167,926371,9727,85160,237007,45670,39490,186216,50791,924820,1551,277390,647430,1551,0,18,9709,8,10,9709,0,20006563,44790808,4977482,15029081,16572799,28218009,n6023,false,0.12886648886022434,0.6147363186949285,0,17867,false,502,5,0.9758061198246113,0.09693105828985826,null
14851574,66055636,603926,13562456,685192,310195,293731,10139459,0,334148,351044,98268,211927,1468700,2248028,4076029,0,107144,227004,102439,248605,1258265,64797371,322167,926371,9727,85160,237007,45670,39490,186216,50791,924820,1551,277390,647430,1551,0,18,9709,8,10,9709,0,20006563,44790808,4977482,15029081,16572799,28218009,n2159,false,0.12363890062962289,0.26446229367913265,0,3243,false,505,11,0.43548231577915575,0.6167445756429748,null
14851574,66055636,603926,13562456,685192,310195,293731,10139459,0,334148,351044,98268,211927,1468700,2248028,4076029,0,107144,227004,102439,248605,1258265,64797371,322167,926371,9727,85160,237007,45670,39490,186216,50791,924820,1551,277390,647430,1551,0,18,9709,8,10,9709,0,20006563,44790808,4977482,15029081,16572799,28218009,n3201,false,0.8086737369749528,0.38658055179318346,0,362,false,502,5,0.42185591014984974,0.941768151709354,null
14851574,66055636,603926,13562456,685192,310195,293731,10139459,0,334148,351044,98268,211927,1468700,2248028,4076029,0,107144,227004,102439,248605,1258265,64797371,322167,926371,9727,85160,237007,45670,39490,186216,50791,924820,1551,277390,647430,1551,0,18,9709,8,10,9709,0,20006563,44790808,4977482,15029081,16572799,28218009,n21063,false,0.31250227733010105,0.38042579822133676,0,28999,false,500,0,0.7853593827441825,0.8134874544272402,null
14851574,66055636,603926,13562456,685192,310195,293731,10139459,0,334148,351044,98268,211927,1468700,2248028,4076029,0,107144,227004,102439,248605,1258265,64797371,322167,926371,9727,85160,237007,45670,39490,186216,50791,924820,1551,277390,647430,1551,0,18,9709,8,10,9709,0,20006563,44790808,4977482,15029081,16572799,28218009,n19868,false,0.03952718586539143,0.5051628122199691,0,23256,false,501,2,0.8724885390461063,0.440649107095006,null
14851574,66055636,603926,13562456,685192,310195,293731,10139459,0,334148,351044,98268,211927,1468700,2248028,4076029,0,107144,227004,102439,248605,1258265,64797371,322167,926371,9727,85160,237007,45670,39490,186216,50791,924820,1551,277390,647430,1551,0,18,9709,8,10,9709,0,20006563,44790808,4977482,15029081,16572799,28218009,n3207,false,0.5479052219587442,0.9262619873308648,0,10449,false,501,4,0.7456316220527824,0.6454124938220971,null
14851574,66055636,603926,13562456,685192,310195,293731,10139459,0,334148,351044,98268,211927,1468700,2248028,4076029,0,107144,227004,102439,248605,1258265,64797371,322167,926371,9727,85160,237007,45670,39490,186216,50791,924820,1551,277390,647430,1551,0,18,9709,8,10,9709,0,20006563,44790808,4977482,15029081,16572799,28218009,n9739,true,0.999987487941305,0.8499387832399674,11,2489,false,503,8,0.6593933481527612,0.8198952380162604,null
14851574,66055636,603926,13562456,685192,310195,293731,10139459,0,334148,351044,98268,211927,1468700,2248028,4076029,0,107144,227004,102439,248605,1258265,64797371,322167,926371,9727,85160,237007,45670,39490,186216,50791,924820,1551,277390,647430,1551,0,18,9709,8,10,9709,0,20006563,44790808,4977482,15029081,16572799,28218009,n8297,false,0.46245181785652173,0.05069023138588402,0,28128,false,501,2,0.7928974666212808,0.5721867086618014,null
14851574,66055636,603926,13562456,685192,310195,293731,10139459,0,334148,351044,98268,211927,1468700,2248028,4076029,0,107144,227004,102439,248605,1258265,64797371,322167,926371,9727,85160,237007,45670,39490,186216,50791,924820,1551,277390,647430,1551,0,18,9709,8,10,9709,0,20006563,44790808,4977482,15029081,16572799,28218009,n8299,false,0.9790683978475319,0.24710143762946662,0,167,false,503,8,0.9350073480274889,0.9942680407481912,null
14851574,66055636,603926,13562456,685192,310195,293731,10139459,0,334148,351044,98268,211927,1468700,2248028,4076029,0,107144,227004,102439,248605,1258265,64797371,322167,926371,9727,85160,237007,45670,39490,186216,50791,924820,1551,277390,647430,1551,0,18,9709,8,10,9709,0,20006563,44790808,4977482,15029081,16572799,28218009,n8293,false,0.32105963682846317,0.6176081511346827,0,2699,false,504,9,0.5608015850449224,0.03706430296083307,null
14851574,66055636,603926,13562456,685192,310195,293731,10139459,0,334148,351044,98268,211927,1468700,2248028,4076029,0,107144,227004,102439,248605,1258265,64797371,322167,926371,9727,85160,237007,45670,39490,186216,50791,924820,1551,277390,647430,1551,0,18,9709,8,10,9709,0,20006563,44790808,4977482,15029081,16572799,28218009,n19862,true,0.32387367700931,0.7484869289379334,11,27021,false,500,2,0.9111412108053651,0.35804892423716406,null
14851574,66055636,603926,13562456,685192,310195,293731,10139459,0,334148,351044,98268,211927,1468700,2248028,4076029,0,107144,227004,102439,248605,1258265,64797371,322167,926371,9727,85160,237007,45670,39490,186216,50791,924820,1551,277390,647430,1551,0,18,9709,8,10,9709,0,20006563,44790808,4977482,15029081,16572799,28218009,n3211,false,0.9999951812786987,0.8905540909712566,0,5754,false,502,4,0.7744155768220881,0.6648708487872634,null
14851574,66055636,603926,13562456,685192,310195,293731,10139459,0,334148,351044,98268,211927,1468700,2248028,4076029,0,107144,227004,102439,248605,1258265,64797371,322167,926371,9727,85160,237007,45670,39490,186216,50791,924820,1551,277390,647430,1551,0,18,9709,8,10,9709,0,20006563,44790808,4977482,15029081,16572799,28218009,n3210,true,0.151794704074957,0.6876382017806021,10,28999,false,0,0,0.212017383083271,0.5911869214497896,null
14851574,66055636,603926,13562456,685192,310195,293731,10139459,0,334148,351044,98268,211927,1468700,2248028,4076029,0,107144,227004,102439,248605,1258265,64797371,322167,926371,9727,85160,237007,45670,39490,186216,50791,924820,1551,277390,647430,1551,0,18,9709,8,10,9709,0,20006563,44790808,4977482,15029081,16572799,28218009,n3212,false,0.7273307565696469,0.8459197903385007,0,3828,false,503,6,0.5724759400625908,0.00644655999523136,null
14851574,66055636,603926,13562456,685192,310195,293731,10139459,0,334148,351044,98268,211927,1468700,2248028,4076029,0,107144,227004,102439,248605,1258265,64797371,322167,926371,9727,85160,237007,45670,39490,186216,50791,924820,1551,277390,647430,1551,0,18,9709,8,10,9709,0,20006563,44790808,4977482,15029081,16572799,28218009,n19856,false,0.5947065255760816,0.9563055970989014,0,1957,false,503,9,0.9002630574438366,0.7634089446382885,null
14851574,66055636,603926,13562456,685192,310195,293731,10139459,0,334148,351044,98268,211927,1468700,2248028,4076029,0,107144,227004,102439,248605,1258265,64797371,322167,926371,9727,85160,237007,45670,39490,186216,50791,924820,1551,277390,647430,1551,0,18,9709,8,10,9709,0,20006563,44790808,4977482,15029081,16572799,28218009,n13571,false,0.968105606042728,0.18008678348202678,0,18073,false,501,2,0.6676294166251276,0.27681695261522055,null
14851574,66055636,603926,13562456,685192,310195,293731,10139459,0,334148,351044,98268,211927,1468700,2248028,4076029,0,107144,227004,102439,248605,1258265,64797371,322167,926371,9727,85160,237007,45670,39490,186216,50791,924820,1551,277390,647430,1551,0,18,9709,8,10,9709,0,20006563,44790808,4977482,15029081,16572799,28218009,n9778,false,0.07515984889146904,0.3136332526228887,0,8381,false,502,6,0.8909909169040253,0.02066822103817678,null
14851574,66055636,603926,13562456,685192,310195,293731,10139459,0,334148,351044,98268,211927,1468700,2248028,4076029,0,107144,227004,102439,248605,1258265,64797371,322167,926371,9727,85160,237007,45670,39490,186216,50791,924820,1551,277390,647430,1551,0,18,9709,8,10,9709,0,20006563,44790808,4977482,15029081,16572799,28218009,n3221,false,0.19397316023909006,0.3006796859343063,0,6097,false,503,10,0.6792440079796966,0.0435597710539104,null
14851574,66055636,603926,13562456,685192,310195,293731,10139459,0,334148,351044,98268,211927,1468700,2248028,4076029,0,107144,227004,102439,248605,1258265,64797371,322167,926371,9727,85160,237007,45670,39490,186216,50791,924820,1551,277390,647430,1551,0,18,9709,8,10,9709,0,20006563,44790808,4977482,15029081,16572799,28218009,n32040,false,0.921333633012592,0.295236623934564,0,8807,false,504,9,0.24035248350221405,0.5537508733305406,null
14851574,66055636,603926,13562456,685192,310195,293731,10139459,0,334148,351044,98268,211927,1468700,2248028,4076029,0,107144,227004,102439,248605,1258265,64797371,322167,926371,9727,85160,237007,45670,39490,186216,50791,924820,1551,277390,647430,1551,0,18,9709,8,10,9709,0,20006563,44790808,4977482,15029081,16572799,28218009,n3223,false,0.16496132216438716,0.5290912368675559,0,15368,false,503,7,0.6261827958238915,0.08931283624282882,null
14851574,66055636,603926,13562456,685192,310195,293731,10139459,0,334148,351044,98268,211927,1468700,2248028,4076029,0,107144,227004,102439,248605,1258265,64797371,322167,926371,9727,85160,237007,45670,39490,186216,50791,924820,1551,277390,647430,1551,0,18,9709,8,10,9709,0,20006563,44790808,4977482,15029081,16572799,28218009,n9759,false,0.7422338769642066,0.8552769448564311,0,21719,false,501,3,0.8776066400655071,0.607358962901125,null
14851574,66055636,603926,13562456,685192,310195,293731,10139459,0,334148,351044,98268,211927,1468700,2248028,4076029,0,107144,227004,102439,248605,1258265,64797371,322167,926371,9727,85160,237007,45670,39490,186216,50791,924820,1551,277390,647430,1551,0,18,9709,8,10,9709,0,20006563,44790808,4977482,15029081,16572799,28218009,n13568,false,0.026570450021259115,0.6929042522019787,0,3631,false,505,10,0.6131343193057969,0.49915412926020664,null
14851574,66055636,603926,13562456,685192,310195,293731,10139459,0,334148,351044,98268,211927,1468700,2248028,4076029,0,107144,227004,102439,248605,1258265,64797371,322167,926371,9727,85160,237007,45670,39490,186216,50791,924820,1551,277390,647430,1551,0,18,9709,8,10,9709,0,20006563,44790808,4977482,15029081,16572799,28218009,n13567,true,0.08555828154373812,0.5258089293556387,11,13066,false,500,2,0.4203463887718978,0.8820613110702795,null
14851574,66055636,603926,13562456,685192,310195,293731,10139459,0,334148,351044,98268,211927,1468700,2248028,4076029,0,107144,227004,102439,248605,1258265,64797371,322167,926371,9727,85160,237007,45670,39490,186216,50791,924820,1551,277390,647430,1551,0,18,9709,8,10,9709,0,20006563,44790808,4977482,15029081,16572799,28218009,n11125,false,0.8585398274178311,0.18324830507645906,0,1954,false,505,11,0.007779812918999651,0.09982680407908573,null
14851574,66055636,603926,13562456,685192,310195,293731,10139459,0,334148,351044,98268,211927,1468700,2248028,4076029,0,107144,227004,102439,248605,1258265,64797371,322167,926371,9727,85160,237007,45670,39490,186216,50791,924820,1551,277390,647430,1551,0,18,9709,8,10,9709,0,20006563,44790808,4977482,15029081,16572799,28218009,n11123,false,0.4109356900195168,0.23623685755162105,0,6502,false,502,6,0.5365144853851387,0.609506466449369,null
14851574,66055636,603926,13562456,685192,310195,293731,10139459,0,334148,351044,98268,211927,1468700,2248028,4076029,0,107144,227004,102439,248605,1258265,64797371,322167,926371,9727,85160,237007,45670,39490,186216,50791,924820,1551,277390,647430,1551,0,18,9709,8,10,9709,0,20006563,44790808,4977482,15029081,16572799,28218009,n13593,false,0.5133166576538389,0.5440605244509423,0,15047,false,501,4,0.7801807466581568,0.5686560870712185,null
14851574,66055636,603926,13562456,685192,310195,293731,10139459,0,334148,351044,98268,211927,1468700,2248028,4076029,0,107144,227004,102439,248605,1258265,64797371,322167,926371,9727,85160,237007,45670,39490,186216,50791,924820,1551,277390,647430,1551,0,18,9709,8,10,9709,0,20006563,44790808,4977482,15029081,16572799,28218009,n28499,true,0.18057821484935488,0.6076655985299648,12,28999,false,0,0,0.4814823881867219,0.3768652479631594,null
14851574,66055636,603926,13562456,685192,310195,293731,10139459,0,334148,351044,98268,211927,1468700,2248028,4076029,0,107144,227004,102439,248605,1258265,64797371,322167,926371,9727,85160,237007,45670,39490,186216,50791,924820,1551,277390,647430,1551,0,18,9709,8,10,9709,0,20006563,44790808,4977482,15029081,16572799,28218009,n13594,true,0.6873628935758628,0.4069754029346795,11,184,false,502,7,0.5079485048614427,0.622215539568363,null
14851574,66055636,603926,13562456,685192,310195,293731,10139459,0,334148,351044,98268,211927,1468700,2248028,4076029,0,107144,227004,102439,248605,1258265,64797371,322167,926371,9727,85160,237007,45670,39490,186216,50791,924820,1551,277390,647430,1551,0,18,9709,8,10,9709,0,20006563,44790808,4977482,15029081,16572799,28218009,n2192,false,0.8460936475898491,0.32925669700984,0,1172,false,507,14,0.978463973277088,0.5299306322367724,null
14851574,66055636,603926,13562456,685192,310195,293731,10139459,0,334148,351044,98268,211927,1468700,2248028,4076029,0,107144,227004,102439,248605,1258265,64797371,322167,926371,9727,85160,237007,45670,39490,186216,50791,924820,1551,277390,647430,1551,0,18,9709,8,10,9709,0,20006563,44790808,4977482,15029081,16572799,28218009,n2194,false,0.21932560342038754,0.2994079124817611,0,20383,false,503,7,0.7959317040499937,0.5087190747072474,null
14851574,66055636,603926,13562456,685192,310195,293731,10139459,0,334148,351044,98268,211927,1468700,2248028,4076029,0,107144,227004,102439,248605,1258265,64797371,322167,926371,9727,85160,237007,45670,39490,186216,50791,924820,1551,277390,647430,1551,0,18,9709,8,10,9709,0,20006563,44790808,4977482,15029081,16572799,28218009,n15817,false,0.8504918033657763,0.7529214326846241,0,809,false,502,6,0.991360430769421,0.6291887268623286,null
14851574,66055636,603926,13562456,685192,310195,293731,10139459,0,334148,351044,98268,211927,1468700,2248028,4076029,0,107144,227004,102439,248605,1258265,64797371,322167,926371,9727,85160,237007,45670,39490,186216,50791,924820,1551,277390,647430,1551,0,18,9709,8,10,9709,0,20006563,44790808,4977482,15029081,16572799,28218009,n2196,false,0.9160836497018945,0.5125677829133228,0,2544,false,504,9,0.9499278842950996,0.6065429234190444,null
14851574,66055636,603926,13562456,685192,310195,293731,10139459,0,334148,351044,98268,211927,1468700,2248028,4076029,0,107144,227004,102439,248605,1258265,64797371,322167,926371,9727,85160,237007,45670,39490,186216,50791,924820,1551,277390,647430,1551,0,18,9709,8,10,9709,0,20006563,44790808,4977482,15029081,16572799,28218009,n9798,false,0.22746598772202853,0.17732894231260699,0,949,false,503,6,0.5404560982831699,0.9532210202483876,null
14851574,66055636,603926,13562456,685192,310195,293731,10139459,0,334148,351044,98268,211927,1468700,2248028,4076029,0,107144,227004,102439,248605,1258265,64797371,322167,926371,9727,85160,237007,45670,39490,186216,50791,924820,1551,277390,647430,1551,0,18,9709,8,10,9709,0,20006563,44790808,4977482,15029081,16572799,28218009,n15813,false,0.8879180092961271,0.6767959922931259,0,3035,false,501,4,0.9094406665782743,0.10528406720046957,null
14851574,66055636,603926,13562456,685192,310195,293731,10139459,0,334148,351044,98268,211927,1468700,2248028,4076029,0,107144,227004,102439,248605,1258265,64797371,322167,926371,9727,85160,237007,45670,39490,186216,50791,924820,1551,277390,647430,1551,0,18,9709,8,10,9709,0,20006563,44790808,4977482,15029081,16572799,28218009,n13580,false,0.9999988897376765,0.6841966118255949,0,3654,false,502,6,0.95997124674028,0.6285239199697338,null
14851574,66055636,603926,13562456,685192,310195,293731,10139459,0,334148,351044,98268,211927,1468700,2248028,4076029,0,107144,227004,102439,248605,1258265,64797371,322167,926371,9727,85160,237007,45670,39490,186216,50791,924820,1551,277390,647430,1551,0,18,9709,8,10,9709,0,20006563,44790808,4977482,15029081,16572799,28218009,n13583,true,0.4920477251299553,0.7465160132749589,10,8193,false,501,4,0.5468673608975251,0.1117271451656543,null
14851574,66055636,603926,13562456,685192,310195,293731,10139459,0,334148,351044,98268,211927,1468700,2248028,4076029,0,107144,227004,102439,248605,1258265,64797371,322167,926371,9727,85160,237007,45670,39490,186216,50791,924820,1551,277390,647430,1551,0,18,9709,8,10,9709,0,20006563,44790808,4977482,15029081,16572799,28218009,n13582,true,0.3742133792619585,0.4155590906868031,11,4767,false,503,8,0.7247885219330051,0.9109431367110614,null
14851574,66055636,603926,13562456,685192,310195,293731,10139459,0,334148,351044,98268,211927,1468700,2248028,4076029,0,107144,227004,102439,248605,1258265,64797371,322167,926371,9727,85160,237007,45670,39490,186216,50791,924820,1551,277390,647430,1551,0,18,9709,8,10,9709,0,20006563,44790808,4977482,15029081,16572799,28218009,n6057,false,0.03494985330363212,0.2107817494967798,0,12410,false,502,4,0.3043124048377892,0.12292818826220109,null
14851574,66055636,603926,13562456,685192,310195,293731,10139459,0,334148,351044,98268,211927,1468700,2248028,4076029,0,107144,227004,102439,248605,1258265,64797371,322167,926371,9727,85160,237007,45670,39490,186216,50791,924820,1551,277390,647430,1551,0,18,9709,8,10,9709,0,20006563,44790808,4977482,15029081,16572799,28218009,n15806,true,0.5052595225423999,0.8949603513973869,13,28999,false,0,0,0.6377039513243765,0.7411003801278138,null
14851574,66055636,603926,13562456,685192,310195,293731,10139459,0,334148,351044,98268,211927,1468700,2248028,4076029,0,107144,227004,102439,248605,1258265,64797371,322167,926371,9727,85160,237007,45670,39490,186216,50791,924820,1551,277390,647430,1551,0,18,9709,8,10,9709,0,20006563,44790808,4977482,15029081,16572799,28218009,n15801,false,0.0441629611791484,0.9990922020794324,0,274,false,503,7,0.6240333719530972,0.05772338863772419,null
14851574,66055636,603926,13562456,685192,310195,293731,10139459,0,334148,351044,98268,211927,1468700,2248028,4076029,0,107144,227004,102439,248605,1258265,64797371,322167,926371,9727,85160,237007,45670,39490,186216,50791,924820,1551,277390,647430,1551,0,18,9709,8,10,9709,0,20006563,44790808,4977482,15029081,16572799,28218009,n6051,true,0.5487291896088176,0.4289295061370246,11,28999,false,0,0,0.8482418679146425,0.7988560720115302,null
14851574,66055636,603926,13562456,685192,310195,293731,10139459,0,334148,351044,98268,211927,1468700,2248028,4076029,0,107144,227004,102439,248605,1258265,64797371,322167,926371,9727,85160,237007,45670,39490,186216,50791,924820,1551,277390,647430,1551,0,18,9709,8,10,9709,0,20006563,44790808,4977482,15029081,16572799,28218009,n9785,true,0.06320118491580645,0.49498725537410815,13,15818,false,500,3,0.7237371829427757,0.06418656276872259,null
14851574,66055636,603926,13562456,685192,310195,293731,10139459,0,334148,351044,98268,211927,1468700,2248028,4076029,0,107144,227004,102439,248605,1258265,64797371,322167,926371,9727,85160,237007,45670,39490,186216,50791,924820,1551,277390,647430,1551,0,18,9709,8,10,9709,0,20006563,44790808,4977482,15029081,16572799,28218009,n8281,false,0.3869433265998458,0.9357418142656851,0,1237,false,503,7,0.5688997541134242,0.6780834312924143,null
14851574,66055636,603926,13562456,685192,310195,293731,10139459,0,334148,351044,98268,211927,1468700,2248028,4076029,0,107144,227004,102439,248605,1258265,64797371,322167,926371,9727,85160,237007,45670,39490,186216,50791,924820,1551,277390,647430,1551,0,18,9709,8,10,9709,0,20006563,44790808,4977482,15029081,16572799,28218009,n6044,false,0.9999958241677156,0.36244602046281466,0,21706,false,501,2,0.6277788893238916,0.999710446360888,null
14851574,66055636,603926,13562456,685192,310195,293731,10139459,0,334148,351044,98268,211927,1468700,2248028,4076029,0,107144,227004,102439,248605,1258265,64797371,322167,926371,9727,85160,237007,45670,39490,186216,50791,924820,1551,277390,647430,1551,0,18,9709,8,10,9709,0,20006563,44790808,4977482,15029081,16572799,28218009,n6047,true,0.7476954012479691,0.5179498190389051,11,6186,false,501,3,0.6918753098453312,0.7043346101882524,null
14851574,66055636,603926,13562456,685192,310195,293731,10139459,0,334148,351044,98268,211927,1468700,2248028,4076029,0,107144,227004,102439,248605,1258265,64797371,322167,926371,9727,85160,237007,45670,39490,186216,50791,924820,1551,277390,647430,1551,0,18,9709,8,10,9709,0,20006563,44790808,4977482,15029081,16572799,28218009,n6046,true,0.5488254298339678,0.11456423170127317,11,12610,false,10,10,0.585697589512359,0.02858964488703364,null
14851574,66055636,603926,13562456,685192,310195,293731,10139459,0,334148,351044,98268,211927,1468700,2248028,4076029,0,107144,227004,102439,248605,1258265,64797371,322167,926371,9727,85160,237007,45670,39490,186216,50791,924820,1551,277390,647430,1551,0,18,9709,8,10,9709,0,20006563,44790808,4977482,15029081,16572799,28218009,n8288,false,0.6405152992859339,0.11209771491014442,0,16553,false,501,4,0.4628605825750688,0.946639062447411,null
14851574,66055636,603926,13562456,685192,310195,293731,10139459,0,334148,351044,98268,211927,1468700,2248028,4076029,0,107144,227004,102439,248605,1258265,64797371,322167,926371,9727,85160,237007,45670,39490,186216,50791,924820,1551,277390,647430,1551,0,18,9709,8,10,9709,0,20006563,44790808,4977482,15029081,16572799,28218009,n6040,false,0.999998616101745,0.3249389909545079,0,13917,false,504,9,0.9775995467662559,0.741749972931983,null
14851574,66055636,603926,13562456,685192,310195,293731,10139459,0,334148,351044,98268,211927,1468700,2248028,4076029,0,107144,227004,102439,248605,1258265,64797371,322167,926371,9727,85160,237007,45670,39490,186216,50791,924820,1551,277390,647430,1551,0,18,9709,8,10,9709,0,20006563,44790808,4977482,15029081,16572799,28218009,n11163,false,0.4531027094376304,0.3374442910026324,0,25688,false,501,2,0.8748370489767511,0.23332349213138948,null
14851574,66055636,603926,13562456,685192,310195,293731,10139459,0,334148,351044,98268,211927,1468700,2248028,4076029,0,107144,227004,102439,248605,1258265,64797371,322167,926371,9727,85160,237007,45670,39490,186216,50791,924820,1551,277390,647430,1551,0,18,9709,8,10,9709,0,20006563,44790808,4977482,15029081,16572799,28218009,n6029,false,0.999995429243137,0.3829607697684447,0,12192,false,500,2,0.8461082644081603,0.4287282791170712,null
14851574,66055636,603926,13562456,685192,310195,293731,10139459,0,334148,351044,98268,211927,1468700,2248028,4076029,0,107144,227004,102439,248605,1258265,64797371,322167,926371,9727,85160,237007,45670,39490,186216,50791,924820,1551,277390,647430,1551,0,18,9709,8,10,9709,0,20006563,44790808,4977482,15029081,16572799,28218009,n6033,false,0.15002635366946335,0.5595336244476364,0,790,false,501,2,0.8655193002124293,0.41855922151820285,null
14851574,66055636,603926,13562456,685192,310195,293731,10139459,0,334148,351044,98268,211927,1468700,2248028,4076029,0,107144,227004,102439,248605,1258265,64797371,322167,926371,9727,85160,237007,45670,39490,186216,50791,924820,1551,277390,647430,1551,0,18,9709,8,10,9709,0,20006563,44790808,4977482,15029081,16572799,28218009,n11165,true,0.0677499992435252,0.6251823835712311,14,19800,false,9,3,0.860424016813049,0.7453316786051435,null
14851574,66055636,603926,13562456,685192,310195,293731,10139459,0,334148,351044,98268,211927,1468700,2248028,4076029,0,107144,227004,102439,248605,1258265,64797371,322167,926371,9727,85160,237007,45670,39490,186216,50791,924820,1551,277390,647430,1551,0,18,9709,8,10,9709,0,20006563,44790808,4977482,15029081,16572799,28218009,n11166,false,0.7884630562047182,0.9296524839602509,0,1619,false,507,16,0.3922575290226614,0.35647793993886717,null
14851574,66055636,603926,13562456,685192,310195,293731,10139459,0,334148,351044,98268,211927,1468700,2248028,4076029,0,107144,227004,102439,248605,1258265,64797371,322167,926371,9727,85160,237007,45670,39490,186216,50791,924820,1551,277390,647430,1551,0,18,9709,8,10,9709,0,20006563,44790808,4977482,15029081,16572799,28218009,n21114,false,0.10840256621928218,0.5055695514665577,0,14978,false,502,6,0.9700419322632386,0.069598610231272,null
14851574,66055636,603926,13562456,685192,310195,293731,10139459,0,334148,351044,98268,211927,1468700,2248028,4076029,0,107144,227004,102439,248605,1258265,64797371,322167,926371,9727,85160,237007,45670,39490,186216,50791,924820,1551,277390,647430,1551,0,18,9709,8,10,9709,0,20006563,44790808,4977482,15029081,16572799,28218009,n17661,true,0.19084928280725844,0.48506463205826905,10,28999,false,0,0,0.8629050410322505,0.7999947857011991,null
14851574,66055636,603926,13562456,685192,310195,293731,10139459,0,334148,351044,98268,211927,1468700,2248028,4076029,0,107144,227004,102439,248605,1258265,64797371,322167,926371,9727,85160,237007,45670,39490,186216,50791,924820,1551,277390,647430,1551,0,18,9709,8,10,9709,0,20006563,44790808,4977482,15029081,16572799,28218009,n17669,false,0.16263384870163908,0.5586551540501236,0,28999,false,0,0,0.9789513745011615,0.6658345398878719,null
14851574,66055636,603926,13562456,685192,310195,293731,10139459,0,334148,351044,98268,211927,1468700,2248028,4076029,0,107144,227004,102439,248605,1258265,64797371,322167,926371,9727,85160,237007,45670,39490,186216,50791,924820,1551,277390,647430,1551,0,18,9709,8,10,9709,0,20006563,44790808,4977482,15029081,16572799,28218009,n13611,true,0.4209895699768222,0.8232406008565205,10,21356,false,500,2,0.856440424437117,0.10213163662487534,null
14851574,66055636,603926,13562456,685192,310195,293731,10139459,0,334148,351044,98268,211927,1468700,2248028,4076029,0,107144,227004,102439,248605,1258265,64797371,322167,926371,9727,85160,237007,45670,39490,186216,50791,924820,1551,277390,647430,1551,0,18,9709,8,10,9709,0,20006563,44790808,4977482,15029081,16572799,28218009,n13615,true,0.3770171283834152,0.7757906887627003,6,28999,false,0,0,0.6890815584564692,0.7572908480276421,null
14851574,66055636,603926,13562456,685192,310195,293731,10139459,0,334148,351044,98268,211927,1468700,2248028,4076029,0,107144,227004,102439,248605,1258265,64797371,322167,926371,9727,85160,237007,45670,39490,186216,50791,924820,1551,277390,647430,1551,0,18,9709,8,10,9709,0,20006563,44790808,4977482,15029081,16572799,28218009,n13624,false,0.5703339671935824,0.7785547011667759,0,4308,false,504,10,0.7931134726241093,0.575596744705379,null
14851574,66055636,603926,13562456,685192,310195,293731,10139459,0,334148,351044,98268,211927,1468700,2248028,4076029,0,107144,227004,102439,248605,1258265,64797371,322167,926371,9727,85160,237007,45670,39490,186216,50791,924820,1551,277390,647430,1551,0,18,9709,8,10,9709,0,20006563,44790808,4977482,15029081,16572799,28218009,n25075,false,0.18652124291656755,0.442697653047125,0,7154,false,504,9,0.17513328196590472,0.04340841736687273,null
14851574,66055636,603926,13562456,685192,310195,293731,10139459,0,334148,351044,98268,211927,1468700,2248028,4076029,0,107144,227004,102439,248605,1258265,64797371,322167,926371,9727,85160,237007,45670,39490,186216,50791,924820,1551,277390,647430,1551,0,18,9709,8,10,9709,0,20006563,44790808,4977482,15029081,16572799,28218009,n17653,false,0.9999964262029604,0.5061292080751736,0,10996,false,505,11,0.7546120864410009,0.9784956504620117,null
14851574,66055636,603926,13562456,685192,310195,293731,10139459,0,334148,351044,98268,211927,1468700,2248028,4076029,0,107144,227004,102439,248605,1258265,64797371,322167,926371,9727,85160,237007,45670,39490,186216,50791,924820,1551,277390,647430,1551,0,18,9709,8,10,9709,0,20006563,44790808,4977482,15029081,16572799,28218009,n25069,false,0.013902681263477674,0.2666506888276129,0,7088,false,503,7,0.7048358123049809,0.9669133420757162,null
14851574,66055636,603926,13562456,685192,310195,293731,10139459,0,334148,351044,98268,211927,1468700,2248028,4076029,0,107144,227004,102439,248605,1258265,64797371,322167,926371,9727,85160,237007,45670,39490,186216,50791,924820,1551,277390,647430,1551,0,18,9709,8,10,9709,0,20006563,44790808,4977482,15029081,16572799,28218009,n11232,false,0.03582084478688562,0.08972401591740353,0,5208,false,502,6,0.6383522607254886,0.21416945454277048,null
14851574,66055636,603926,13562456,685192,310195,293731,10139459,0,334148,351044,98268,211927,1468700,2248028,4076029,0,107144,227004,102439,248605,1258265,64797371,322167,926371,9727,85160,237007,45670,39490,186216,50791,924820,1551,277390,647430,1551,0,18,9709,8,10,9709,0,20006563,44790808,4977482,15029081,16572799,28218009,n9706,false,0.8384409813316952,0.3727679480239153,0,13909,false,502,5,0.650939652950763,0.8200029214484714,null
14851574,66055636,603926,13562456,685192,310195,293731,10139459,0,334148,351044,98268,211927,1468700,2248028,4076029,0,107144,227004,102439,248605,1258265,64797371,322167,926371,9727,85160,237007,45670,39490,186216,50791,924820,1551,277390,647430,1551,0,18,9709,8,10,9709,0,20006563,44790808,4977482,15029081,16572799,28218009,n15772,false,0.36492676289941783,0.11966343112718147,0,4392,false,504,9,0.6540078362673447,0.7792516465565911,null
14851574,66055636,603926,13562456,685192,310195,293731,10139459,0,334148,351044,98268,211927,1468700,2248028,4076029,0,107144,227004,102439,248605,1258265,64797371,322167,926371,9727,85160,237007,45670,39490,186216,50791,924820,1551,277390,647430,1551,0,18,9709,8,10,9709,0,20006563,44790808,4977482,15029081,16572799,28218009,n11201,false,0.3627800821900438,0.23112298224734446,0,201,false,503,7,0.4093541731320052,0.13591315139015891,null
14851574,66055636,603926,13562456,685192,310195,293731,10139459,0,334148,351044,98268,211927,1468700,2248028,4076029,0,107144,227004,102439,248605,1258265,64797371,322167,926371,9727,85160,237007,45670,39490,186216,50791,924820,1551,277390,647430,1551,0,18,9709,8,10,9709,0,20006563,44790808,4977482,15029081,16572799,28218009,n28402,false,0.9999998447555304,0.7181473217795874,0,28498,false,500,1,0.9902926919454665,0.3664041089130559,null
14851574,66055636,603926,13562456,685192,310195,293731,10139459,0,334148,351044,98268,211927,1468700,2248028,4076029,0,107144,227004,102439,248605,1258265,64797371,322167,926371,9727,85160,237007,45670,39490,186216,50791,924820,1551,277390,647430,1551,0,18,9709,8,10,9709,0,20006563,44790808,4977482,15029081,16572799,28218009,n9713,false,0.25519202025717147,0.143317404771807,0,24810,false,501,3,0.40292899703509627,0.2564976959361682,null
14851574,66055636,603926,13562456,685192,310195,293731,10139459,0,334148,351044,98268,211927,1468700,2248028,4076029,0,107144,227004,102439,248605,1258265,64797371,322167,926371,9727,85160,237007,45670,39490,186216,50791,924820,1551,277390,647430,1551,0,18,9709,8,10,9709,0,20006563,44790808,4977482,15029081,16572799,28218009,n9731,false,0.5335266895669312,0.9180887149281015,0,15553,false,502,5,0.7425454412314932,0.020063442105640927,null
14851574,66055636,603926,13562456,685192,310195,293731,10139459,0,334148,351044,98268,211927,1468700,2248028,4076029,0,107144,227004,102439,248605,1258265,64797371,322167,926371,9727,85160,237007,45670,39490,186216,50791,924820,1551,277390,647430,1551,0,18,9709,8,10,9709,0,20006563,44790808,4977482,15029081,16572799,28218009,n13658,true,0.603630330390346,0.4741731021121248,13,11198,false,500,1,0.12153047675789275,0.7413648516340282,null
14851574,66055636,603926,13562456,685192,310195,293731,10139459,0,334148,351044,98268,211927,1468700,2248028,4076029,0,107144,227004,102439,248605,1258265,64797371,322167,926371,9727,85160,237007,45670,39490,186216,50791,924820,1551,277390,647430,1551,0,18,9709,8,10,9709,0,20006563,44790808,4977482,15029081,16572799,28218009,n9727,false,0.6141594275598834,0.7550921128017827,0,6803,false,504,9,0.6668704133804838,0.7196797072367662,null
14851574,66055636,603926,13562456,685192,310195,293731,10139459,0,334148,351044,98268,211927,1468700,2248028,4076029,0,107144,227004,102439,248605,1258265,64797371,322167,926371,9727,85160,237007,45670,39490,186216,50791,924820,1551,277390,647430,1551,0,18,9709,8,10,9709,0,20006563,44790808,4977482,15029081,16572799,28218009,n10130,false,0.11922731968288779,0.46541637314463496,0,11245,false,506,13,0.7083424484032036,0.4336572773416828,null
14851574,66055636,603926,13562456,685192,310195,293731,10139459,0,334148,351044,98268,211927,1468700,2248028,4076029,0,107144,227004,102439,248605,1258265,64797371,322167,926371,9727,85160,237007,45670,39490,186216,50791,924820,1551,277390,647430,1551,0,18,9709,8,10,9709,0,20006563,44790808,4977482,15029081,16572799,28218009,n17606,false,0.02584628674956216,0.8573128670843656,0,2150,false,500,1,0.7583468990082283,0.14849996256816733,null
14851574,66055636,603926,13562456,685192,310195,293731,10139459,0,334148,351044,98268,211927,1468700,2248028,4076029,0,107144,227004,102439,248605,1258265,64797371,322167,926371,9727,85160,237007,45670,39490,186216,50791,924820,1551,277390,647430,1551,0,18,9709,8,10,9709,0,20006563,44790808,4977482,15029081,16572799,28218009,n29593,false,0.012210136308712156,0.4928996333309797,0,26690,false,501,6,0.6627499371660971,0.5481518759584041,null
14851574,66055636,603926,13562456,685192,310195,293731,10139459,0,334148,351044,98268,211927,1468700,2248028,4076029,0,107144,227004,102439,248605,1258265,64797371,322167,926371,9727,85160,237007,45670,39490,186216,50791,924820,1551,277390,647430,1551,0,18,9709,8,10,9709,0,20006563,44790808,4977482,15029081,16572799,28218009,n10139,false,0.27155282691102917,0.29886640249072727,0,1061,false,503,7,0.17332952571435878,0.6719223939070609,null
14851574,66055636,603926,13562456,685192,310195,293731,10139459,0,334148,351044,98268,211927,1468700,2248028,4076029,0,107144,227004,102439,248605,1258265,64797371,322167,926371,9727,85160,237007,45670,39490,186216,50791,924820,1551,277390,647430,1551,0,18,9709,8,10,9709,0,20006563,44790808,4977482,15029081,16572799,28218009,n10131,false,0.42900702475392016,0.00836149443604306,0,10392,false,502,6,0.8633512686036608,0.21131961830383583,null
14851574,66055636,603926,13562456,685192,310195,293731,10139459,0,334148,351044,98268,211927,1468700,2248028,4076029,0,107144,227004,102439,248605,1258265,64797371,322167,926371,9727,85160,237007,45670,39490,186216,50791,924820,1551,277390,647430,1551,0,18,9709,8,10,9709,0,20006563,44790808,4977482,15029081,16572799,28218009,n10132,false,0.9999987050618054,0.6343286678759582,0,3203,false,504,8,0.3975876460118398,0.9992440172618189,null
14851574,66055636,603926,13562456,685192,310195,293731,10139459,0,334148,351044,98268,211927,1468700,2248028,4076029,0,107144,227004,102439,248605,1258265,64797371,322167,926371,9727,85160,237007,45670,39490,186216,50791,924820,1551,277390,647430,1551,0,18,9709,8,10,9709,0,20006563,44790808,4977482,15029081,16572799,28218009,n14725,false,0.012897163163201044,0.4881762113280638,0,249,false,506,13,0.257504141438324,0.6495771023952592,null
14851574,66055636,603926,13562456,685192,310195,293731,10139459,0,334148,351044,98268,211927,1468700,2248028,4076029,0,107144,227004,102439,248605,1258265,64797371,322167,926371,9727,85160,237007,45670,39490,186216,50791,924820,1551,277390,647430,1551,0,18,9709,8,10,9709,0,20006563,44790808,4977482,15029081,16572799,28218009,n10146,false,0.30515209959942663,0.40480011042913533,0,23675,false,501,2,0.2853986665528828,0.41643484052153523,null
14851574,66055636,603926,13562456,685192,310195,293731,10139459,0,334148,351044,98268,211927,1468700,2248028,4076029,0,107144,227004,102439,248605,1258265,64797371,322167,926371,9727,85160,237007,45670,39490,186216,50791,924820,1551,277390,647430,1551,0,18,9709,8,10,9709,0,20006563,44790808,4977482,15029081,16572799,28218009,n10142,false,0.25990065122179234,0.5408056758869146,0,445,false,502,5,0.7552641262718846,0.9385611119862719,null
14851574,66055636,603926,13562456,685192,310195,293731,10139459,0,334148,351044,98268,211927,1468700,2248028,4076029,0,107144,227004,102439,248605,1258265,64797371,322167,926371,9727,85160,237007,45670,39490,186216,50791,924820,1551,277390,647430,1551,0,18,9709,8,10,9709,0,20006563,44790808,4977482,15029081,16572799,28218009,n7517,false,0.9247767865116482,0.6277179206247302,0,25084,false,501,2,0.4811680688624881,0.7237118316548101,null
14851574,66055636,603926,13562456,685192,310195,293731,10139459,0,334148,351044,98268,211927,1468700,2248028,4076029,0,107144,227004,102439,248605,1258265,64797371,322167,926371,9727,85160,237007,45670,39490,186216,50791,924820,1551,277390,647430,1551,0,18,9709,8,10,9709,0,20006563,44790808,4977482,15029081,16572799,28218009,n7519,true,0.6140148848745484,0.8780376117363798,12,9049,false,500,3,0.40468631481998985,0.6390684316809927,null
14851574,66055636,603926,13562456,685192,310195,293731,10139459,0,334148,351044,98268,211927,1468700,2248028,4076029,0,107144,227004,102439,248605,1258265,64797371,322167,926371,9727,85160,237007,45670,39490,186216,50791,924820,1551,277390,647430,1551,0,18,9709,8,10,9709,0,20006563,44790808,4977482,15029081,16572799,28218009,n7514,false,0.25502380953326337,0.08195954309561604,0,3112,false,503,8,0.7202252084861864,0.593893138355184,null
14851574,66055636,603926,13562456,685192,310195,293731,10139459,0,334148,351044,98268,211927,1468700,2248028,4076029,0,107144,227004,102439,248605,1258265,64797371,322167,926371,9727,85160,237007,45670,39490,186216,50791,924820,1551,277390,647430,1551,0,18,9709,8,10,9709,0,20006563,44790808,4977482,15029081,16572799,28218009,n14738,false,0.42470164603470695,0.9679551638058947,0,7849,false,502,4,0.7916727226516473,0.30353740098808246,null
14851574,66055636,603926,13562456,685192,310195,293731,10139459,0,334148,351044,98268,211927,1468700,2248028,4076029,0,107144,227004,102439,248605,1258265,64797371,322167,926371,9727,85160,237007,45670,39490,186216,50791,924820,1551,277390,647430,1551,0,18,9709,8,10,9709,0,20006563,44790808,4977482,15029081,16572799,28218009,n10111,false,0.9999970473647742,0.3153593011146888,0,28997,false,500,1,0.6439679489551379,0.7633182908262978,null
14851574,66055636,603926,13562456,685192,310195,293731,10139459,0,334148,351044,98268,211927,1468700,2248028,4076029,0,107144,227004,102439,248605,1258265,64797371,322167,926371,9727,85160,237007,45670,39490,186216,50791,924820,1551,277390,647430,1551,0,18,9709,8,10,9709,0,20006563,44790808,4977482,15029081,16572799,28218009,n10114,false,0.9999999043758101,0.3796232284433798,0,3741,false,506,13,0.6747461713266081,0.7450551719079478,null
14851574,66055636,603926,13562456,685192,310195,293731,10139459,0,334148,351044,98268,211927,1468700,2248028,4076029,0,107144,227004,102439,248605,1258265,64797371,322167,926371,9727,85160,237007,45670,39490,186216,50791,924820,1551,277390,647430,1551,0,18,9709,8,10,9709,0,20006563,44790808,4977482,15029081,16572799,28218009,n7534,false,0.9999957226709947,0.4869987031512407,0,7019,false,502,4,0.6096491485010203,0.8082233596510882,null
14851574,66055636,603926,13562456,685192,310195,293731,10139459,0,334148,351044,98268,211927,1468700,2248028,4076029,0,107144,227004,102439,248605,1258265,64797371,322167,926371,9727,85160,237007,45670,39490,186216,50791,924820,1551,277390,647430,1551,0,18,9709,8,10,9709,0,20006563,44790808,4977482,15029081,16572799,28218009,n7531,false,0.5945876392056355,0.58169156030414,0,21137,false,501,2,0.9993160351427585,0.5999902228060523,null
14851574,66055636,603926,13562456,685192,310195,293731,10139459,0,334148,351044,98268,211927,1468700,2248028,4076029,0,107144,227004,102439,248605,1258265,64797371,322167,926371,9727,85160,237007,45670,39490,186216,50791,924820,1551,277390,647430,1551,0,18,9709,8,10,9709,0,20006563,44790808,4977482,15029081,16572799,28218009,n10126,false,0.2521727269376568,0.6743429512851896,0,6058,false,502,4,0.5562273628256976,0.03469966616282183,null
14851574,66055636,603926,13562456,685192,310195,293731,10139459,0,334148,351044,98268,211927,1468700,2248028,4076029,0,107144,227004,102439,248605,1258265,64797371,322167,926371,9727,85160,237007,45670,39490,186216,50791,924820,1551,277390,647430,1551,0,18,9709,8,10,9709,0,20006563,44790808,4977482,15029081,16572799,28218009,n16814,false,0.37587259393067446,0.9407517723809053,0,28999,false,500,0,0.6430172084013288,0.8975218493395023,null
14851574,66055636,603926,13562456,685192,310195,293731,10139459,0,334148,351044,98268,211927,1468700,2248028,4076029,0,107144,227004,102439,248605,1258265,64797371,322167,926371,9727,85160,237007,45670,39490,186216,50791,924820,1551,277390,647430,1551,0,18,9709,8,10,9709,0,20006563,44790808,4977482,15029081,16572799,28218009,n10105,false,0.9999972431916948,0.3396968117633676,0,20115,false,500,2,0.674047773930842,0.7067782487983243,null
14851574,66055636,603926,13562456,685192,310195,293731,10139459,0,334148,351044,98268,211927,1468700,2248028,4076029,0,107144,227004,102439,248605,1258265,64797371,322167,926371,9727,85160,237007,45670,39490,186216,50791,924820,1551,277390,647430,1551,0,18,9709,8,10,9709,0,20006563,44790808,4977482,15029081,16572799,28218009,n16821,false,0.5704862033214291,0.25506826631558893,0,363,false,501,4,0.880422718519323,0.6426954394852624,null
14851574,66055636,603926,13562456,685192,310195,293731,10139459,0,334148,351044,98268,211927,1468700,2248028,4076029,0,107144,227004,102439,248605,1258265,64797371,322167,926371,9727,85160,237007,45670,39490,186216,50791,924820,1551,277390,647430,1551,0,18,9709,8,10,9709,0,20006563,44790808,4977482,15029081,16572799,28218009,n16824,false,0.25542687217276755,0.02262193492611997,0,4118,false,502,4,0.3850331785524854,0.8424918331291795,null
14851574,66055636,603926,13562456,685192,310195,293731,10139459,0,334148,351044,98268,211927,1468700,2248028,4076029,0,107144,227004,102439,248605,1258265,64797371,322167,926371,9727,85160,237007,45670,39490,186216,50791,924820,1551,277390,647430,1551,0,18,9709,8,10,9709,0,20006563,44790808,4977482,15029081,16572799,28218009,n10108,true,0.37664483398757514,0.0253389407344069,13,28999,false,0,0,0.6296088135176885,0.6864587703279235,null
14851574,66055636,603926,13562456,685192,310195,293731,10139459,0,334148,351044,98268,211927,1468700,2248028,4076029,0,107144,227004,102439,248605,1258265,64797371,322167,926371,9727,85160,237007,45670,39490,186216,50791,924820,1551,277390,647430,1551,0,18,9709,8,10,9709,0,20006563,44790808,4977482,15029081,16572799,28218009,n16826,false,0.9372877444848264,0.1325918328548107,0,18327,false,504,8,0.7808360560018625,0.33416398083462384,null
14851574,66055636,603926,13562456,685192,310195,293731,10139459,0,334148,351044,98268,211927,1468700,2248028,4076029,0,107144,227004,102439,248605,1258265,64797371,322167,926371,9727,85160,237007,45670,39490,186216,50791,924820,1551,277390,647430,1551,0,18,9709,8,10,9709,0,20006563,44790808,4977482,15029081,16572799,28218009,n5389,true,0.9999867808094468,0.6563207920133298,11,9417,false,500,1,0.5189357734927269,0.7656582099941723,null
14851574,66055636,603926,13562456,685192,310195,293731,10139459,0,334148,351044,98268,211927,1468700,2248028,4076029,0,107144,227004,102439,248605,1258265,64797371,322167,926371,9727,85160,237007,45670,39490,186216,50791,924820,1551,277390,647430,1551,0,18,9709,8,10,9709,0,20006563,44790808,4977482,15029081,16572799,28218009,n16836,false,0.5094973497686508,0.11492829246178271,0,3798,false,502,5,0.26670400872715894,0.9438921377573237,null
14851574,66055636,603926,13562456,685192,310195,293731,10139459,0,334148,351044,98268,211927,1468700,2248028,4076029,0,107144,227004,102439,248605,1258265,64797371,322167,926371,9727,85160,237007,45670,39490,186216,50791,924820,1551,277390,647430,1551,0,18,9709,8,10,9709,0,20006563,44790808,4977482,15029081,16572799,28218009,n5380,false,0.18266046742236391,0.9969978107556628,0,4546,false,507,14,0.4233032272690063,0.04096592465553128,null
14851574,66055636,603926,13562456,685192,310195,293731,10139459,0,334148,351044,98268,211927,1468700,2248028,4076029,0,107144,227004,102439,248605,1258265,64797371,322167,926371,9727,85160,237007,45670,39490,186216,50791,924820,1551,277390,647430,1551,0,18,9709,8,10,9709,0,20006563,44790808,4977482,15029081,16572799,28218009,n16832,false,0.7271274819863267,0.11986797555261663,0,25442,false,501,3,0.3646662847326063,0.26063563849605287,null
14851574,66055636,603926,13562456,685192,310195,293731,10139459,0,334148,351044,98268,211927,1468700,2248028,4076029,0,107144,227004,102439,248605,1258265,64797371,322167,926371,9727,85160,237007,45670,39490,186216,50791,924820,1551,277390,647430,1551,0,18,9709,8,10,9709,0,20006563,44790808,4977482,15029081,16572799,28218009,n14704,false,0.43882144942418577,0.6919112812982315,0,7,false,503,7,0.6660667693983477,0.6534932078827913,null
14851574,66055636,603926,13562456,685192,310195,293731,10139459,0,334148,351044,98268,211927,1468700,2248028,4076029,0,107144,227004,102439,248605,1258265,64797371,322167,926371,9727,85160,237007,45670,39490,186216,50791,924820,1551,277390,647430,1551,0,18,9709,8,10,9709,0,20006563,44790808,4977482,15029081,16572799,28218009,n5397,true,0.9568542953203303,0.4024753088989067,13,2894,false,504,10,0.2858186288194614,0.16029910341180886,null
14851574,66055636,603926,13562456,685192,310195,293731,10139459,0,334148,351044,98268,211927,1468700,2248028,4076029,0,107144,227004,102439,248605,1258265,64797371,322167,926371,9727,85160,237007,45670,39490,186216,50791,924820,1551,277390,647430,1551,0,18,9709,8,10,9709,0,20006563,44790808,4977482,15029081,16572799,28218009,n16849,false,0.9999987977158424,0.17821288950700898,0,1377,false,503,7,0.47751578271833034,0.4668916299706964,null
14851574,66055636,603926,13562456,685192,310195,293731,10139459,0,334148,351044,98268,211927,1468700,2248028,4076029,0,107144,227004,102439,248605,1258265,64797371,322167,926371,9727,85160,237007,45670,39490,186216,50791,924820,1551,277390,647430,1551,0,18,9709,8,10,9709,0,20006563,44790808,4977482,15029081,16572799,28218009,n5398,false,0.904924036033306,0.18635580663036733,0,28999,false,0,0,0.9076559804450959,0.09503050979053629,null
14851574,66055636,603926,13562456,685192,310195,293731,10139459,0,334148,351044,98268,211927,1468700,2248028,4076029,0,107144,227004,102439,248605,1258265,64797371,322167,926371,9727,85160,237007,45670,39490,186216,50791,924820,1551,277390,647430,1551,0,18,9709,8,10,9709,0,20006563,44790808,4977482,15029081,16572799,28218009,n5399,false,0.5538210387906776,0.7938137621830577,0,1066,false,503,8,0.7550204525878506,0.6578739819994421,null
14851574,66055636,603926,13562456,685192,310195,293731,10139459,0,334148,351044,98268,211927,1468700,2248028,4076029,0,107144,227004,102439,248605,1258265,64797371,322167,926371,9727,85160,237007,45670,39490,186216,50791,924820,1551,277390,647430,1551,0,18,9709,8,10,9709,0,20006563,44790808,4977482,15029081,16572799,28218009,n16845,false,0.37745637811185623,0.8969369501078047,0,2542,false,505,10,0.6004531399718163,0.7146659520549752,null
14851574,66055636,603926,13562456,685192,310195,293731,10139459,0,334148,351044,98268,211927,1468700,2248028,4076029,0,107144,227004,102439,248605,1258265,64797371,322167,926371,9727,85160,237007,45670,39490,186216,50791,924820,1551,277390,647430,1551,0,18,9709,8,10,9709,0,20006563,44790808,4977482,15029081,16572799,28218009,n14702,false,0.999998869246367,0.15293735208517234,0,10048,false,501,3,0.7972324777027011,0.17610389598153542,null
14851574,66055636,603926,13562456,685192,310195,293731,10139459,0,334148,351044,98268,211927,1468700,2248028,4076029,0,107144,227004,102439,248605,1258265,64797371,322167,926371,9727,85160,237007,45670,39490,186216,50791,924820,1551,277390,647430,1551,0,18,9709,8,10,9709,0,20006563,44790808,4977482,15029081,16572799,28218009,n5390,true,0.9999979137304421,0.5137603278547296,11,2649,false,502,5,0.2928912174697976,0.8101074224716722,null
14851574,66055636,603926,13562456,685192,310195,293731,10139459,0,334148,351044,98268,211927,1468700,2248028,4076029,0,107144,227004,102439,248605,1258265,64797371,322167,926371,9727,85160,237007,45670,39490,186216,50791,924820,1551,277390,647430,1551,0,18,9709,8,10,9709,0,20006563,44790808,4977482,15029081,16572799,28218009,n2210,false,0.9999957354896734,0.34030679839205186,0,15344,false,503,7,0.3574417944365206,0.4080286269270485,null
14851574,66055636,603926,13562456,685192,310195,293731,10139459,0,334148,351044,98268,211927,1468700,2248028,4076029,0,107144,227004,102439,248605,1258265,64797371,322167,926371,9727,85160,237007,45670,39490,186216,50791,924820,1551,277390,647430,1551,0,18,9709,8,10,9709,0,20006563,44790808,4977482,15029081,16572799,28218009,n7497,false,0.328999814291281,0.8713232577695439,0,28959,false,500,1,0.8807890880159691,0.14995555482726963,null
14851574,66055636,603926,13562456,685192,310195,293731,10139459,0,334148,351044,98268,211927,1468700,2248028,4076029,0,107144,227004,102439,248605,1258265,64797371,322167,926371,9727,85160,237007,45670,39490,186216,50791,924820,1551,277390,647430,1551,0,18,9709,8,10,9709,0,20006563,44790808,4977482,15029081,16572799,28218009,n16805,false,0.8212114008534201,0.47652978541411056,0,2418,false,501,3,0.8269747338286914,0.8113994491257409,null
14851574,66055636,603926,13562456,685192,310195,293731,10139459,0,334148,351044,98268,211927,1468700,2248028,4076029,0,107144,227004,102439,248605,1258265,64797371,322167,926371,9727,85160,237007,45670,39490,186216,50791,924820,1551,277390,647430,1551,0,18,9709,8,10,9709,0,20006563,44790808,4977482,15029081,16572799,28218009,n7496,false,0.8860319782352298,0.16534796505998106,0,14244,false,500,2,0.6102269316918019,0.7417642397231798,null
14851574,66055636,603926,13562456,685192,310195,293731,10139459,0,334148,351044,98268,211927,1468700,2248028,4076029,0,107144,227004,102439,248605,1258265,64797371,322167,926371,9727,85160,237007,45670,39490,186216,50791,924820,1551,277390,647430,1551,0,18,9709,8,10,9709,0,20006563,44790808,4977482,15029081,16572799,28218009,n5231,true,0.10999645792599631,0.4581804574242051,10,412,false,500,3,0.4700154220355343,0.7904115641904212,null
14851574,66055636,603926,13562456,685192,310195,293731,10139459,0,334148,351044,98268,211927,1468700,2248028,4076029,0,107144,227004,102439,248605,1258265,64797371,322167,926371,9727,85160,237007,45670,39490,186216,50791,924820,1551,277390,647430,1551,0,18,9709,8,10,9709,0,20006563,44790808,4977482,15029081,16572799,28218009,n16801,false,0.6099993016765308,0.16370098583868464,0,1934,false,502,4,0.9064509194454179,0.05884793758849971,null
14851574,66055636,603926,13562456,685192,310195,293731,10139459,0,334148,351044,98268,211927,1468700,2248028,4076029,0,107144,227004,102439,248605,1258265,64797371,322167,926371,9727,85160,237007,45670,39490,186216,50791,924820,1551,277390,647430,1551,0,18,9709,8,10,9709,0,20006563,44790808,4977482,15029081,16572799,28218009,n8128,false,0.9999961867623353,0.6702281888740337,0,28998,false,500,1,0.5125060844500453,0.6715796471447332,null
14851574,66055636,603926,13562456,685192,310195,293731,10139459,0,334148,351044,98268,211927,1468700,2248028,4076029,0,107144,227004,102439,248605,1258265,64797371,322167,926371,9727,85160,237007,45670,39490,186216,50791,924820,1551,277390,647430,1551,0,18,9709,8,10,9709,0,20006563,44790808,4977482,15029081,16572799,28218009,n11090,false,0.6978398907214717,0.9579441265646544,0,6235,false,502,5,0.50049709531732,0.1717931832117353,null
14851574,66055636,603926,13562456,685192,310195,293731,10139459,0,334148,351044,98268,211927,1468700,2248028,4076029,0,107144,227004,102439,248605,1258265,64797371,322167,926371,9727,85160,237007,45670,39490,186216,50791,924820,1551,277390,647430,1551,0,18,9709,8,10,9709,0,20006563,44790808,4977482,15029081,16572799,28218009,n2208,false,0.08853933336631392,0.3743093736090921,0,10452,false,504,8,0.4878455054344303,0.7393832467760243,null
14851574,66055636,603926,13562456,685192,310195,293731,10139459,0,334148,351044,98268,211927,1468700,2248028,4076029,0,107144,227004,102439,248605,1258265,64797371,322167,926371,9727,85160,237007,45670,39490,186216,50791,924820,1551,277390,647430,1551,0,18,9709,8,10,9709,0,20006563,44790808,4977482,15029081,16572799,28218009,n2203,false,0.9995511871873113,0.4088449389346445,0,955,false,506,13,0.7127682783785857,0.3360350430986282,null
14851574,66055636,603926,13562456,685192,310195,293731,10139459,0,334148,351044,98268,211927,1468700,2248028,4076029,0,107144,227004,102439,248605,1258265,64797371,322167,926371,9727,85160,237007,45670,39490,186216,50791,924820,1551,277390,647430,1551,0,18,9709,8,10,9709,0,20006563,44790808,4977482,15029081,16572799,28218009,n5226,false,0.7745436976362053,0.44894126431268483,0,13176,false,502,6,0.9491817711855006,0.9520287526419137,null
14851574,66055636,603926,13562456,685192,310195,293731,10139459,0,334148,351044,98268,211927,1468700,2248028,4076029,0,107144,227004,102439,248605,1258265,64797371,322167,926371,9727,85160,237007,45670,39490,186216,50791,924820,1551,277390,647430,1551,0,18,9709,8,10,9709,0,20006563,44790808,4977482,15029081,16572799,28218009,n5223,true,0.3616584562059586,0.09409436324831078,13,1364,false,501,3,0.6584354056135211,0.7703613545190536,null
14851574,66055636,603926,13562456,685192,310195,293731,10139459,0,334148,351044,98268,211927,1468700,2248028,4076029,0,107144,227004,102439,248605,1258265,64797371,322167,926371,9727,85160,237007,45670,39490,186216,50791,924820,1551,277390,647430,1551,0,18,9709,8,10,9709,0,20006563,44790808,4977482,15029081,16572799,28218009,n7482,false,0.9999950700292708,0.8842996287487567,0,3832,false,503,8,0.7643538538090754,0.9343415106074412,null
14851574,66055636,603926,13562456,685192,310195,293731,10139459,0,334148,351044,98268,211927,1468700,2248028,4076029,0,107144,227004,102439,248605,1258265,64797371,322167,926371,9727,85160,237007,45670,39490,186216,50791,924820,1551,277390,647430,1551,0,18,9709,8,10,9709,0,20006563,44790808,4977482,15029081,16572799,28218009,n14574,false,0.6210093950998828,0.7234559729475992,0,12841,false,502,4,0.04753536694847982,0.07647802860600317,null
14851574,66055636,603926,13562456,685192,310195,293731,10139459,0,334148,351044,98268,211927,1468700,2248028,4076029,0,107144,227004,102439,248605,1258265,64797371,322167,926371,9727,85160,237007,45670,39490,186216,50791,924820,1551,277390,647430,1551,0,18,9709,8,10,9709,0,20006563,44790808,4977482,15029081,16572799,28218009,n2216,false,0.45860233793270816,0.19335950169952432,0,7324,false,502,4,0.9877856237020775,0.9911279244911245,null
14851574,66055636,603926,13562456,685192,310195,293731,10139459,0,334148,351044,98268,211927,1468700,2248028,4076029,0,107144,227004,102439,248605,1258265,64797371,322167,926371,9727,85160,237007,45670,39490,186216,50791,924820,1551,277390,647430,1551,0,18,9709,8,10,9709,0,20006563,44790808,4977482,15029081,16572799,28218009,n5218,true,0.045859928173719075,0.018530178592539803,14,3373,false,513,29,0.25352570479097847,0.9434268836622202,null
14851574,66055636,603926,13562456,685192,310195,293731,10139459,0,334148,351044,98268,211927,1468700,2248028,4076029,0,107144,227004,102439,248605,1258265,64797371,322167,926371,9727,85160,237007,45670,39490,186216,50791,924820,1551,277390,647430,1551,0,18,9709,8,10,9709,0,20006563,44790808,4977482,15029081,16572799,28218009,n5219,false,0.07117531794843557,0.3213092922494528,0,1617,false,502,6,0.9082114594261602,0.23849513068414752,null
14851574,66055636,603926,13562456,685192,310195,293731,10139459,0,334148,351044,98268,211927,1468700,2248028,4076029,0,107144,227004,102439,248605,1258265,64797371,322167,926371,9727,85160,237007,45670,39490,186216,50791,924820,1551,277390,647430,1551,0,18,9709,8,10,9709,0,20006563,44790808,4977482,15029081,16572799,28218009,n2212,true,0.7088595565932608,0.6835565567468312,10,11991,false,501,3,0.8773813300254475,0.9643372654656329,null
14851574,66055636,603926,13562456,685192,310195,293731,10139459,0,334148,351044,98268,211927,1468700,2248028,4076029,0,107144,227004,102439,248605,1258265,64797371,322167,926371,9727,85160,237007,45670,39490,186216,50791,924820,1551,277390,647430,1551,0,18,9709,8,10,9709,0,20006563,44790808,4977482,15029081,16572799,28218009,n5255,true,0.4966506331228946,0.3238695872116738,10,993,false,501,4,0.7903339614218067,0.0956855872276311,null
14851574,66055636,603926,13562456,685192,310195,293731,10139459,0,334148,351044,98268,211927,1468700,2248028,4076029,0,107144,227004,102439,248605,1258265,64797371,322167,926371,9727,85160,237007,45670,39490,186216,50791,924820,1551,277390,647430,1551,0,18,9709,8,10,9709,0,20006563,44790808,4977482,15029081,16572799,28218009,n14566,true,0.2689113389094314,0.4045043569865951,16,28996,false,3,1,0.8290282380441231,0.866042520636956,null
14851574,66055636,603926,13562456,685192,310195,293731,10139459,0,334148,351044,98268,211927,1468700,2248028,4076029,0,107144,227004,102439,248605,1258265,64797371,322167,926371,9727,85160,237007,45670,39490,186216,50791,924820,1551,277390,647430,1551,0,18,9709,8,10,9709,0,20006563,44790808,4977482,15029081,16572799,28218009,n8102,false,0.9317685221276781,0.221298604458661,0,69,false,502,4,0.7216491113848513,0.690867489813399,null
14851574,66055636,603926,13562456,685192,310195,293731,10139459,0,334148,351044,98268,211927,1468700,2248028,4076029,0,107144,227004,102439,248605,1258265,64797371,322167,926371,9727,85160,237007,45670,39490,186216,50791,924820,1551,277390,647430,1551,0,18,9709,8,10,9709,0,20006563,44790808,4977482,15029081,16572799,28218009,n14562,false,0.999995985228307,0.9887465430732855,0,1534,false,505,12,0.9544045032408222,0.4958394500556773,null
14851574,66055636,603926,13562456,685192,310195,293731,10139459,0,334148,351044,98268,211927,1468700,2248028,4076029,0,107144,227004,102439,248605,1258265,64797371,322167,926371,9727,85160,237007,45670,39490,186216,50791,924820,1551,277390,647430,1551,0,18,9709,8,10,9709,0,20006563,44790808,4977482,15029081,16572799,28218009,n19912,false,0.06157964926049632,0.9213037492946823,0,17649,false,502,4,0.7283541704029366,0.03271870302386348,null
14851574,66055636,603926,13562456,685192,310195,293731,10139459,0,334148,351044,98268,211927,1468700,2248028,4076029,0,107144,227004,102439,248605,1258265,64797371,322167,926371,9727,85160,237007,45670,39490,186216,50791,924820,1551,277390,647430,1551,0,18,9709,8,10,9709,0,20006563,44790808,4977482,15029081,16572799,28218009,n5243,false,0.3971456455244976,0.6630032751849702,0,10189,false,502,4,0.5337175326898986,0.7382727574751506,null
14851574,66055636,603926,13562456,685192,310195,293731,10139459,0,334148,351044,98268,211927,1468700,2248028,4076029,0,107144,227004,102439,248605,1258265,64797371,322167,926371,9727,85160,237007,45670,39490,186216,50791,924820,1551,277390,647430,1551,0,18,9709,8,10,9709,0,20006563,44790808,4977482,15029081,16572799,28218009,n5245,false,0.7380691724558878,0.9174222874574052,0,703,false,505,11,0.3494655339256647,0.027926538469432938,null
14851574,66055636,603926,13562456,685192,310195,293731,10139459,0,334148,351044,98268,211927,1468700,2248028,4076029,0,107144,227004,102439,248605,1258265,64797371,322167,926371,9727,85160,237007,45670,39490,186216,50791,924820,1551,277390,647430,1551,0,18,9709,8,10,9709,0,20006563,44790808,4977482,15029081,16572799,28218009,n14555,false,0.9999970266841651,0.07895594089163938,0,8601,false,503,7,0.6071672450322665,0.46009677544998306,null
14851574,66055636,603926,13562456,685192,310195,293731,10139459,0,334148,351044,98268,211927,1468700,2248028,4076029,0,107144,227004,102439,248605,1258265,64797371,322167,926371,9727,85160,237007,45670,39490,186216,50791,924820,1551,277390,647430,1551,0,18,9709,8,10,9709,0,20006563,44790808,4977482,15029081,16572799,28218009,n5237,false,0.9999993871387792,0.2955961979452068,0,4483,false,505,11,0.7967244654425034,0.14789695899268274,null
14851574,66055636,603926,13562456,685192,310195,293731,10139459,0,334148,351044,98268,211927,1468700,2248028,4076029,0,107144,227004,102439,248605,1258265,64797371,322167,926371,9727,85160,237007,45670,39490,186216,50791,924820,1551,277390,647430,1551,0,18,9709,8,10,9709,0,20006563,44790808,4977482,15029081,16572799,28218009,n33670,false,0.31528316377591237,0.3320332403799239,0,5463,false,501,3,0.6862864107123967,0.6884568180673599,null
14851574,66055636,603926,13562456,685192,310195,293731,10139459,0,334148,351044,98268,211927,1468700,2248028,4076029,0,107144,227004,102439,248605,1258265,64797371,322167,926371,9727,85160,237007,45670,39490,186216,50791,924820,1551,277390,647430,1551,0,18,9709,8,10,9709,0,20006563,44790808,4977482,15029081,16572799,28218009,n14542,false,0.15348254442911177,0.9043996375571572,0,10722,false,500,2,0.6657287042821614,0.9781876718112144,null
14851574,66055636,603926,13562456,685192,310195,293731,10139459,0,334148,351044,98268,211927,1468700,2248028,4076029,0,107144,227004,102439,248605,1258265,64797371,322167,926371,9727,85160,237007,45670,39490,186216,50791,924820,1551,277390,647430,1551,0,18,9709,8,10,9709,0,20006563,44790808,4977482,15029081,16572799,28218009,n7450,false,0.4861825159794141,0.5614373373158119,0,21709,false,501,4,0.6831521236698652,0.12296533286575662,null
14851574,66055636,603926,13562456,685192,310195,293731,10139459,0,334148,351044,98268,211927,1468700,2248028,4076029,0,107144,227004,102439,248605,1258265,64797371,322167,926371,9727,85160,237007,45670,39490,186216,50791,924820,1551,277390,647430,1551,0,18,9709,8,10,9709,0,20006563,44790808,4977482,15029081,16572799,28218009,n3384,false,0.1201633088004452,0.9266958212417732,0,16448,false,502,5,0.7072784202101372,0.35385735032313076,null
14851574,66055636,603926,13562456,685192,310195,293731,10139459,0,334148,351044,98268,211927,1468700,2248028,4076029,0,107144,227004,102439,248605,1258265,64797371,322167,926371,9727,85160,237007,45670,39490,186216,50791,924820,1551,277390,647430,1551,0,18,9709,8,10,9709,0,20006563,44790808,4977482,15029081,16572799,28218009,n3386,true,0.792343042747079,0.28446338417654243,11,28999,false,0,0,0.07509852094860692,0.5642650777793263,null
14851574,66055636,603926,13562456,685192,310195,293731,10139459,0,334148,351044,98268,211927,1468700,2248028,4076029,0,107144,227004,102439,248605,1258265,64797371,322167,926371,9727,85160,237007,45670,39490,186216,50791,924820,1551,277390,647430,1551,0,18,9709,8,10,9709,0,20006563,44790808,4977482,15029081,16572799,28218009,n7453,false,0.38958689726967405,0.8402511659207401,0,3999,false,503,6,0.7734714086649226,0.5908057887212096,null
14851574,66055636,603926,13562456,685192,310195,293731,10139459,0,334148,351044,98268,211927,1468700,2248028,4076029,0,107144,227004,102439,248605,1258265,64797371,322167,926371,9727,85160,237007,45670,39490,186216,50791,924820,1551,277390,647430,1551,0,18,9709,8,10,9709,0,20006563,44790808,4977482,15029081,16572799,28218009,n7455,true,0.6104979874222726,0.08390762439073496,11,2336,false,501,3,0.7919457098228735,0.8947430963469319,null
14851574,66055636,603926,13562456,685192,310195,293731,10139459,0,334148,351044,98268,211927,1468700,2248028,4076029,0,107144,227004,102439,248605,1258265,64797371,322167,926371,9727,85160,237007,45670,39490,186216,50791,924820,1551,277390,647430,1551,0,18,9709,8,10,9709,0,20006563,44790808,4977482,15029081,16572799,28218009,n3382,false,0.7373822416258642,0.33318070059430493,0,4624,false,502,4,0.486222425090693,0.9170125997910791,null
14851574,66055636,603926,13562456,685192,310195,293731,10139459,0,334148,351044,98268,211927,1468700,2248028,4076029,0,107144,227004,102439,248605,1258265,64797371,322167,926371,9727,85160,237007,45670,39490,186216,50791,924820,1551,277390,647430,1551,0,18,9709,8,10,9709,0,20006563,44790808,4977482,15029081,16572799,28218009,n7447,false,0.9999980422840091,0.5126868153373982,0,5514,false,503,7,0.9740832338995368,0.8682074916643547,null
14851574,66055636,603926,13562456,685192,310195,293731,10139459,0,334148,351044,98268,211927,1468700,2248028,4076029,0,107144,227004,102439,248605,1258265,64797371,322167,926371,9727,85160,237007,45670,39490,186216,50791,924820,1551,277390,647430,1551,0,18,9709,8,10,9709,0,20006563,44790808,4977482,15029081,16572799,28218009,n2248,false,0.9603103641969124,0.505328871507511,0,28999,false,0,0,0.36013190344666923,0.2690888564963697,null
14851574,66055636,603926,13562456,685192,310195,293731,10139459,0,334148,351044,98268,211927,1468700,2248028,4076029,0,107144,227004,102439,248605,1258265,64797371,322167,926371,9727,85160,237007,45670,39490,186216,50791,924820,1551,277390,647430,1551,0,18,9709,8,10,9709,0,20006563,44790808,4977482,15029081,16572799,28218009,n7449,false,0.8460672324963114,0.3331330289863133,0,1439,false,505,10,0.6320645570672055,0.9669130476184211,null
14851574,66055636,603926,13562456,685192,310195,293731,10139459,0,334148,351044,98268,211927,1468700,2248028,4076029,0,107144,227004,102439,248605,1258265,64797371,322167,926371,9727,85160,237007,45670,39490,186216,50791,924820,1551,277390,647430,1551,0,18,9709,8,10,9709,0,20006563,44790808,4977482,15029081,16572799,28218009,n3378,false,0.9923070958352923,0.9143800684351896,0,3229,false,501,3,0.49945235218797146,0.15692341206973304,null
14851574,66055636,603926,13562456,685192,310195,293731,10139459,0,334148,351044,98268,211927,1468700,2248028,4076029,0,107144,227004,102439,248605,1258265,64797371,322167,926371,9727,85160,237007,45670,39490,186216,50791,924820,1551,277390,647430,1551,0,18,9709,8,10,9709,0,20006563,44790808,4977482,15029081,16572799,28218009,n14537,false,0.9480122621002192,0.7239924153765562,0,15765,false,503,7,0.9592864709120955,0.5990808556827931,null
14851574,66055636,603926,13562456,685192,310195,293731,10139459,0,334148,351044,98268,211927,1468700,2248028,4076029,0,107144,227004,102439,248605,1258265,64797371,322167,926371,9727,85160,237007,45670,39490,186216,50791,924820,1551,277390,647430,1551,0,18,9709,8,10,9709,0,20006563,44790808,4977482,15029081,16572799,28218009,n14533,false,0.37212320356394535,0.6306226022212644,0,11632,false,504,9,0.8970602816378491,0.6543195100147846,null
14851574,66055636,603926,13562456,685192,310195,293731,10139459,0,334148,351044,98268,211927,1468700,2248028,4076029,0,107144,227004,102439,248605,1258265,64797371,322167,926371,9727,85160,237007,45670,39490,186216,50791,924820,1551,277390,647430,1551,0,18,9709,8,10,9709,0,20006563,44790808,4977482,15029081,16572799,28218009,n7441,false,0.32490735391737907,0.47083506955066157,0,455,false,506,13,0.6896569384334503,0.6940899629375064,null
14851574,66055636,603926,13562456,685192,310195,293731,10139459,0,334148,351044,98268,211927,1468700,2248028,4076029,0,107144,227004,102439,248605,1258265,64797371,322167,926371,9727,85160,237007,45670,39490,186216,50791,924820,1551,277390,647430,1551,0,18,9709,8,10,9709,0,20006563,44790808,4977482,15029081,16572799,28218009,n2262,false,0.6367086255925934,0.8599105413157658,0,11129,false,500,1,0.9747992757242064,0.08013761130787833,null
14851574,66055636,603926,13562456,685192,310195,293731,10139459,0,334148,351044,98268,211927,1468700,2248028,4076029,0,107144,227004,102439,248605,1258265,64797371,322167,926371,9727,85160,237007,45670,39490,186216,50791,924820,1551,277390,647430,1551,0,18,9709,8,10,9709,0,20006563,44790808,4977482,15029081,16572799,28218009,n3398,false,0.6825859652350373,0.1408118772279452,0,12565,false,501,2,0.3688027105561733,0.19490265812173446,null
14851574,66055636,603926,13562456,685192,310195,293731,10139459,0,334148,351044,98268,211927,1468700,2248028,4076029,0,107144,227004,102439,248605,1258265,64797371,322167,926371,9727,85160,237007,45670,39490,186216,50791,924820,1551,277390,647430,1551,0,18,9709,8,10,9709,0,20006563,44790808,4977482,15029081,16572799,28218009,n2256,false,0.1997540333227049,0.9601426090115849,0,15702,false,503,6,0.40319669325881646,0.682707182804432,null
14851574,66055636,603926,13562456,685192,310195,293731,10139459,0,334148,351044,98268,211927,1468700,2248028,4076029,0,107144,227004,102439,248605,1258265,64797371,322167,926371,9727,85160,237007,45670,39490,186216,50791,924820,1551,277390,647430,1551,0,18,9709,8,10,9709,0,20006563,44790808,4977482,15029081,16572799,28218009,n7479,false,0.21228816783238122,0.3937245036749592,0,4747,false,505,11,0.6414212094911558,0.6534963025824557,null
14851574,66055636,603926,13562456,685192,310195,293731,10139459,0,334148,351044,98268,211927,1468700,2248028,4076029,0,107144,227004,102439,248605,1258265,64797371,322167,926371,9727,85160,237007,45670,39490,186216,50791,924820,1551,277390,647430,1551,0,18,9709,8,10,9709,0,20006563,44790808,4977482,15029081,16572799,28218009,n3361,false,0.6876863414114657,0.14968555564783514,0,13645,false,501,3,0.3072032653803072,0.14746469402151852,null
14851574,66055636,603926,13562456,685192,310195,293731,10139459,0,334148,351044,98268,211927,1468700,2248028,4076029,0,107144,227004,102439,248605,1258265,64797371,322167,926371,9727,85160,237007,45670,39490,186216,50791,924820,1551,277390,647430,1551,0,18,9709,8,10,9709,0,20006563,44790808,4977482,15029081,16572799,28218009,n3362,false,0.3203845322150843,0.28437616095657187,0,28998,false,500,1,0.5969478862123143,0.19774858172477994,null
14851574,66055636,603926,13562456,685192,310195,293731,10139459,0,334148,351044,98268,211927,1468700,2248028,4076029,0,107144,227004,102439,248605,1258265,64797371,322167,926371,9727,85160,237007,45670,39490,186216,50791,924820,1551,277390,647430,1551,0,18,9709,8,10,9709,0,20006563,44790808,4977482,15029081,16572799,28218009,n5213,false,0.10507667199832697,0.5159186930305177,0,6053,false,502,6,0.6679199081079091,0.4614007048122452,null
14851574,66055636,603926,13562456,685192,310195,293731,10139459,0,334148,351044,98268,211927,1468700,2248028,4076029,0,107144,227004,102439,248605,1258265,64797371,322167,926371,9727,85160,237007,45670,39490,186216,50791,924820,1551,277390,647430,1551,0,18,9709,8,10,9709,0,20006563,44790808,4977482,15029081,16572799,28218009,n7473,false,0.5650969802864871,0.8417722125873612,0,12030,false,503,7,0.894806420550345,0.8875903229667516,null
14851574,66055636,603926,13562456,685192,310195,293731,10139459,0,334148,351044,98268,211927,1468700,2248028,4076029,0,107144,227004,102439,248605,1258265,64797371,322167,926371,9727,85160,237007,45670,39490,186216,50791,924820,1551,277390,647430,1551,0,18,9709,8,10,9709,0,20006563,44790808,4977482,15029081,16572799,28218009,n2230,false,0.253540960050802,0.23690255381637443,0,11237,false,503,6,0.1489220572283223,0.018612902257116093,null
14851574,66055636,603926,13562456,685192,310195,293731,10139459,0,334148,351044,98268,211927,1468700,2248028,4076029,0,107144,227004,102439,248605,1258265,64797371,322167,926371,9727,85160,237007,45670,39490,186216,50791,924820,1551,277390,647430,1551,0,18,9709,8,10,9709,0,20006563,44790808,4977482,15029081,16572799,28218009,n7474,true,0.9204042153406956,0.21956773429113274,9,2941,false,503,7,0.5812328461874837,0.03681616647734676,null
14851574,66055636,603926,13562456,685192,310195,293731,10139459,0,334148,351044,98268,211927,1468700,2248028,4076029,0,107144,227004,102439,248605,1258265,64797371,322167,926371,9727,85160,237007,45670,39490,186216,50791,924820,1551,277390,647430,1551,0,18,9709,8,10,9709,0,20006563,44790808,4977482,15029081,16572799,28218009,n2225,false,0.024801361278909525,0.9496324830794685,0,26207,false,501,2,0.7197586024735976,0.22334979612226669,null
14851574,66055636,603926,13562456,685192,310195,293731,10139459,0,334148,351044,98268,211927,1468700,2248028,4076029,0,107144,227004,102439,248605,1258265,64797371,322167,926371,9727,85160,237007,45670,39490,186216,50791,924820,1551,277390,647430,1551,0,18,9709,8,10,9709,0,20006563,44790808,4977482,15029081,16572799,28218009,n5205,false,0.7208974728493591,0.15258122059514867,0,9591,false,504,8,0.6928780249204206,0.9651510605654852,null
14851574,66055636,603926,13562456,685192,310195,293731,10139459,0,334148,351044,98268,211927,1468700,2248028,4076029,0,107144,227004,102439,248605,1258265,64797371,322167,926371,9727,85160,237007,45670,39490,186216,50791,924820,1551,277390,647430,1551,0,18,9709,8,10,9709,0,20006563,44790808,4977482,15029081,16572799,28218009,n2223,true,0.10035633365283902,0.6177544101333644,10,4764,false,500,1,0.6993938613570949,0.058454712553936417,null
14851574,66055636,603926,13562456,685192,310195,293731,10139459,0,334148,351044,98268,211927,1468700,2248028,4076029,0,107144,227004,102439,248605,1258265,64797371,322167,926371,9727,85160,237007,45670,39490,186216,50791,924820,1551,277390,647430,1551,0,18,9709,8,10,9709,0,20006563,44790808,4977482,15029081,16572799,28218009,n7469,false,0.579718806978859,0.9783471219954547,0,1463,false,502,5,0.4781929875659623,0.05679742445875513,null
14851574,66055636,603926,13562456,685192,310195,293731,10139459,0,334148,351044,98268,211927,1468700,2248028,4076029,0,107144,227004,102439,248605,1258265,64797371,322167,926371,9727,85160,237007,45670,39490,186216,50791,924820,1551,277390,647430,1551,0,18,9709,8,10,9709,0,20006563,44790808,4977482,15029081,16572799,28218009,n3376,false,0.357618270465994,0.9905026255443318,0,791,false,502,6,0.1759381467451041,0.4721115880258242,null
14851574,66055636,603926,13562456,685192,310195,293731,10139459,0,334148,351044,98268,211927,1468700,2248028,4076029,0,107144,227004,102439,248605,1258265,64797371,322167,926371,9727,85160,237007,45670,39490,186216,50791,924820,1551,277390,647430,1551,0,18,9709,8,10,9709,0,20006563,44790808,4977482,15029081,16572799,28218009,n5200,false,0.8467673931034447,0.9363297990341257,0,1181,false,508,17,0.2774530235290513,0.8922611911171306,null
14851574,66055636,603926,13562456,685192,310195,293731,10139459,0,334148,351044,98268,211927,1468700,2248028,4076029,0,107144,227004,102439,248605,1258265,64797371,322167,926371,9727,85160,237007,45670,39490,186216,50791,924820,1551,277390,647430,1551,0,18,9709,8,10,9709,0,20006563,44790808,4977482,15029081,16572799,28218009,n2240,false,0.18611470445448428,0.07201856916567428,0,22702,false,500,2,0.5764698242553916,0.8128683797523826,null
14851574,66055636,603926,13562456,685192,310195,293731,10139459,0,334148,351044,98268,211927,1468700,2248028,4076029,0,107144,227004,102439,248605,1258265,64797371,322167,926371,9727,85160,237007,45670,39490,186216,50791,924820,1551,277390,647430,1551,0,18,9709,8,10,9709,0,20006563,44790808,4977482,15029081,16572799,28218009,n7461,false,0.6420054400089154,0.2986628662093589,0,28999,false,0,0,0.8558872667027417,0.8747951007821173,null
14851574,66055636,603926,13562456,685192,310195,293731,10139459,0,334148,351044,98268,211927,1468700,2248028,4076029,0,107144,227004,102439,248605,1258265,64797371,322167,926371,9727,85160,237007,45670,39490,186216,50791,924820,1551,277390,647430,1551,0,18,9709,8,10,9709,0,20006563,44790808,4977482,15029081,16572799,28218009,n5201,false,0.8197476768027744,0.4403924677720788,0,19265,false,502,5,0.7664752126514316,0.6035411131288068,null
14851574,66055636,603926,13562456,685192,310195,293731,10139459,0,334148,351044,98268,211927,1468700,2248028,4076029,0,107144,227004,102439,248605,1258265,64797371,322167,926371,9727,85160,237007,45670,39490,186216,50791,924820,1551,277390,647430,1551,0,18,9709,8,10,9709,0,20006563,44790808,4977482,15029081,16572799,28218009,n7462,false,0.6601688541613873,0.012054701930748424,0,8136,false,503,6,0.8018601675773049,0.25048504272149885,null
14851574,66055636,603926,13562456,685192,310195,293731,10139459,0,334148,351044,98268,211927,1468700,2248028,4076029,0,107144,227004,102439,248605,1258265,64797371,322167,926371,9727,85160,237007,45670,39490,186216,50791,924820,1551,277390,647430,1551,0,18,9709,8,10,9709,0,20006563,44790808,4977482,15029081,16572799,28218009,n2242,false,0.12561831504877707,0.5585583009776905,0,14971,false,502,6,0.8163101611058424,0.46734360524748636,null
14851574,66055636,603926,13562456,685192,310195,293731,10139459,0,334148,351044,98268,211927,1468700,2248028,4076029,0,107144,227004,102439,248605,1258265,64797371,322167,926371,9727,85160,237007,45670,39490,186216,50791,924820,1551,277390,647430,1551,0,18,9709,8,10,9709,0,20006563,44790808,4977482,15029081,16572799,28218009,n13450,false,0.492458098762816,0.10826362710326498,0,122,false,503,7,0.6354209047152434,0.10458137010446411,null
14851574,66055636,603926,13562456,685192,310195,293731,10139459,0,334148,351044,98268,211927,1468700,2248028,4076029,0,107144,227004,102439,248605,1258265,64797371,322167,926371,9727,85160,237007,45670,39490,186216,50791,924820,1551,277390,647430,1551,0,18,9709,8,10,9709,0,20006563,44790808,4977482,15029081,16572799,28218009,n11010,false,0.42382009684435695,0.28505612167185357,0,1438,false,503,8,0.5867866819201986,0.8003469782111831,null
14851574,66055636,603926,13562456,685192,310195,293731,10139459,0,334148,351044,98268,211927,1468700,2248028,4076029,0,107144,227004,102439,248605,1258265,64797371,322167,926371,9727,85160,237007,45670,39490,186216,50791,924820,1551,277390,647430,1551,0,18,9709,8,10,9709,0,20006563,44790808,4977482,15029081,16572799,28218009,n3342,false,0.07066468215727521,0.5815453997572857,0,3,false,504,9,0.7642739480597761,0.5914145058808831,null
14851574,66055636,603926,13562456,685192,310195,293731,10139459,0,334148,351044,98268,211927,1468700,2248028,4076029,0,107144,227004,102439,248605,1258265,64797371,322167,926371,9727,85160,237007,45670,39490,186216,50791,924820,1551,277390,647430,1551,0,18,9709,8,10,9709,0,20006563,44790808,4977482,15029081,16572799,28218009,n2297,false,0.17384516475726375,0.31039290069626796,0,27823,false,501,3,0.891302501669525,0.990359331582682,null
14851574,66055636,603926,13562456,685192,310195,293731,10139459,0,334148,351044,98268,211927,1468700,2248028,4076029,0,107144,227004,102439,248605,1258265,64797371,322167,926371,9727,85160,237007,45670,39490,186216,50791,924820,1551,277390,647430,1551,0,18,9709,8,10,9709,0,20006563,44790808,4977482,15029081,16572799,28218009,n11011,false,0.42691608633957573,0.907801665036078,0,5501,false,502,5,0.885897923174674,0.06818984428707842,null
14851574,66055636,603926,13562456,685192,310195,293731,10139459,0,334148,351044,98268,211927,1468700,2248028,4076029,0,107144,227004,102439,248605,1258265,64797371,322167,926371,9727,85160,237007,45670,39490,186216,50791,924820,1551,277390,647430,1551,0,18,9709,8,10,9709,0,20006563,44790808,4977482,15029081,16572799,28218009,n2292,false,0.281298251384195,0.5396554211734262,0,2447,false,505,10,0.3935655482495811,0.15857907488386236,null
14851574,66055636,603926,13562456,685192,310195,293731,10139459,0,334148,351044,98268,211927,1468700,2248028,4076029,0,107144,227004,102439,248605,1258265,64797371,322167,926371,9727,85160,237007,45670,39490,186216,50791,924820,1551,277390,647430,1551,0,18,9709,8,10,9709,0,20006563,44790808,4977482,15029081,16572799,28218009,n9650,false,0.7580829809805499,0.09779176807072065,0,28998,false,500,1,0.629562359628548,0.2798855635303982,null
14851574,66055636,603926,13562456,685192,310195,293731,10139459,0,334148,351044,98268,211927,1468700,2248028,4076029,0,107144,227004,102439,248605,1258265,64797371,322167,926371,9727,85160,237007,45670,39490,186216,50791,924820,1551,277390,647430,1551,0,18,9709,8,10,9709,0,20006563,44790808,4977482,15029081,16572799,28218009,n9655,false,0.8707531590064279,0.6155628750331645,0,4672,false,504,8,0.41138569338746545,0.8407899415380676,null
14851574,66055636,603926,13562456,685192,310195,293731,10139459,0,334148,351044,98268,211927,1468700,2248028,4076029,0,107144,227004,102439,248605,1258265,64797371,322167,926371,9727,85160,237007,45670,39490,186216,50791,924820,1551,277390,647430,1551,0,18,9709,8,10,9709,0,20006563,44790808,4977482,15029081,16572799,28218009,n13456,true,0.32459361767334516,0.014620013886641803,8,2136,false,502,5,0.3214624189198374,0.22455011782208545,null
14851574,66055636,603926,13562456,685192,310195,293731,10139459,0,334148,351044,98268,211927,1468700,2248028,4076029,0,107144,227004,102439,248605,1258265,64797371,322167,926371,9727,85160,237007,45670,39490,186216,50791,924820,1551,277390,647430,1551,0,18,9709,8,10,9709,0,20006563,44790808,4977482,15029081,16572799,28218009,n3348,true,0.3352033225707402,0.4344534178437301,11,28999,false,0,0,0.9642814719210464,0.46133504310564344,null
14851574,66055636,603926,13562456,685192,310195,293731,10139459,0,334148,351044,98268,211927,1468700,2248028,4076029,0,107144,227004,102439,248605,1258265,64797371,322167,926371,9727,85160,237007,45670,39490,186216,50791,924820,1551,277390,647430,1551,0,18,9709,8,10,9709,0,20006563,44790808,4977482,15029081,16572799,28218009,n3344,false,0.6800456478880681,0.4231074271880613,0,5659,false,502,8,0.7876084008380491,0.046186805099959316,null
14851574,66055636,603926,13562456,685192,310195,293731,10139459,0,334148,351044,98268,211927,1468700,2248028,4076029,0,107144,227004,102439,248605,1258265,64797371,322167,926371,9727,85160,237007,45670,39490,186216,50791,924820,1551,277390,647430,1551,0,18,9709,8,10,9709,0,20006563,44790808,4977482,15029081,16572799,28218009,n8191,false,0.1334383627583322,0.9768165634182582,0,17013,false,500,2,0.16720122728234688,0.3919801153258491,null
14851574,66055636,603926,13562456,685192,310195,293731,10139459,0,334148,351044,98268,211927,1468700,2248028,4076029,0,107144,227004,102439,248605,1258265,64797371,322167,926371,9727,85160,237007,45670,39490,186216,50791,924820,1551,277390,647430,1551,0,18,9709,8,10,9709,0,20006563,44790808,4977482,15029081,16572799,28218009,n3352,false,0.7983206572785215,0.431725040359916,0,316,false,505,13,0.5201882426269087,0.6243278774269747,null
14851574,66055636,603926,13562456,685192,310195,293731,10139459,0,334148,351044,98268,211927,1468700,2248028,4076029,0,107144,227004,102439,248605,1258265,64797371,322167,926371,9727,85160,237007,45670,39490,186216,50791,924820,1551,277390,647430,1551,0,18,9709,8,10,9709,0,20006563,44790808,4977482,15029081,16572799,28218009,n11007,false,0.6055659425190689,0.8303663181861354,0,9564,false,502,6,0.5266889486168979,0.4388562925109312,null
14851574,66055636,603926,13562456,685192,310195,293731,10139459,0,334148,351044,98268,211927,1468700,2248028,4076029,0,107144,227004,102439,248605,1258265,64797371,322167,926371,9727,85160,237007,45670,39490,186216,50791,924820,1551,277390,647430,1551,0,18,9709,8,10,9709,0,20006563,44790808,4977482,15029081,16572799,28218009,n32169,false,0.9979956530291292,0.5006320059949287,0,9477,false,502,6,0.8031924532943051,0.020707882372692943,null
14851574,66055636,603926,13562456,685192,310195,293731,10139459,0,334148,351044,98268,211927,1468700,2248028,4076029,0,107144,227004,102439,248605,1258265,64797371,322167,926371,9727,85160,237007,45670,39490,186216,50791,924820,1551,277390,647430,1551,0,18,9709,8,10,9709,0,20006563,44790808,4977482,15029081,16572799,28218009,n19964,false,0.999998905130447,0.9790700702610247,0,19433,false,502,5,0.9924388332142577,0.4293012740467899,null
14851574,66055636,603926,13562456,685192,310195,293731,10139459,0,334148,351044,98268,211927,1468700,2248028,4076029,0,107144,227004,102439,248605,1258265,64797371,322167,926371,9727,85160,237007,45670,39490,186216,50791,924820,1551,277390,647430,1551,0,18,9709,8,10,9709,0,20006563,44790808,4977482,15029081,16572799,28218009,n11001,true,0.8089408011506848,0.84683554376504,10,5743,false,503,9,0.8893445559665267,0.6022290324269541,null
14851574,66055636,603926,13562456,685192,310195,293731,10139459,0,334148,351044,98268,211927,1468700,2248028,4076029,0,107144,227004,102439,248605,1258265,64797371,322167,926371,9727,85160,237007,45670,39490,186216,50791,924820,1551,277390,647430,1551,0,18,9709,8,10,9709,0,20006563,44790808,4977482,15029081,16572799,28218009,n3350,false,0.663731033095055,0.09283820385906694,0,18796,false,501,3,0.7812025183122624,0.39607802611960274,null
14851574,66055636,603926,13562456,685192,310195,293731,10139459,0,334148,351044,98268,211927,1468700,2248028,4076029,0,107144,227004,102439,248605,1258265,64797371,322167,926371,9727,85160,237007,45670,39490,186216,50791,924820,1551,277390,647430,1551,0,18,9709,8,10,9709,0,20006563,44790808,4977482,15029081,16572799,28218009,n8199,false,0.3732179844261123,0.6758390937866461,0,17194,false,502,6,0.5790503452887626,0.606168126239997,null
14851574,66055636,603926,13562456,685192,310195,293731,10139459,0,334148,351044,98268,211927,1468700,2248028,4076029,0,107144,227004,102439,248605,1258265,64797371,322167,926371,9727,85160,237007,45670,39490,186216,50791,924820,1551,277390,647430,1551,0,18,9709,8,10,9709,0,20006563,44790808,4977482,15029081,16572799,28218009,n9626,false,0.24551467060528173,0.2582611107225553,0,20793,false,501,3,0.8164202957032766,0.7276732539726439,null
14851574,66055636,603926,13562456,685192,310195,293731,10139459,0,334148,351044,98268,211927,1468700,2248028,4076029,0,107144,227004,102439,248605,1258265,64797371,322167,926371,9727,85160,237007,45670,39490,186216,50791,924820,1551,277390,647430,1551,0,18,9709,8,10,9709,0,20006563,44790808,4977482,15029081,16572799,28218009,n9625,false,0.3028244814836131,0.6737125163777535,0,19317,false,501,4,0.6562639719793648,0.5078812568001919,null
14851574,66055636,603926,13562456,685192,310195,293731,10139459,0,334148,351044,98268,211927,1468700,2248028,4076029,0,107144,227004,102439,248605,1258265,64797371,322167,926371,9727,85160,237007,45670,39490,186216,50791,924820,1551,277390,647430,1551,0,18,9709,8,10,9709,0,20006563,44790808,4977482,15029081,16572799,28218009,n2266,false,0.3951647230624568,0.6867547929328897,0,14472,false,502,4,0.5288431694125137,0.8338813537289326,null
14851574,66055636,603926,13562456,685192,310195,293731,10139459,0,334148,351044,98268,211927,1468700,2248028,4076029,0,107144,227004,102439,248605,1258265,64797371,322167,926371,9727,85160,237007,45670,39490,186216,50791,924820,1551,277390,647430,1551,0,18,9709,8,10,9709,0,20006563,44790808,4977482,15029081,16572799,28218009,n3314,true,0.5699536639225948,0.8325604794756116,5,9268,false,501,4,0.5584546872847544,0.7939898860754236,null
14851574,66055636,603926,13562456,685192,310195,293731,10139459,0,334148,351044,98268,211927,1468700,2248028,4076029,0,107144,227004,102439,248605,1258265,64797371,322167,926371,9727,85160,237007,45670,39490,186216,50791,924820,1551,277390,647430,1551,0,18,9709,8,10,9709,0,20006563,44790808,4977482,15029081,16572799,28218009,n2269,false,0.2737019932613194,0.1399264642124015,0,18083,false,502,5,0.7529508577687692,0.0020584392260746265,null
14851574,66055636,603926,13562456,685192,310195,293731,10139459,0,334148,351044,98268,211927,1468700,2248028,4076029,0,107144,227004,102439,248605,1258265,64797371,322167,926371,9727,85160,237007,45670,39490,186216,50791,924820,1551,277390,647430,1551,0,18,9709,8,10,9709,0,20006563,44790808,4977482,15029081,16572799,28218009,n2268,false,0.6496422928912745,0.07033291496459493,0,28999,false,500,0,0.9412442491573307,0.03395670631287184,null
14851574,66055636,603926,13562456,685192,310195,293731,10139459,0,334148,351044,98268,211927,1468700,2248028,4076029,0,107144,227004,102439,248605,1258265,64797371,322167,926371,9727,85160,237007,45670,39490,186216,50791,924820,1551,277390,647430,1551,0,18,9709,8,10,9709,0,20006563,44790808,4977482,15029081,16572799,28218009,n11030,true,0.7173876738509365,0.8707811267540565,11,28999,false,0,0,0.7546155703246409,0.12573994841136338,null
14851574,66055636,603926,13562456,685192,310195,293731,10139459,0,334148,351044,98268,211927,1468700,2248028,4076029,0,107144,227004,102439,248605,1258265,64797371,322167,926371,9727,85160,237007,45670,39490,186216,50791,924820,1551,277390,647430,1551,0,18,9709,8,10,9709,0,20006563,44790808,4977482,15029081,16572799,28218009,n2270,false,0.8642403465036127,0.23828276323963676,0,20158,false,501,3,0.688668659834935,0.5465673791393937,null
14851574,66055636,603926,13562456,685192,310195,293731,10139459,0,334148,351044,98268,211927,1468700,2248028,4076029,0,107144,227004,102439,248605,1258265,64797371,322167,926371,9727,85160,237007,45670,39490,186216,50791,924820,1551,277390,647430,1551,0,18,9709,8,10,9709,0,20006563,44790808,4977482,15029081,16572799,28218009,n2271,false,0.9999994598565705,0.8256861600837557,0,16206,false,501,3,0.9880992488830435,0.8792949697745435,null
14851574,66055636,603926,13562456,685192,310195,293731,10139459,0,334148,351044,98268,211927,1468700,2248028,4076029,0,107144,227004,102439,248605,1258265,64797371,322167,926371,9727,85160,237007,45670,39490,186216,50791,924820,1551,277390,647430,1551,0,18,9709,8,10,9709,0,20006563,44790808,4977482,15029081,16572799,28218009,n11038,false,0.797651651953399,0.05540728053927735,0,3835,false,504,8,0.7056200039149356,0.20389000133938073,null
14851574,66055636,603926,13562456,685192,310195,293731,10139459,0,334148,351044,98268,211927,1468700,2248028,4076029,0,107144,227004,102439,248605,1258265,64797371,322167,926371,9727,85160,237007,45670,39490,186216,50791,924820,1551,277390,647430,1551,0,18,9709,8,10,9709,0,20006563,44790808,4977482,15029081,16572799,28218009,n8182,true,0.6404292609222971,0.07331585872584456,10,1240,false,500,3,0.7931684180970333,0.7441303830743164,null
14851574,66055636,603926,13562456,685192,310195,293731,10139459,0,334148,351044,98268,211927,1468700,2248028,4076029,0,107144,227004,102439,248605,1258265,64797371,322167,926371,9727,85160,237007,45670,39490,186216,50791,924820,1551,277390,647430,1551,0,18,9709,8,10,9709,0,20006563,44790808,4977482,15029081,16572799,28218009,n3320,false,0.26535960021860816,0.9449643600005528,0,7523,false,503,7,0.9166210249817929,0.6774404245697638,null
14851574,66055636,603926,13562456,685192,310195,293731,10139459,0,334148,351044,98268,211927,1468700,2248028,4076029,0,107144,227004,102439,248605,1258265,64797371,322167,926371,9727,85160,237007,45670,39490,186216,50791,924820,1551,277390,647430,1551,0,18,9709,8,10,9709,0,20006563,44790808,4977482,15029081,16572799,28218009,n2279,false,0.04362141455800269,0.5799854950560812,0,28990,false,500,1,0.4447624353626535,0.7597460848001891,null
14851574,66055636,603926,13562456,685192,310195,293731,10139459,0,334148,351044,98268,211927,1468700,2248028,4076029,0,107144,227004,102439,248605,1258265,64797371,322167,926371,9727,85160,237007,45670,39490,186216,50791,924820,1551,277390,647430,1551,0,18,9709,8,10,9709,0,20006563,44790808,4977482,15029081,16572799,28218009,n2283,false,0.10971787076511381,0.2590965040293836,0,20583,false,503,7,0.5407927296234969,0.8008596604156438,null
14851574,66055636,603926,13562456,685192,310195,293731,10139459,0,334148,351044,98268,211927,1468700,2248028,4076029,0,107144,227004,102439,248605,1258265,64797371,322167,926371,9727,85160,237007,45670,39490,186216,50791,924820,1551,277390,647430,1551,0,18,9709,8,10,9709,0,20006563,44790808,4977482,15029081,16572799,28218009,n11023,false,0.14623305084916408,0.4252870103117429,0,6290,false,503,7,0.8885574577477928,0.6766592967525359,null
14851574,66055636,603926,13562456,685192,310195,293731,10139459,0,334148,351044,98268,211927,1468700,2248028,4076029,0,107144,227004,102439,248605,1258265,64797371,322167,926371,9727,85160,237007,45670,39490,186216,50791,924820,1551,277390,647430,1551,0,18,9709,8,10,9709,0,20006563,44790808,4977482,15029081,16572799,28218009,n11029,false,0.4328793873926917,0.47704642992789914,0,3526,false,505,11,0.48287879211002005,0.4817572704050336,null
14851574,66055636,603926,13562456,685192,310195,293731,10139459,0,334148,351044,98268,211927,1468700,2248028,4076029,0,107144,227004,102439,248605,1258265,64797371,322167,926371,9727,85160,237007,45670,39490,186216,50791,924820,1551,277390,647430,1551,0,18,9709,8,10,9709,0,20006563,44790808,4977482,15029081,16572799,28218009,n3330,true,0.2265831967053978,0.5907446067315005,12,28992,false,0,1,0.9695844131665684,0.9701498023734324,null
14851574,66055636,603926,13562456,685192,310195,293731,10139459,0,334148,351044,98268,211927,1468700,2248028,4076029,0,107144,227004,102439,248605,1258265,64797371,322167,926371,9727,85160,237007,45670,39490,186216,50791,924820,1551,277390,647430,1551,0,18,9709,8,10,9709,0,20006563,44790808,4977482,15029081,16572799,28218009,n2286,false,0.999998700899033,0.07586979382839487,0,28999,false,0,0,0.2594350738408814,0.7803774811814769,null
14851574,66055636,603926,13562456,685192,310195,293731,10139459,0,334148,351044,98268,211927,1468700,2248028,4076029,0,107144,227004,102439,248605,1258265,64797371,322167,926371,9727,85160,237007,45670,39490,186216,50791,924820,1551,277390,647430,1551,0,18,9709,8,10,9709,0,20006563,44790808,4977482,15029081,16572799,28218009,n2287,true,0.45607207814694284,0.6643858428079366,12,17908,false,501,5,0.5479693170592908,0.9969358280704881,null
14851574,66055636,603926,13562456,685192,310195,293731,10139459,0,334148,351044,98268,211927,1468700,2248028,4076029,0,107144,227004,102439,248605,1258265,64797371,322167,926371,9727,85160,237007,45670,39490,186216,50791,924820,1551,277390,647430,1551,0,18,9709,8,10,9709,0,20006563,44790808,4977482,15029081,16572799,28218009,n19983,false,0.9881333043787643,0.5968173259165392,0,4331,false,506,13,0.8190633578713975,0.4011117700409923,null
14851574,66055636,603926,13562456,685192,310195,293731,10139459,0,334148,351044,98268,211927,1468700,2248028,4076029,0,107144,227004,102439,248605,1258265,64797371,322167,926371,9727,85160,237007,45670,39490,186216,50791,924820,1551,277390,647430,1551,0,18,9709,8,10,9709,0,20006563,44790808,4977482,15029081,16572799,28218009,n3332,false,0.9003108530569028,0.6752471541092215,0,1205,false,506,13,0.8771251972526442,0.18497036461521388,null
14851574,66055636,603926,13562456,685192,310195,293731,10139459,0,334148,351044,98268,211927,1468700,2248028,4076029,0,107144,227004,102439,248605,1258265,64797371,322167,926371,9727,85160,237007,45670,39490,186216,50791,924820,1551,277390,647430,1551,0,18,9709,8,10,9709,0,20006563,44790808,4977482,15029081,16572799,28218009,n11027,false,0.4653749106852814,0.19925606818279873,0,1965,false,503,9,0.8436740769823248,0.5076238253566324,null
14851574,66055636,603926,13562456,685192,310195,293731,10139459,0,334148,351044,98268,211927,1468700,2248028,4076029,0,107144,227004,102439,248605,1258265,64797371,322167,926371,9727,85160,237007,45670,39490,186216,50791,924820,1551,277390,647430,1551,0,18,9709,8,10,9709,0,20006563,44790808,4977482,15029081,16572799,28218009,n15710,false,0.647718228655054,0.9148269717716356,0,5661,false,504,9,0.5961127066230005,0.7597066824450841,null
14851574,66055636,603926,13562456,685192,310195,293731,10139459,0,334148,351044,98268,211927,1468700,2248028,4076029,0,107144,227004,102439,248605,1258265,64797371,322167,926371,9727,85160,237007,45670,39490,186216,50791,924820,1551,277390,647430,1551,0,18,9709,8,10,9709,0,20006563,44790808,4977482,15029081,16572799,28218009,n9697,false,0.5786916223254689,0.4153135872244738,0,8134,false,502,4,0.28113359013414463,0.8156107990934306,null
14851574,66055636,603926,13562456,685192,310195,293731,10139459,0,334148,351044,98268,211927,1468700,2248028,4076029,0,107144,227004,102439,248605,1258265,64797371,322167,926371,9727,85160,237007,45670,39490,186216,50791,924820,1551,277390,647430,1551,0,18,9709,8,10,9709,0,20006563,44790808,4977482,15029081,16572799,28218009,n8164,true,0.2869786098435292,0.16070546775205452,6,6884,false,3,5,0.8057352591672939,0.2157503667965306,null
14851574,66055636,603926,13562456,685192,310195,293731,10139459,0,334148,351044,98268,211927,1468700,2248028,4076029,0,107144,227004,102439,248605,1258265,64797371,322167,926371,9727,85160,237007,45670,39490,186216,50791,924820,1551,277390,647430,1551,0,18,9709,8,10,9709,0,20006563,44790808,4977482,15029081,16572799,28218009,n8162,true,0.16946282300455018,0.6856464274732904,6,28999,false,0,0,0.24620751682078457,0.5161563609065347,null
14851574,66055636,603926,13562456,685192,310195,293731,10139459,0,334148,351044,98268,211927,1468700,2248028,4076029,0,107144,227004,102439,248605,1258265,64797371,322167,926371,9727,85160,237007,45670,39490,186216,50791,924820,1551,277390,647430,1551,0,18,9709,8,10,9709,0,20006563,44790808,4977482,15029081,16572799,28218009,n11042,false,0.9999992953771997,0.8581497738910848,0,1344,false,502,4,0.5367081124214576,0.11067877695019945,null
14851574,66055636,603926,13562456,685192,310195,293731,10139459,0,334148,351044,98268,211927,1468700,2248028,4076029,0,107144,227004,102439,248605,1258265,64797371,322167,926371,9727,85160,237007,45670,39490,186216,50791,924820,1551,277390,647430,1551,0,18,9709,8,10,9709,0,20006563,44790808,4977482,15029081,16572799,28218009,n19922,false,0.519165373666089,0.016009677639966524,0,6374,false,502,6,0.7690493732005266,0.7282839866311258,null
14851574,66055636,603926,13562456,685192,310195,293731,10139459,0,334148,351044,98268,211927,1468700,2248028,4076029,0,107144,227004,102439,248605,1258265,64797371,322167,926371,9727,85160,237007,45670,39490,186216,50791,924820,1551,277390,647430,1551,0,18,9709,8,10,9709,0,20006563,44790808,4977482,15029081,16572799,28218009,n19923,false,0.6964623826119092,0.5499421194516566,0,13616,false,501,4,0.8217157535811527,0.480082729378739,null
14851574,66055636,603926,13562456,685192,310195,293731,10139459,0,334148,351044,98268,211927,1468700,2248028,4076029,0,107144,227004,102439,248605,1258265,64797371,322167,926371,9727,85160,237007,45670,39490,186216,50791,924820,1551,277390,647430,1551,0,18,9709,8,10,9709,0,20006563,44790808,4977482,15029081,16572799,28218009,n28365,false,0.9045615040968471,0.0349644963965412,0,12424,false,503,7,0.6935870125965166,0.1284529166051016,null
14851574,66055636,603926,13562456,685192,310195,293731,10139459,0,334148,351044,98268,211927,1468700,2248028,4076029,0,107144,227004,102439,248605,1258265,64797371,322167,926371,9727,85160,237007,45670,39490,186216,50791,924820,1551,277390,647430,1551,0,18,9709,8,10,9709,0,20006563,44790808,4977482,15029081,16572799,28218009,n3308,false,0.18341570215163588,0.47436383406521154,0,18439,false,501,2,0.4547113107018125,0.20769050007563572,null
14851574,66055636,603926,13562456,685192,310195,293731,10139459,0,334148,351044,98268,211927,1468700,2248028,4076029,0,107144,227004,102439,248605,1258265,64797371,322167,926371,9727,85160,237007,45670,39490,186216,50791,924820,1551,277390,647430,1551,0,18,9709,8,10,9709,0,20006563,44790808,4977482,15029081,16572799,28218009,n9686,true,0.4869542941777713,0.9009164266300721,13,748,false,505,12,0.5947827480341902,0.18029784696319728,null
14851574,66055636,603926,13562456,685192,310195,293731,10139459,0,334148,351044,98268,211927,1468700,2248028,4076029,0,107144,227004,102439,248605,1258265,64797371,322167,926371,9727,85160,237007,45670,39490,186216,50791,924820,1551,277390,647430,1551,0,18,9709,8,10,9709,0,20006563,44790808,4977482,15029081,16572799,28218009,n13488,false,0.036977659818025733,0.7407487960650255,0,28998,false,500,1,0.8160073363656534,0.8620417160178798,null
14851574,66055636,603926,13562456,685192,310195,293731,10139459,0,334148,351044,98268,211927,1468700,2248028,4076029,0,107144,227004,102439,248605,1258265,64797371,322167,926371,9727,85160,237007,45670,39490,186216,50791,924820,1551,277390,647430,1551,0,18,9709,8,10,9709,0,20006563,44790808,4977482,15029081,16572799,28218009,n9688,false,0.27168287198465263,0.49686287767388104,0,9654,false,501,4,0.7425081282856884,0.35859589916648293,null
14851574,66055636,603926,13562456,685192,310195,293731,10139459,0,334148,351044,98268,211927,1468700,2248028,4076029,0,107144,227004,102439,248605,1258265,64797371,322167,926371,9727,85160,237007,45670,39490,186216,50791,924820,1551,277390,647430,1551,0,18,9709,8,10,9709,0,20006563,44790808,4977482,15029081,16572799,28218009,n11049,false,0.3078847117018234,0.9384029524836972,0,9963,false,502,4,0.834477444475277,0.3284150845619883,null
14851574,66055636,603926,13562456,685192,310195,293731,10139459,0,334148,351044,98268,211927,1468700,2248028,4076029,0,107144,227004,102439,248605,1258265,64797371,322167,926371,9727,85160,237007,45670,39490,186216,50791,924820,1551,277390,647430,1551,0,18,9709,8,10,9709,0,20006563,44790808,4977482,15029081,16572799,28218009,n8153,true,0.0322438114000469,0.2013345304626747,10,4327,false,501,5,0.8155281909294217,0.19575798680256007,null
14851574,66055636,603926,13562456,685192,310195,293731,10139459,0,334148,351044,98268,211927,1468700,2248028,4076029,0,107144,227004,102439,248605,1258265,64797371,322167,926371,9727,85160,237007,45670,39490,186216,50791,924820,1551,277390,647430,1551,0,18,9709,8,10,9709,0,20006563,44790808,4977482,15029081,16572799,28218009,n11045,false,0.6757948871072044,0.8242581879636077,0,4642,false,502,5,0.8382470492266719,0.25479567039463735,null
14851574,66055636,603926,13562456,685192,310195,293731,10139459,0,334148,351044,98268,211927,1468700,2248028,4076029,0,107144,227004,102439,248605,1258265,64797371,322167,926371,9727,85160,237007,45670,39490,186216,50791,924820,1551,277390,647430,1551,0,18,9709,8,10,9709,0,20006563,44790808,4977482,15029081,16572799,28218009,n9672,true,0.17938436675191993,0.4590492132799825,10,9362,false,2,3,0.6053346223387788,0.8192140316361234,null
14851574,66055636,603926,13562456,685192,310195,293731,10139459,0,334148,351044,98268,211927,1468700,2248028,4076029,0,107144,227004,102439,248605,1258265,64797371,322167,926371,9727,85160,237007,45670,39490,186216,50791,924820,1551,277390,647430,1551,0,18,9709,8,10,9709,0,20006563,44790808,4977482,15029081,16572799,28218009,n11065,false,0.8201871324243128,0.41558778105285404,0,15112,false,502,5,0.35161833198674286,0.6648231359651238,null
14851574,66055636,603926,13562456,685192,310195,293731,10139459,0,334148,351044,98268,211927,1468700,2248028,4076029,0,107144,227004,102439,248605,1258265,64797371,322167,926371,9727,85160,237007,45670,39490,186216,50791,924820,1551,277390,647430,1551,0,18,9709,8,10,9709,0,20006563,44790808,4977482,15029081,16572799,28218009,n14591,false,0.5392014513238433,0.15292006928709412,0,28999,false,0,0,0.5081076997554013,0.5070367313716013,null
14851574,66055636,603926,13562456,685192,310195,293731,10139459,0,334148,351044,98268,211927,1468700,2248028,4076029,0,107144,227004,102439,248605,1258265,64797371,322167,926371,9727,85160,237007,45670,39490,186216,50791,924820,1551,277390,647430,1551,0,18,9709,8,10,9709,0,20006563,44790808,4977482,15029081,16572799,28218009,n13463,false,0.7927497513561269,0.19488384468018016,0,18667,false,501,4,0.5424055793696025,0.37814371950847275,null
14851574,66055636,603926,13562456,685192,310195,293731,10139459,0,334148,351044,98268,211927,1468700,2248028,4076029,0,107144,227004,102439,248605,1258265,64797371,322167,926371,9727,85160,237007,45670,39490,186216,50791,924820,1551,277390,647430,1551,0,18,9709,8,10,9709,0,20006563,44790808,4977482,15029081,16572799,28218009,n14596,false,0.5579653911114981,0.5511376786979103,0,17145,false,501,4,0.6236016617046526,0.12012963806619603,null
14851574,66055636,603926,13562456,685192,310195,293731,10139459,0,334148,351044,98268,211927,1468700,2248028,4076029,0,107144,227004,102439,248605,1258265,64797371,322167,926371,9727,85160,237007,45670,39490,186216,50791,924820,1551,277390,647430,1551,0,18,9709,8,10,9709,0,20006563,44790808,4977482,15029081,16572799,28218009,n13466,false,0.9999963124050252,0.2716565250916799,0,28490,false,500,1,0.5854750560559435,0.49166683459009697,null
14851574,66055636,603926,13562456,685192,310195,293731,10139459,0,334148,351044,98268,211927,1468700,2248028,4076029,0,107144,227004,102439,248605,1258265,64797371,322167,926371,9727,85160,237007,45670,39490,186216,50791,924820,1551,277390,647430,1551,0,18,9709,8,10,9709,0,20006563,44790808,4977482,15029081,16572799,28218009,n9668,false,0.7371852410279244,0.31430753888600704,0,6923,false,503,7,0.5160992447422924,0.41449490450838655,null
14851574,66055636,603926,13562456,685192,310195,293731,10139459,0,334148,351044,98268,211927,1468700,2248028,4076029,0,107144,227004,102439,248605,1258265,64797371,322167,926371,9727,85160,237007,45670,39490,186216,50791,924820,1551,277390,647430,1551,0,18,9709,8,10,9709,0,20006563,44790808,4977482,15029081,16572799,28218009,n14597,false,0.46820014691184714,0.89662898337841,0,7229,false,501,3,0.7292828655234828,0.2817052716007713,null
14851574,66055636,603926,13562456,685192,310195,293731,10139459,0,334148,351044,98268,211927,1468700,2248028,4076029,0,107144,227004,102439,248605,1258265,64797371,322167,926371,9727,85160,237007,45670,39490,186216,50791,924820,1551,277390,647430,1551,0,18,9709,8,10,9709,0,20006563,44790808,4977482,15029081,16572799,28218009,n13465,false,0.0876447781241364,0.20687315648508792,0,6380,false,504,10,0.733764234719563,0.9792774753173507,null
14851574,66055636,603926,13562456,685192,310195,293731,10139459,0,334148,351044,98268,211927,1468700,2248028,4076029,0,107144,227004,102439,248605,1258265,64797371,322167,926371,9727,85160,237007,45670,39490,186216,50791,924820,1551,277390,647430,1551,0,18,9709,8,10,9709,0,20006563,44790808,4977482,15029081,16572799,28218009,n9665,false,0.966688882472812,0.8920104875160803,0,16285,false,503,7,0.21791053423738804,0.7990013494849428,null
14851574,66055636,603926,13562456,685192,310195,293731,10139459,0,334148,351044,98268,211927,1468700,2248028,4076029,0,107144,227004,102439,248605,1258265,64797371,322167,926371,9727,85160,237007,45670,39490,186216,50791,924820,1551,277390,647430,1551,0,18,9709,8,10,9709,0,20006563,44790808,4977482,15029081,16572799,28218009,n8133,false,0.7251050020578849,0.05984185826013255,0,101,false,501,5,0.4755888649972662,0.09987102346554633,null
14851574,66055636,603926,13562456,685192,310195,293731,10139459,0,334148,351044,98268,211927,1468700,2248028,4076029,0,107144,227004,102439,248605,1258265,64797371,322167,926371,9727,85160,237007,45670,39490,186216,50791,924820,1551,277390,647430,1551,0,18,9709,8,10,9709,0,20006563,44790808,4977482,15029081,16572799,28218009,n11066,true,0.3662333006893132,0.8022669788082453,11,28999,false,0,0,0.7906120419449773,0.8199693313513569,null
14851574,66055636,603926,13562456,685192,310195,293731,10139459,0,334148,351044,98268,211927,1468700,2248028,4076029,0,107144,227004,102439,248605,1258265,64797371,322167,926371,9727,85160,237007,45670,39490,186216,50791,924820,1551,277390,647430,1551,0,18,9709,8,10,9709,0,20006563,44790808,4977482,15029081,16572799,28218009,n11067,false,0.6118987686405942,0.47738025444898957,0,1086,false,507,15,0.8597687893365281,0.548275668881723,null
14851574,66055636,603926,13562456,685192,310195,293731,10139459,0,334148,351044,98268,211927,1468700,2248028,4076029,0,107144,227004,102439,248605,1258265,64797371,322167,926371,9727,85160,237007,45670,39490,186216,50791,924820,1551,277390,647430,1551,0,18,9709,8,10,9709,0,20006563,44790808,4977482,15029081,16572799,28218009,n25127,true,0.5722106834999161,0.04982906369810303,6,22240,false,35,4,0.6051845727783762,0.7672045924884977,null
14851574,66055636,603926,13562456,685192,310195,293731,10139459,0,334148,351044,98268,211927,1468700,2248028,4076029,0,107144,227004,102439,248605,1258265,64797371,322167,926371,9727,85160,237007,45670,39490,186216,50791,924820,1551,277390,647430,1551,0,18,9709,8,10,9709,0,20006563,44790808,4977482,15029081,16572799,28218009,n21221,false,0.34819738218981094,0.25084702853190377,0,7421,false,501,4,0.7730807307205254,0.39526746114745864,null
14851574,66055636,603926,13562456,685192,310195,293731,10139459,0,334148,351044,98268,211927,1468700,2248028,4076029,0,107144,227004,102439,248605,1258265,64797371,322167,926371,9727,85160,237007,45670,39490,186216,50791,924820,1551,277390,647430,1551,0,18,9709,8,10,9709,0,20006563,44790808,4977482,15029081,16572799,28218009,n15611,false,0.8999501434424111,0.1508920977279149,0,21743,false,502,6,0.5644367191718319,0.19844150808348893,null
14851574,66055636,603926,13562456,685192,310195,293731,10139459,0,334148,351044,98268,211927,1468700,2248028,4076029,0,107144,227004,102439,248605,1258265,64797371,322167,926371,9727,85160,237007,45670,39490,186216,50791,924820,1551,277390,647430,1551,0,18,9709,8,10,9709,0,20006563,44790808,4977482,15029081,16572799,28218009,n28332,false,0.2853414332425874,0.6893612033384364,0,22999,false,501,2,0.9932270907069697,0.047519530581863534,null
14851574,66055636,603926,13562456,685192,310195,293731,10139459,0,334148,351044,98268,211927,1468700,2248028,4076029,0,107144,227004,102439,248605,1258265,64797371,322167,926371,9727,85160,237007,45670,39490,186216,50791,924820,1551,277390,647430,1551,0,18,9709,8,10,9709,0,20006563,44790808,4977482,15029081,16572799,28218009,n15660,false,0.8711520314474176,0.7768508743388431,0,7,false,502,6,0.9616651000511849,0.39836499078493437,null
14851574,66055636,603926,13562456,685192,310195,293731,10139459,0,334148,351044,98268,211927,1468700,2248028,4076029,0,107144,227004,102439,248605,1258265,64797371,322167,926371,9727,85160,237007,45670,39490,186216,50791,924820,1551,277390,647430,1551,0,18,9709,8,10,9709,0,20006563,44790808,4977482,15029081,16572799,28218009,n15679,true,0.03731387668729815,0.6849698140961432,12,4237,false,501,5,0.620872081732404,0.13712982690045783,null
14851574,66055636,603926,13562456,685192,310195,293731,10139459,0,334148,351044,98268,211927,1468700,2248028,4076029,0,107144,227004,102439,248605,1258265,64797371,322167,926371,9727,85160,237007,45670,39490,186216,50791,924820,1551,277390,647430,1551,0,18,9709,8,10,9709,0,20006563,44790808,4977482,15029081,16572799,28218009,n30751,false,0.013171891245096235,0.015932318871733298,0,21023,false,502,5,0.5015603405585014,0.07967271849912572,null
14851574,66055636,603926,13562456,685192,310195,293731,10139459,0,334148,351044,98268,211927,1468700,2248028,4076029,0,107144,227004,102439,248605,1258265,64797371,322167,926371,9727,85160,237007,45670,39490,186216,50791,924820,1551,277390,647430,1551,0,18,9709,8,10,9709,0,20006563,44790808,4977482,15029081,16572799,28218009,n13538,false,0.11306491822021872,0.732120733626125,0,9820,false,501,2,0.970418152706087,0.12979094003030345,null
14851574,66055636,603926,13562456,685192,310195,293731,10139459,0,334148,351044,98268,211927,1468700,2248028,4076029,0,107144,227004,102439,248605,1258265,64797371,322167,926371,9727,85160,237007,45670,39490,186216,50791,924820,1551,277390,647430,1551,0,18,9709,8,10,9709,0,20006563,44790808,4977482,15029081,16572799,28218009,n15673,false,0.8423205706973975,0.7867216768795396,0,359,true,359,2,0.8985383984585171,0.8478062362384458,null
14851574,66055636,603926,13562456,685192,310195,293731,10139459,0,334148,351044,98268,211927,1468700,2248028,4076029,0,107144,227004,102439,248605,1258265,64797371,322167,926371,9727,85160,237007,45670,39490,186216,50791,924820,1551,277390,647430,1551,0,18,9709,8,10,9709,0,20006563,44790808,4977482,15029081,16572799,28218009,n13501,false,0.10311449767062579,0.5350346510342597,0,16229,false,501,4,0.9791273838390557,0.16958284062146545,null
14851574,66055636,603926,13562456,685192,310195,293731,10139459,0,334148,351044,98268,211927,1468700,2248028,4076029,0,107144,227004,102439,248605,1258265,64797371,322167,926371,9727,85160,237007,45670,39490,186216,50791,924820,1551,277390,647430,1551,0,18,9709,8,10,9709,0,20006563,44790808,4977482,15029081,16572799,28218009,n8097,true,0.39203483852233056,0.6733194756785295,8,23631,false,500,1,0.5644813610812618,0.7498220789427157,null
14851574,66055636,603926,13562456,685192,310195,293731,10139459,0,334148,351044,98268,211927,1468700,2248028,4076029,0,107144,227004,102439,248605,1258265,64797371,322167,926371,9727,85160,237007,45670,39490,186216,50791,924820,1551,277390,647430,1551,0,18,9709,8,10,9709,0,20006563,44790808,4977482,15029081,16572799,28218009,n15659,false,0.16657406507685527,0.8774593188915134,0,1381,false,503,7,0.6188540227608827,0.9867745474085308,null
14851574,66055636,603926,13562456,685192,310195,293731,10139459,0,334148,351044,98268,211927,1468700,2248028,4076029,0,107144,227004,102439,248605,1258265,64797371,322167,926371,9727,85160,237007,45670,39490,186216,50791,924820,1551,277390,647430,1551,0,18,9709,8,10,9709,0,20006563,44790808,4977482,15029081,16572799,28218009,n14615,false,0.12835305752089382,0.07787648198957431,0,23407,false,503,6,0.6829781772852811,0.9422883756628438,null
14851574,66055636,603926,13562456,685192,310195,293731,10139459,0,334148,351044,98268,211927,1468700,2248028,4076029,0,107144,227004,102439,248605,1258265,64797371,322167,926371,9727,85160,237007,45670,39490,186216,50791,924820,1551,277390,647430,1551,0,18,9709,8,10,9709,0,20006563,44790808,4977482,15029081,16572799,28218009,n10000,false,0.8619289720639424,0.7989232211517392,0,21802,false,501,2,0.6437862398555847,0.022466071723852288,null
14851574,66055636,603926,13562456,685192,310195,293731,10139459,0,334148,351044,98268,211927,1468700,2248028,4076029,0,107144,227004,102439,248605,1258265,64797371,322167,926371,9727,85160,237007,45670,39490,186216,50791,924820,1551,277390,647430,1551,0,18,9709,8,10,9709,0,20006563,44790808,4977482,15029081,16572799,28218009,n14626,true,0.9999870038944202,0.1176736323846731,12,8019,false,505,11,0.8088453527327284,0.09995770560701922,null
14851574,66055636,603926,13562456,685192,310195,293731,10139459,0,334148,351044,98268,211927,1468700,2248028,4076029,0,107144,227004,102439,248605,1258265,64797371,322167,926371,9727,85160,237007,45670,39490,186216,50791,924820,1551,277390,647430,1551,0,18,9709,8,10,9709,0,20006563,44790808,4977482,15029081,16572799,28218009,n7420,false,0.11996117420820994,0.4780119113398734,0,3569,false,502,5,0.6014669700532563,0.23734754093847932,null
14851574,66055636,603926,13562456,685192,310195,293731,10139459,0,334148,351044,98268,211927,1468700,2248028,4076029,0,107144,227004,102439,248605,1258265,64797371,322167,926371,9727,85160,237007,45670,39490,186216,50791,924820,1551,277390,647430,1551,0,18,9709,8,10,9709,0,20006563,44790808,4977482,15029081,16572799,28218009,n15689,true,0.4086734443215605,0.7471997468467533,12,3498,false,501,4,0.8881094780883689,0.3314295673147079,null
14851574,66055636,603926,13562456,685192,310195,293731,10139459,0,334148,351044,98268,211927,1468700,2248028,4076029,0,107144,227004,102439,248605,1258265,64797371,322167,926371,9727,85160,237007,45670,39490,186216,50791,924820,1551,277390,647430,1551,0,18,9709,8,10,9709,0,20006563,44790808,4977482,15029081,16572799,28218009,n29461,true,0.12609524704619335,0.5667261356299523,12,28999,false,0,0,0.47716968609089,0.98636936935535,null
14851574,66055636,603926,13562456,685192,310195,293731,10139459,0,334148,351044,98268,211927,1468700,2248028,4076029,0,107144,227004,102439,248605,1258265,64797371,322167,926371,9727,85160,237007,45670,39490,186216,50791,924820,1551,277390,647430,1551,0,18,9709,8,10,9709,0,20006563,44790808,4977482,15029081,16572799,28218009,n7430,false,0.8911082907983106,0.2032713284891668,0,1228,false,505,11,0.4287576287270549,0.19715356847346888,null
14851574,66055636,603926,13562456,685192,310195,293731,10139459,0,334148,351044,98268,211927,1468700,2248028,4076029,0,107144,227004,102439,248605,1258265,64797371,322167,926371,9727,85160,237007,45670,39490,186216,50791,924820,1551,277390,647430,1551,0,18,9709,8,10,9709,0,20006563,44790808,4977482,15029081,16572799,28218009,n26226,false,0.018016033940698634,0.8485663374778312,0,10057,false,500,2,0.6120435337745118,0.09912189017761086,null
14851574,66055636,603926,13562456,685192,310195,293731,10139459,0,334148,351044,98268,211927,1468700,2248028,4076029,0,107144,227004,102439,248605,1258265,64797371,322167,926371,9727,85160,237007,45670,39490,186216,50791,924820,1551,277390,647430,1551,0,18,9709,8,10,9709,0,20006563,44790808,4977482,15029081,16572799,28218009,n5261,false,0.7521273110963593,0.32221631996042926,0,8075,false,503,7,0.8771517003540495,0.7877330152919129,null
14851574,66055636,603926,13562456,685192,310195,293731,10139459,0,334148,351044,98268,211927,1468700,2248028,4076029,0,107144,227004,102439,248605,1258265,64797371,322167,926371,9727,85160,237007,45670,39490,186216,50791,924820,1551,277390,647430,1551,0,18,9709,8,10,9709,0,20006563,44790808,4977482,15029081,16572799,28218009,n5269,false,0.07149019311347593,0.48510921487629466,0,901,false,502,5,0.9590602954569415,0.2696499948428466,null
14851574,66055636,603926,13562456,685192,310195,293731,10139459,0,334148,351044,98268,211927,1468700,2248028,4076029,0,107144,227004,102439,248605,1258265,64797371,322167,926371,9727,85160,237007,45670,39490,186216,50791,924820,1551,277390,647430,1551,0,18,9709,8,10,9709,0,20006563,44790808,4977482,15029081,16572799,28218009,n5276,false,0.12739337429471959,0.701903701183491,0,14650,false,502,6,0.13847194006674268,0.1537308319495615,null
14851574,66055636,603926,13562456,685192,310195,293731,10139459,0,334148,351044,98268,211927,1468700,2248028,4076029,0,107144,227004,102439,248605,1258265,64797371,322167,926371,9727,85160,237007,45670,39490,186216,50791,924820,1551,277390,647430,1551,0,18,9709,8,10,9709,0,20006563,44790808,4977482,15029081,16572799,28218009,n5280,false,0.9999984166494122,0.84728010532425,0,3254,false,504,10,0.5260220560316082,0.9617685049324514,null
14851574,66055636,603926,13562456,685192,310195,293731,10139459,0,334148,351044,98268,211927,1468700,2248028,4076029,0,107144,227004,102439,248605,1258265,64797371,322167,926371,9727,85160,237007,45670,39490,186216,50791,924820,1551,277390,647430,1551,0,18,9709,8,10,9709,0,20006563,44790808,4977482,15029081,16572799,28218009,n5289,false,0.01853377760978806,0.0634814041890267,0,1445,false,504,9,0.4815240994567721,0.913731839268245,null
14851574,66055636,603926,13562456,685192,310195,293731,10139459,0,334148,351044,98268,211927,1468700,2248028,4076029,0,107144,227004,102439,248605,1258265,64797371,322167,926371,9727,85160,237007,45670,39490,186216,50791,924820,1551,277390,647430,1551,0,18,9709,8,10,9709,0,20006563,44790808,4977482,15029081,16572799,28218009,n5288,false,0.1230007855751833,0.1817097791514095,0,2668,false,503,8,0.7974670411245908,0.4765536719302714,null
14851574,66055636,603926,13562456,685192,310195,293731,10139459,0,334148,351044,98268,211927,1468700,2248028,4076029,0,107144,227004,102439,248605,1258265,64797371,322167,926371,9727,85160,237007,45670,39490,186216,50791,924820,1551,277390,647430,1551,0,18,9709,8,10,9709,0,20006563,44790808,4977482,15029081,16572799,28218009,n5284,true,0.8581549435178283,0.988556758188954,8,5799,false,502,7,0.8748662412726136,0.7500453655704844,null
14851574,66055636,603926,13562456,685192,310195,293731,10139459,0,334148,351044,98268,211927,1468700,2248028,4076029,0,107144,227004,102439,248605,1258265,64797371,322167,926371,9727,85160,237007,45670,39490,186216,50791,924820,1551,277390,647430,1551,0,18,9709,8,10,9709,0,20006563,44790808,4977482,15029081,16572799,28218009,n26231,true,0.6920909732138629,0.5318738988168692,11,941,false,503,7,0.6598890998372985,0.7275554646313958,null
14851574,66055636,603926,13562456,685192,310195,293731,10139459,0,334148,351044,98268,211927,1468700,2248028,4076029,0,107144,227004,102439,248605,1258265,64797371,322167,926371,9727,85160,237007,45670,39490,186216,50791,924820,1551,277390,647430,1551,0,18,9709,8,10,9709,0,20006563,44790808,4977482,15029081,16572799,28218009,n5290,false,0.42155405128823853,0.594331753413534,0,484,false,502,5,0.7207822177961577,0.7144598905654647,null
14851574,66055636,603926,13562456,685192,310195,293731,10139459,0,334148,351044,98268,211927,1468700,2248028,4076029,0,107144,227004,102439,248605,1258265,64797371,322167,926371,9727,85160,237007,45670,39490,186216,50791,924820,1551,277390,647430,1551,0,18,9709,8,10,9709,0,20006563,44790808,4977482,15029081,16572799,28218009,n5291,false,0.6005298285410855,0.6462977936197501,0,3586,false,504,8,0.8192598893371175,0.2974327549733423,null
14851574,66055636,603926,13562456,685192,310195,293731,10139459,0,334148,351044,98268,211927,1468700,2248028,4076029,0,107144,227004,102439,248605,1258265,64797371,322167,926371,9727,85160,237007,45670,39490,186216,50791,924820,1551,277390,647430,1551,0,18,9709,8,10,9709,0,20006563,44790808,4977482,15029081,16572799,28218009,n5299,false,0.2015562352050932,0.07273760510213167,0,9037,false,503,7,0.46779997375433713,0.8565802086295311,null
14851574,66055636,603926,13562456,685192,310195,293731,10139459,0,334148,351044,98268,211927,1468700,2248028,4076029,0,107144,227004,102439,248605,1258265,64797371,322167,926371,9727,85160,237007,45670,39490,186216,50791,924820,1551,277390,647430,1551,0,18,9709,8,10,9709,0,20006563,44790808,4977482,15029081,16572799,28218009,n16709,false,0.025526221097701557,0.34295503811238665,0,12246,false,501,5,0.08689643741875253,0.2818641720983921,null
14851574,66055636,603926,13562456,685192,310195,293731,10139459,0,334148,351044,98268,211927,1468700,2248028,4076029,0,107144,227004,102439,248605,1258265,64797371,322167,926371,9727,85160,237007,45670,39490,186216,50791,924820,1551,277390,647430,1551,0,18,9709,8,10,9709,0,20006563,44790808,4977482,15029081,16572799,28218009,n5296,false,0.22314585089653657,0.5551550983231915,0,17789,false,501,4,0.780334350967802,0.5064584385413017,null
14851574,66055636,603926,13562456,685192,310195,293731,10139459,0,334148,351044,98268,211927,1468700,2248028,4076029,0,107144,227004,102439,248605,1258265,64797371,322167,926371,9727,85160,237007,45670,39490,186216,50791,924820,1551,277390,647430,1551,0,18,9709,8,10,9709,0,20006563,44790808,4977482,15029081,16572799,28218009,n5297,false,0.9337125617680455,0.9183972527682668,0,28999,false,0,0,0.15010913818570792,0.9972371957771405,null
14851574,66055636,603926,13562456,685192,310195,293731,10139459,0,334148,351044,98268,211927,1468700,2248028,4076029,0,107144,227004,102439,248605,1258265,64797371,322167,926371,9727,85160,237007,45670,39490,186216,50791,924820,1551,277390,647430,1551,0,18,9709,8,10,9709,0,20006563,44790808,4977482,15029081,16572799,28218009,n3477,false,0.6947151956182201,0.6764238965728778,0,9156,false,503,7,0.25969309939653773,0.3033763561870537,null
14851574,66055636,603926,13562456,685192,310195,293731,10139459,0,334148,351044,98268,211927,1468700,2248028,4076029,0,107144,227004,102439,248605,1258265,64797371,322167,926371,9727,85160,237007,45670,39490,186216,50791,924820,1551,277390,647430,1551,0,18,9709,8,10,9709,0,20006563,44790808,4977482,15029081,16572799,28218009,n7348,false,0.8924064519096477,0.14076550489766448,0,7762,false,502,4,0.8657592133718635,0.13376376110228116,null
14851574,66055636,603926,13562456,685192,310195,293731,10139459,0,334148,351044,98268,211927,1468700,2248028,4076029,0,107144,227004,102439,248605,1258265,64797371,322167,926371,9727,85160,237007,45670,39490,186216,50791,924820,1551,277390,647430,1551,0,18,9709,8,10,9709,0,20006563,44790808,4977482,15029081,16572799,28218009,n3482,false,0.569098890438817,0.5371791863938558,0,13621,false,502,6,0.8794231631247336,0.0899210884565882,null
14851574,66055636,603926,13562456,685192,310195,293731,10139459,0,334148,351044,98268,211927,1468700,2248028,4076029,0,107144,227004,102439,248605,1258265,64797371,322167,926371,9727,85160,237007,45670,39490,186216,50791,924820,1551,277390,647430,1551,0,18,9709,8,10,9709,0,20006563,44790808,4977482,15029081,16572799,28218009,n7350,false,0.8721237780673053,0.4703440176775513,0,21161,false,501,4,0.654260130592309,0.8590352826641323,null
14851574,66055636,603926,13562456,685192,310195,293731,10139459,0,334148,351044,98268,211927,1468700,2248028,4076029,0,107144,227004,102439,248605,1258265,64797371,322167,926371,9727,85160,237007,45670,39490,186216,50791,924820,1551,277390,647430,1551,0,18,9709,8,10,9709,0,20006563,44790808,4977482,15029081,16572799,28218009,n3492,false,0.19901712375664263,0.8821566767670583,0,7765,false,501,3,0.832751200153935,0.03187588922234741,null
14851574,66055636,603926,13562456,685192,310195,293731,10139459,0,334148,351044,98268,211927,1468700,2248028,4076029,0,107144,227004,102439,248605,1258265,64797371,322167,926371,9727,85160,237007,45670,39490,186216,50791,924820,1551,277390,647430,1551,0,18,9709,8,10,9709,0,20006563,44790808,4977482,15029081,16572799,28218009,n3493,false,0.6646424733608585,0.34644947872108733,0,1103,false,503,7,0.5533923300288335,0.1457003357091241,null
14851574,66055636,603926,13562456,685192,310195,293731,10139459,0,334148,351044,98268,211927,1468700,2248028,4076029,0,107144,227004,102439,248605,1258265,64797371,322167,926371,9727,85160,237007,45670,39490,186216,50791,924820,1551,277390,647430,1551,0,18,9709,8,10,9709,0,20006563,44790808,4977482,15029081,16572799,28218009,n3491,true,0.9999859374897488,0.5258853674308744,14,3785,false,503,10,0.9483686621581853,0.08308830619237972,null
14851574,66055636,603926,13562456,685192,310195,293731,10139459,0,334148,351044,98268,211927,1468700,2248028,4076029,0,107144,227004,102439,248605,1258265,64797371,322167,926371,9727,85160,237007,45670,39490,186216,50791,924820,1551,277390,647430,1551,0,18,9709,8,10,9709,0,20006563,44790808,4977482,15029081,16572799,28218009,n3497,false,0.20360150466108617,0.9785968561883847,0,4223,false,503,8,0.7561933292236434,0.37654991247232045,null
14851574,66055636,603926,13562456,685192,310195,293731,10139459,0,334148,351044,98268,211927,1468700,2248028,4076029,0,107144,227004,102439,248605,1258265,64797371,322167,926371,9727,85160,237007,45670,39490,186216,50791,924820,1551,277390,647430,1551,0,18,9709,8,10,9709,0,20006563,44790808,4977482,15029081,16572799,28218009,n7340,false,0.6504525453854169,0.38356409993319585,0,4583,false,501,4,0.9074558507615387,0.6027687055925881,null
14851574,66055636,603926,13562456,685192,310195,293731,10139459,0,334148,351044,98268,211927,1468700,2248028,4076029,0,107144,227004,102439,248605,1258265,64797371,322167,926371,9727,85160,237007,45670,39490,186216,50791,924820,1551,277390,647430,1551,0,18,9709,8,10,9709,0,20006563,44790808,4977482,15029081,16572799,28218009,n27187,false,0.7484278019481698,0.9229501823662274,0,17432,false,502,6,0.8506654574067675,0.5671136292480331,null
14851574,66055636,603926,13562456,685192,310195,293731,10139459,0,334148,351044,98268,211927,1468700,2248028,4076029,0,107144,227004,102439,248605,1258265,64797371,322167,926371,9727,85160,237007,45670,39490,186216,50791,924820,1551,277390,647430,1551,0,18,9709,8,10,9709,0,20006563,44790808,4977482,15029081,16572799,28218009,n7327,false,0.2552818060711301,0.397185500869195,0,4600,false,502,6,0.9944641413835714,0.5185469474303537,null
14851574,66055636,603926,13562456,685192,310195,293731,10139459,0,334148,351044,98268,211927,1468700,2248028,4076029,0,107144,227004,102439,248605,1258265,64797371,322167,926371,9727,85160,237007,45670,39490,186216,50791,924820,1551,277390,647430,1551,0,18,9709,8,10,9709,0,20006563,44790808,4977482,15029081,16572799,28218009,n7335,false,0.20533601249872546,0.9629133970830904,0,350,true,350,1,0.18834952242241776,0.4978534767116284,null
14851574,66055636,603926,13562456,685192,310195,293731,10139459,0,334148,351044,98268,211927,1468700,2248028,4076029,0,107144,227004,102439,248605,1258265,64797371,322167,926371,9727,85160,237007,45670,39490,186216,50791,924820,1551,277390,647430,1551,0,18,9709,8,10,9709,0,20006563,44790808,4977482,15029081,16572799,28218009,n7320,false,0.7107084739031033,0.838083840667049,0,3321,false,504,8,0.35397618290550703,0.6980235804522411,null
14851574,66055636,603926,13562456,685192,310195,293731,10139459,0,334148,351044,98268,211927,1468700,2248028,4076029,0,107144,227004,102439,248605,1258265,64797371,322167,926371,9727,85160,237007,45670,39490,186216,50791,924820,1551,277390,647430,1551,0,18,9709,8,10,9709,0,20006563,44790808,4977482,15029081,16572799,28218009,n7322,false,0.6818936180441014,0.30248276065840746,0,8142,false,506,13,0.5832809903926532,0.9990726410175823,null
14851574,66055636,603926,13562456,685192,310195,293731,10139459,0,334148,351044,98268,211927,1468700,2248028,4076029,0,107144,227004,102439,248605,1258265,64797371,322167,926371,9727,85160,237007,45670,39490,186216,50791,924820,1551,277390,647430,1551,0,18,9709,8,10,9709,0,20006563,44790808,4977482,15029081,16572799,28218009,n8432,true,0.999986720677679,0.15419941293980244,10,7085,false,503,8,0.9338621660286801,0.6411906078429856,null
14851574,66055636,603926,13562456,685192,310195,293731,10139459,0,334148,351044,98268,211927,1468700,2248028,4076029,0,107144,227004,102439,248605,1258265,64797371,322167,926371,9727,85160,237007,45670,39490,186216,50791,924820,1551,277390,647430,1551,0,18,9709,8,10,9709,0,20006563,44790808,4977482,15029081,16572799,28218009,n8434,false,0.09083868001848663,0.09628720141054581,0,13752,false,506,14,0.8139739722232213,0.4993610501170551,null
14851574,66055636,603926,13562456,685192,310195,293731,10139459,0,334148,351044,98268,211927,1468700,2248028,4076029,0,107144,227004,102439,248605,1258265,64797371,322167,926371,9727,85160,237007,45670,39490,186216,50791,924820,1551,277390,647430,1551,0,18,9709,8,10,9709,0,20006563,44790808,4977482,15029081,16572799,28218009,n5126,false,0.09258714527028158,0.4866775571868067,0,6032,false,507,16,0.4379148705188268,0.16782201602687574,null
14851574,66055636,603926,13562456,685192,310195,293731,10139459,0,334148,351044,98268,211927,1468700,2248028,4076029,0,107144,227004,102439,248605,1258265,64797371,322167,926371,9727,85160,237007,45670,39490,186216,50791,924820,1551,277390,647430,1551,0,18,9709,8,10,9709,0,20006563,44790808,4977482,15029081,16572799,28218009,n8466,false,0.8929492076695623,0.5298514296004675,0,365,false,502,6,0.03933326559462136,0.692474259533106,null
14851574,66055636,603926,13562456,685192,310195,293731,10139459,0,334148,351044,98268,211927,1468700,2248028,4076029,0,107144,227004,102439,248605,1258265,64797371,322167,926371,9727,85160,237007,45670,39490,186216,50791,924820,1551,277390,647430,1551,0,18,9709,8,10,9709,0,20006563,44790808,4977482,15029081,16572799,28218009,n8468,false,0.334106343111971,0.34774147094708674,0,16569,false,501,2,0.8681991144921624,0.37900780877639406,null
14851574,66055636,603926,13562456,685192,310195,293731,10139459,0,334148,351044,98268,211927,1468700,2248028,4076029,0,107144,227004,102439,248605,1258265,64797371,322167,926371,9727,85160,237007,45670,39490,186216,50791,924820,1551,277390,647430,1551,0,18,9709,8,10,9709,0,20006563,44790808,4977482,15029081,16572799,28218009,n8464,false,0.5789166488373777,0.4683272732761796,0,13537,false,503,7,0.8088830940599572,0.8321199278649554,null
14851574,66055636,603926,13562456,685192,310195,293731,10139459,0,334148,351044,98268,211927,1468700,2248028,4076029,0,107144,227004,102439,248605,1258265,64797371,322167,926371,9727,85160,237007,45670,39490,186216,50791,924820,1551,277390,647430,1551,0,18,9709,8,10,9709,0,20006563,44790808,4977482,15029081,16572799,28218009,n5136,true,0.48316814877277564,0.9768713333242866,12,28999,false,0,0,0.37081752489193864,0.6667470606751272,null
14851574,66055636,603926,13562456,685192,310195,293731,10139459,0,334148,351044,98268,211927,1468700,2248028,4076029,0,107144,227004,102439,248605,1258265,64797371,322167,926371,9727,85160,237007,45670,39490,186216,50791,924820,1551,277390,647430,1551,0,18,9709,8,10,9709,0,20006563,44790808,4977482,15029081,16572799,28218009,n5133,false,0.7914285152786127,0.4854541394389078,0,1537,false,502,5,0.1999684958407949,0.9330081664984563,null
14851574,66055636,603926,13562456,685192,310195,293731,10139459,0,334148,351044,98268,211927,1468700,2248028,4076029,0,107144,227004,102439,248605,1258265,64797371,322167,926371,9727,85160,237007,45670,39490,186216,50791,924820,1551,277390,647430,1551,0,18,9709,8,10,9709,0,20006563,44790808,4977482,15029081,16572799,28218009,n5117,false,0.6497546938501128,0.84919294441663,0,244,false,502,5,0.4545258827180355,0.31478863937420315,null
14851574,66055636,603926,13562456,685192,310195,293731,10139459,0,334148,351044,98268,211927,1468700,2248028,4076029,0,107144,227004,102439,248605,1258265,64797371,322167,926371,9727,85160,237007,45670,39490,186216,50791,924820,1551,277390,647430,1551,0,18,9709,8,10,9709,0,20006563,44790808,4977482,15029081,16572799,28218009,n5119,true,0.6762886558998155,0.33905016055337983,16,8258,false,502,6,0.7373059676046932,0.46042055467816717,null
14851574,66055636,603926,13562456,685192,310195,293731,10139459,0,334148,351044,98268,211927,1468700,2248028,4076029,0,107144,227004,102439,248605,1258265,64797371,322167,926371,9727,85160,237007,45670,39490,186216,50791,924820,1551,277390,647430,1551,0,18,9709,8,10,9709,0,20006563,44790808,4977482,15029081,16572799,28218009,n13388,false,0.8477351406190647,0.7094434777191548,0,8505,false,504,8,0.7862039204225224,0.2353196712354222,null
14851574,66055636,603926,13562456,685192,310195,293731,10139459,0,334148,351044,98268,211927,1468700,2248028,4076029,0,107144,227004,102439,248605,1258265,64797371,322167,926371,9727,85160,237007,45670,39490,186216,50791,924820,1551,277390,647430,1551,0,18,9709,8,10,9709,0,20006563,44790808,4977482,15029081,16572799,28218009,n8457,false,0.8887778046902904,0.6201275421165352,0,28724,false,500,3,0.5064955861830698,0.006620502969126307,null
14851574,66055636,603926,13562456,685192,310195,293731,10139459,0,334148,351044,98268,211927,1468700,2248028,4076029,0,107144,227004,102439,248605,1258265,64797371,322167,926371,9727,85160,237007,45670,39490,186216,50791,924820,1551,277390,647430,1551,0,18,9709,8,10,9709,0,20006563,44790808,4977482,15029081,16572799,28218009,n5121,false,0.5926851036906754,0.38049952563001993,0,9498,false,503,8,0.10164146964648435,0.9066878723395856,null
14851574,66055636,603926,13562456,685192,310195,293731,10139459,0,334148,351044,98268,211927,1468700,2248028,4076029,0,107144,227004,102439,248605,1258265,64797371,322167,926371,9727,85160,237007,45670,39490,186216,50791,924820,1551,277390,647430,1551,0,18,9709,8,10,9709,0,20006563,44790808,4977482,15029081,16572799,28218009,n5120,false,0.35990304459215255,0.9594738169941077,0,6477,false,504,10,0.08153820788297084,0.4191997126728461,null
14851574,66055636,603926,13562456,685192,310195,293731,10139459,0,334148,351044,98268,211927,1468700,2248028,4076029,0,107144,227004,102439,248605,1258265,64797371,322167,926371,9727,85160,237007,45670,39490,186216,50791,924820,1551,277390,647430,1551,0,18,9709,8,10,9709,0,20006563,44790808,4977482,15029081,16572799,28218009,n5122,false,0.9999995071061931,0.38582864059362687,0,5208,false,505,10,0.9514805702945894,0.21713569661615384,null
14851574,66055636,603926,13562456,685192,310195,293731,10139459,0,334148,351044,98268,211927,1468700,2248028,4076029,0,107144,227004,102439,248605,1258265,64797371,322167,926371,9727,85160,237007,45670,39490,186216,50791,924820,1551,277390,647430,1551,0,18,9709,8,10,9709,0,20006563,44790808,4977482,15029081,16572799,28218009,n7385,false,0.7283250914126419,0.5774145765297785,0,11300,false,501,2,0.7220408118725873,0.2725165954180496,null
14851574,66055636,603926,13562456,685192,310195,293731,10139459,0,334148,351044,98268,211927,1468700,2248028,4076029,0,107144,227004,102439,248605,1258265,64797371,322167,926371,9727,85160,237007,45670,39490,186216,50791,924820,1551,277390,647430,1551,0,18,9709,8,10,9709,0,20006563,44790808,4977482,15029081,16572799,28218009,n5108,false,0.6336081708613303,0.943540553697733,0,14763,false,501,2,0.20797883023031594,0.050511936629790366,null
14851574,66055636,603926,13562456,685192,310195,293731,10139459,0,334148,351044,98268,211927,1468700,2248028,4076029,0,107144,227004,102439,248605,1258265,64797371,322167,926371,9727,85160,237007,45670,39490,186216,50791,924820,1551,277390,647430,1551,0,18,9709,8,10,9709,0,20006563,44790808,4977482,15029081,16572799,28218009,n5107,false,0.7971176677098608,0.12364766340096112,0,1005,false,502,6,0.32722710723482906,0.4587367190430578,null
14851574,66055636,603926,13562456,685192,310195,293731,10139459,0,334148,351044,98268,211927,1468700,2248028,4076029,0,107144,227004,102439,248605,1258265,64797371,322167,926371,9727,85160,237007,45670,39490,186216,50791,924820,1551,277390,647430,1551,0,18,9709,8,10,9709,0,20006563,44790808,4977482,15029081,16572799,28218009,n5105,false,0.5469343913818605,0.9742294687828505,0,1963,false,502,5,0.14944884363714517,0.33924756404618384,null
14851574,66055636,603926,13562456,685192,310195,293731,10139459,0,334148,351044,98268,211927,1468700,2248028,4076029,0,107144,227004,102439,248605,1258265,64797371,322167,926371,9727,85160,237007,45670,39490,186216,50791,924820,1551,277390,647430,1551,0,18,9709,8,10,9709,0,20006563,44790808,4977482,15029081,16572799,28218009,n8489,false,0.11198621654612323,0.06618901378864639,0,12072,false,501,4,0.8834008138400449,0.6088009464962849,null
14851574,66055636,603926,13562456,685192,310195,293731,10139459,0,334148,351044,98268,211927,1468700,2248028,4076029,0,107144,227004,102439,248605,1258265,64797371,322167,926371,9727,85160,237007,45670,39490,186216,50791,924820,1551,277390,647430,1551,0,18,9709,8,10,9709,0,20006563,44790808,4977482,15029081,16572799,28218009,n5112,false,0.4779628435946015,0.34296466700470174,0,598,false,503,8,0.45199391165124075,0.1283026339299398,null
14851574,66055636,603926,13562456,685192,310195,293731,10139459,0,334148,351044,98268,211927,1468700,2248028,4076029,0,107144,227004,102439,248605,1258265,64797371,322167,926371,9727,85160,237007,45670,39490,186216,50791,924820,1551,277390,647430,1551,0,18,9709,8,10,9709,0,20006563,44790808,4977482,15029081,16572799,28218009,n8480,false,0.9988908769679526,0.10263380908148534,0,2543,false,504,10,0.8473369328440564,0.07350921636956198,null
14851574,66055636,603926,13562456,685192,310195,293731,10139459,0,334148,351044,98268,211927,1468700,2248028,4076029,0,107144,227004,102439,248605,1258265,64797371,322167,926371,9727,85160,237007,45670,39490,186216,50791,924820,1551,277390,647430,1551,0,18,9709,8,10,9709,0,20006563,44790808,4977482,15029081,16572799,28218009,n8476,true,0.06823690007913298,0.30367955800217183,0,2008,false,0,1,0.5662977987589505,0.44459505261404986,null
14851574,66055636,603926,13562456,685192,310195,293731,10139459,0,334148,351044,98268,211927,1468700,2248028,4076029,0,107144,227004,102439,248605,1258265,64797371,322167,926371,9727,85160,237007,45670,39490,186216,50791,924820,1551,277390,647430,1551,0,18,9709,8,10,9709,0,20006563,44790808,4977482,15029081,16572799,28218009,n8478,true,0.4458932772146971,0.06831245522802931,10,7026,false,501,5,0.9505657561745693,0.8851041365641844,null
14851574,66055636,603926,13562456,685192,310195,293731,10139459,0,334148,351044,98268,211927,1468700,2248028,4076029,0,107144,227004,102439,248605,1258265,64797371,322167,926371,9727,85160,237007,45670,39490,186216,50791,924820,1551,277390,647430,1551,0,18,9709,8,10,9709,0,20006563,44790808,4977482,15029081,16572799,28218009,n5100,false,0.999995237530799,0.17618861526455287,0,11607,false,501,3,0.7758799854532143,0.6310897387197748,null
14851574,66055636,603926,13562456,685192,310195,293731,10139459,0,334148,351044,98268,211927,1468700,2248028,4076029,0,107144,227004,102439,248605,1258265,64797371,322167,926371,9727,85160,237007,45670,39490,186216,50791,924820,1551,277390,647430,1551,0,18,9709,8,10,9709,0,20006563,44790808,4977482,15029081,16572799,28218009,n5103,true,0.8299651339032369,0.22945414402332714,6,4414,false,72,5,0.14656095513936784,0.3535799981700437,null
14851574,66055636,603926,13562456,685192,310195,293731,10139459,0,334148,351044,98268,211927,1468700,2248028,4076029,0,107144,227004,102439,248605,1258265,64797371,322167,926371,9727,85160,237007,45670,39490,186216,50791,924820,1551,277390,647430,1551,0,18,9709,8,10,9709,0,20006563,44790808,4977482,15029081,16572799,28218009,n5102,true,0.4666181666691974,0.8177555967756924,11,2386,false,501,4,0.9928449903649896,0.9967520557196999,null
14851574,66055636,603926,13562456,685192,310195,293731,10139459,0,334148,351044,98268,211927,1468700,2248028,4076029,0,107144,227004,102439,248605,1258265,64797371,322167,926371,9727,85160,237007,45670,39490,186216,50791,924820,1551,277390,647430,1551,0,18,9709,8,10,9709,0,20006563,44790808,4977482,15029081,16572799,28218009,n7362,true,0.6182476525682772,0.7957481765040029,6,28999,false,0,0,0.3201089195544399,0.4690255760174524,null
14851574,66055636,603926,13562456,685192,310195,293731,10139459,0,334148,351044,98268,211927,1468700,2248028,4076029,0,107144,227004,102439,248605,1258265,64797371,322167,926371,9727,85160,237007,45670,39490,186216,50791,924820,1551,277390,647430,1551,0,18,9709,8,10,9709,0,20006563,44790808,4977482,15029081,16572799,28218009,n7369,false,0.817105095576949,0.051157335565877204,0,1216,false,501,3,0.9983423517909309,0.18208493811151316,null
14851574,66055636,603926,13562456,685192,310195,293731,10139459,0,334148,351044,98268,211927,1468700,2248028,4076029,0,107144,227004,102439,248605,1258265,64797371,322167,926371,9727,85160,237007,45670,39490,186216,50791,924820,1551,277390,647430,1551,0,18,9709,8,10,9709,0,20006563,44790808,4977482,15029081,16572799,28218009,n4040,false,0.9999972693585992,0.2203831851025561,0,6225,false,501,4,0.8654277503670161,0.6596176960973414,null
14851574,66055636,603926,13562456,685192,310195,293731,10139459,0,334148,351044,98268,211927,1468700,2248028,4076029,0,107144,227004,102439,248605,1258265,64797371,322167,926371,9727,85160,237007,45670,39490,186216,50791,924820,1551,277390,647430,1551,0,18,9709,8,10,9709,0,20006563,44790808,4977482,15029081,16572799,28218009,n4045,true,0.4069594396891603,0.12560655959340106,10,28999,false,0,0,0.5235352485237192,0.3027793036187406,null
14851574,66055636,603926,13562456,685192,310195,293731,10139459,0,334148,351044,98268,211927,1468700,2248028,4076029,0,107144,227004,102439,248605,1258265,64797371,322167,926371,9727,85160,237007,45670,39490,186216,50791,924820,1551,277390,647430,1551,0,18,9709,8,10,9709,0,20006563,44790808,4977482,15029081,16572799,28218009,n4038,true,0.24140897754357732,0.45091775733132144,12,22294,false,15,3,0.48637244686669057,0.029749416715700305,null
14851574,66055636,603926,13562456,685192,310195,293731,10139459,0,334148,351044,98268,211927,1468700,2248028,4076029,0,107144,227004,102439,248605,1258265,64797371,322167,926371,9727,85160,237007,45670,39490,186216,50791,924820,1551,277390,647430,1551,0,18,9709,8,10,9709,0,20006563,44790808,4977482,15029081,16572799,28218009,n8492,false,0.9762625244130629,0.42941029763043836,0,2242,false,506,12,0.16942192315620686,0.6666709970205722,null
14851574,66055636,603926,13562456,685192,310195,293731,10139459,0,334148,351044,98268,211927,1468700,2248028,4076029,0,107144,227004,102439,248605,1258265,64797371,322167,926371,9727,85160,237007,45670,39490,186216,50791,924820,1551,277390,647430,1551,0,18,9709,8,10,9709,0,20006563,44790808,4977482,15029081,16572799,28218009,n13346,false,0.4736252317446437,0.30868324704190986,0,19912,false,500,2,0.36718010980040405,0.23530590637286142,null
14851574,66055636,603926,13562456,685192,310195,293731,10139459,0,334148,351044,98268,211927,1468700,2248028,4076029,0,107144,227004,102439,248605,1258265,64797371,322167,926371,9727,85160,237007,45670,39490,186216,50791,924820,1551,277390,647430,1551,0,18,9709,8,10,9709,0,20006563,44790808,4977482,15029081,16572799,28218009,n32227,false,0.9780810691266031,0.7850428105264474,0,8571,false,506,12,0.5507272051502357,0.23196249289229465,null
14851574,66055636,603926,13562456,685192,310195,293731,10139459,0,334148,351044,98268,211927,1468700,2248028,4076029,0,107144,227004,102439,248605,1258265,64797371,322167,926371,9727,85160,237007,45670,39490,186216,50791,924820,1551,277390,647430,1551,0,18,9709,8,10,9709,0,20006563,44790808,4977482,15029081,16572799,28218009,n9542,true,0.13577034413924707,0.8684815227046964,11,639,false,502,6,0.9002256948810875,0.548458338514468,null
14851574,66055636,603926,13562456,685192,310195,293731,10139459,0,334148,351044,98268,211927,1468700,2248028,4076029,0,107144,227004,102439,248605,1258265,64797371,322167,926371,9727,85160,237007,45670,39490,186216,50791,924820,1551,277390,647430,1551,0,18,9709,8,10,9709,0,20006563,44790808,4977482,15029081,16572799,28218009,n9541,false,0.7781186068061433,0.25789258983859326,0,1482,false,502,5,0.6643492107747749,0.8476505603497526,null
14851574,66055636,603926,13562456,685192,310195,293731,10139459,0,334148,351044,98268,211927,1468700,2248028,4076029,0,107144,227004,102439,248605,1258265,64797371,322167,926371,9727,85160,237007,45670,39490,186216,50791,924820,1551,277390,647430,1551,0,18,9709,8,10,9709,0,20006563,44790808,4977482,15029081,16572799,28218009,n3402,false,0.8068397342875601,0.4795051470255881,0,26186,false,501,3,0.8163849551921629,0.6679602194512406,null
14851574,66055636,603926,13562456,685192,310195,293731,10139459,0,334148,351044,98268,211927,1468700,2248028,4076029,0,107144,227004,102439,248605,1258265,64797371,322167,926371,9727,85160,237007,45670,39490,186216,50791,924820,1551,277390,647430,1551,0,18,9709,8,10,9709,0,20006563,44790808,4977482,15029081,16572799,28218009,n3401,false,0.39447694929232846,0.7135895639714988,0,6957,false,503,8,0.5006453639773424,0.8788520421511212,null
14851574,66055636,603926,13562456,685192,310195,293731,10139459,0,334148,351044,98268,211927,1468700,2248028,4076029,0,107144,227004,102439,248605,1258265,64797371,322167,926371,9727,85160,237007,45670,39490,186216,50791,924820,1551,277390,647430,1551,0,18,9709,8,10,9709,0,20006563,44790808,4977482,15029081,16572799,28218009,n4025,false,0.7977732126674797,0.683960382003736,0,28999,false,0,0,0.5026598070459406,0.1766377021785943,null
14851574,66055636,603926,13562456,685192,310195,293731,10139459,0,334148,351044,98268,211927,1468700,2248028,4076029,0,107144,227004,102439,248605,1258265,64797371,322167,926371,9727,85160,237007,45670,39490,186216,50791,924820,1551,277390,647430,1551,0,18,9709,8,10,9709,0,20006563,44790808,4977482,15029081,16572799,28218009,n6284,false,0.6396209067420232,0.05725527240393147,0,16034,false,502,6,0.5174026027034303,0.7780585180796638,null
14851574,66055636,603926,13562456,685192,310195,293731,10139459,0,334148,351044,98268,211927,1468700,2248028,4076029,0,107144,227004,102439,248605,1258265,64797371,322167,926371,9727,85160,237007,45670,39490,186216,50791,924820,1551,277390,647430,1551,0,18,9709,8,10,9709,0,20006563,44790808,4977482,15029081,16572799,28218009,n3420,false,0.8839082266952267,0.616132618011167,0,13913,false,501,2,0.6080929148110339,0.6119255060113146,null
14851574,66055636,603926,13562456,685192,310195,293731,10139459,0,334148,351044,98268,211927,1468700,2248028,4076029,0,107144,227004,102439,248605,1258265,64797371,322167,926371,9727,85160,237007,45670,39490,186216,50791,924820,1551,277390,647430,1551,0,18,9709,8,10,9709,0,20006563,44790808,4977482,15029081,16572799,28218009,n6289,true,0.9670501036384459,0.9365479149084082,8,21370,false,500,2,0.5576797837757727,0.6010990196079544,null
14851574,66055636,603926,13562456,685192,310195,293731,10139459,0,334148,351044,98268,211927,1468700,2248028,4076029,0,107144,227004,102439,248605,1258265,64797371,322167,926371,9727,85160,237007,45670,39490,186216,50791,924820,1551,277390,647430,1551,0,18,9709,8,10,9709,0,20006563,44790808,4977482,15029081,16572799,28218009,n6281,false,0.421251939906524,0.8034094980809069,0,5839,false,504,8,0.2670220083836041,0.6859906385004988,null
14851574,66055636,603926,13562456,685192,310195,293731,10139459,0,334148,351044,98268,211927,1468700,2248028,4076029,0,107144,227004,102439,248605,1258265,64797371,322167,926371,9727,85160,237007,45670,39490,186216,50791,924820,1551,277390,647430,1551,0,18,9709,8,10,9709,0,20006563,44790808,4977482,15029081,16572799,28218009,n6280,false,0.8045944493671627,0.3583406875514897,0,8610,false,502,4,0.8298285872806702,0.23601171605003823,null
14851574,66055636,603926,13562456,685192,310195,293731,10139459,0,334148,351044,98268,211927,1468700,2248028,4076029,0,107144,227004,102439,248605,1258265,64797371,322167,926371,9727,85160,237007,45670,39490,186216,50791,924820,1551,277390,647430,1551,0,18,9709,8,10,9709,0,20006563,44790808,4977482,15029081,16572799,28218009,n4019,false,0.8569087638148838,0.8714476202518551,0,268,false,504,8,0.49198251051720804,0.949953529849078,null
14851574,66055636,603926,13562456,685192,310195,293731,10139459,0,334148,351044,98268,211927,1468700,2248028,4076029,0,107144,227004,102439,248605,1258265,64797371,322167,926371,9727,85160,237007,45670,39490,186216,50791,924820,1551,277390,647430,1551,0,18,9709,8,10,9709,0,20006563,44790808,4977482,15029081,16572799,28218009,n4010,true,0.7195443528843916,0.22185286968686407,7,2358,false,501,6,0.486452024781254,0.8126349017564604,null
14851574,66055636,603926,13562456,685192,310195,293731,10139459,0,334148,351044,98268,211927,1468700,2248028,4076029,0,107144,227004,102439,248605,1258265,64797371,322167,926371,9727,85160,237007,45670,39490,186216,50791,924820,1551,277390,647430,1551,0,18,9709,8,10,9709,0,20006563,44790808,4977482,15029081,16572799,28218009,n9568,true,0.7745220188820973,0.6367533354183754,14,16904,false,0,1,0.29744742666168067,0.1250223746665483,null
14851574,66055636,603926,13562456,685192,310195,293731,10139459,0,334148,351044,98268,211927,1468700,2248028,4076029,0,107144,227004,102439,248605,1258265,64797371,322167,926371,9727,85160,237007,45670,39490,186216,50791,924820,1551,277390,647430,1551,0,18,9709,8,10,9709,0,20006563,44790808,4977482,15029081,16572799,28218009,n13365,true,0.49285043937300727,0.8592054116141253,4,144,false,502,5,0.8030111761351675,0.8374555404021977,null
14851574,66055636,603926,13562456,685192,310195,293731,10139459,0,334148,351044,98268,211927,1468700,2248028,4076029,0,107144,227004,102439,248605,1258265,64797371,322167,926371,9727,85160,237007,45670,39490,186216,50791,924820,1551,277390,647430,1551,0,18,9709,8,10,9709,0,20006563,44790808,4977482,15029081,16572799,28218009,n3426,false,0.5719295922497052,0.3630598905967495,0,22557,false,501,2,0.0674606049000569,0.5201556315951751,null
14851574,66055636,603926,13562456,685192,310195,293731,10139459,0,334148,351044,98268,211927,1468700,2248028,4076029,0,107144,227004,102439,248605,1258265,64797371,322167,926371,9727,85160,237007,45670,39490,186216,50791,924820,1551,277390,647430,1551,0,18,9709,8,10,9709,0,20006563,44790808,4977482,15029081,16572799,28218009,n4009,true,0.21268384596488735,0.8866927802632263,10,473,false,501,3,0.7435406492564895,0.34974999500497334,null
14851574,66055636,603926,13562456,685192,310195,293731,10139459,0,334148,351044,98268,211927,1468700,2248028,4076029,0,107144,227004,102439,248605,1258265,64797371,322167,926371,9727,85160,237007,45670,39490,186216,50791,924820,1551,277390,647430,1551,0,18,9709,8,10,9709,0,20006563,44790808,4977482,15029081,16572799,28218009,n4005,true,0.02083249331848891,0.7555825740376628,13,28999,false,0,0,0.7252150861690829,0.9808304047505585,null
14851574,66055636,603926,13562456,685192,310195,293731,10139459,0,334148,351044,98268,211927,1468700,2248028,4076029,0,107144,227004,102439,248605,1258265,64797371,322167,926371,9727,85160,237007,45670,39490,186216,50791,924820,1551,277390,647430,1551,0,18,9709,8,10,9709,0,20006563,44790808,4977482,15029081,16572799,28218009,n6261,false,0.9999975628170241,0.07751444644698957,0,4540,false,505,11,0.7874578025053086,0.6890862792549789,null
14851574,66055636,603926,13562456,685192,310195,293731,10139459,0,334148,351044,98268,211927,1468700,2248028,4076029,0,107144,227004,102439,248605,1258265,64797371,322167,926371,9727,85160,237007,45670,39490,186216,50791,924820,1551,277390,647430,1551,0,18,9709,8,10,9709,0,20006563,44790808,4977482,15029081,16572799,28218009,n13319,false,0.9999974838131863,0.9729016165157209,0,740,false,502,7,0.6470494528868432,0.2223115158130623,null
14851574,66055636,603926,13562456,685192,310195,293731,10139459,0,334148,351044,98268,211927,1468700,2248028,4076029,0,107144,227004,102439,248605,1258265,64797371,322167,926371,9727,85160,237007,45670,39490,186216,50791,924820,1551,277390,647430,1551,0,18,9709,8,10,9709,0,20006563,44790808,4977482,15029081,16572799,28218009,n11397,false,0.27540608216413304,0.48142111931148335,0,2033,false,532,358,0.68074019109646,0.11518236065063026,null
14851574,66055636,603926,13562456,685192,310195,293731,10139459,0,334148,351044,98268,211927,1468700,2248028,4076029,0,107144,227004,102439,248605,1258265,64797371,322167,926371,9727,85160,237007,45670,39490,186216,50791,924820,1551,277390,647430,1551,0,18,9709,8,10,9709,0,20006563,44790808,4977482,15029081,16572799,28218009,n13318,false,0.6526450592262533,0.6034724095539642,0,6557,false,503,6,0.8429722999609881,0.34016711177436315,null
14851574,66055636,603926,13562456,685192,310195,293731,10139459,0,334148,351044,98268,211927,1468700,2248028,4076029,0,107144,227004,102439,248605,1258265,64797371,322167,926371,9727,85160,237007,45670,39490,186216,50791,924820,1551,277390,647430,1551,0,18,9709,8,10,9709,0,20006563,44790808,4977482,15029081,16572799,28218009,n24138,false,0.5145868055537753,0.68369849952874,0,27537,false,500,1,0.020311663039681682,0.9781925682288917,null
14851574,66055636,603926,13562456,685192,310195,293731,10139459,0,334148,351044,98268,211927,1468700,2248028,4076029,0,107144,227004,102439,248605,1258265,64797371,322167,926371,9727,85160,237007,45670,39490,186216,50791,924820,1551,277390,647430,1551,0,18,9709,8,10,9709,0,20006563,44790808,4977482,15029081,16572799,28218009,n3439,false,0.9999972800142127,0.8590910883893478,0,28999,false,0,0,0.18524941304908615,0.951808827248304,null
14851574,66055636,603926,13562456,685192,310195,293731,10139459,0,334148,351044,98268,211927,1468700,2248028,4076029,0,107144,227004,102439,248605,1258265,64797371,322167,926371,9727,85160,237007,45670,39490,186216,50791,924820,1551,277390,647430,1551,0,18,9709,8,10,9709,0,20006563,44790808,4977482,15029081,16572799,28218009,n11388,false,0.8542868558528341,0.1069704333231597,0,601,false,503,6,0.5742601899404748,0.8688848753056286,null
14851574,66055636,603926,13562456,685192,310195,293731,10139459,0,334148,351044,98268,211927,1468700,2248028,4076029,0,107144,227004,102439,248605,1258265,64797371,322167,926371,9727,85160,237007,45670,39490,186216,50791,924820,1551,277390,647430,1551,0,18,9709,8,10,9709,0,20006563,44790808,4977482,15029081,16572799,28218009,n3451,false,0.7582954679232592,0.8244019197746566,0,7590,false,501,3,0.13992264690802259,0.7623565540410037,null
14851574,66055636,603926,13562456,685192,310195,293731,10139459,0,334148,351044,98268,211927,1468700,2248028,4076029,0,107144,227004,102439,248605,1258265,64797371,322167,926371,9727,85160,237007,45670,39490,186216,50791,924820,1551,277390,647430,1551,0,18,9709,8,10,9709,0,20006563,44790808,4977482,15029081,16572799,28218009,n3450,false,0.03987984491641933,0.6033423480155444,0,3569,false,504,8,0.7732231973772287,0.19739123508566114,null
14851574,66055636,603926,13562456,685192,310195,293731,10139459,0,334148,351044,98268,211927,1468700,2248028,4076029,0,107144,227004,102439,248605,1258265,64797371,322167,926371,9727,85160,237007,45670,39490,186216,50791,924820,1551,277390,647430,1551,0,18,9709,8,10,9709,0,20006563,44790808,4977482,15029081,16572799,28218009,n11383,true,0.8685693877671948,0.3383510559373075,6,24168,false,6,2,0.5106492786580307,0.6075375583806619,null
14851574,66055636,603926,13562456,685192,310195,293731,10139459,0,334148,351044,98268,211927,1468700,2248028,4076029,0,107144,227004,102439,248605,1258265,64797371,322167,926371,9727,85160,237007,45670,39490,186216,50791,924820,1551,277390,647430,1551,0,18,9709,8,10,9709,0,20006563,44790808,4977482,15029081,16572799,28218009,n6248,false,0.44726083601896177,0.9395610036445129,0,270,false,504,9,0.3292397085310308,0.8442337133693805,null
14851574,66055636,603926,13562456,685192,310195,293731,10139459,0,334148,351044,98268,211927,1468700,2248028,4076029,0,107144,227004,102439,248605,1258265,64797371,322167,926371,9727,85160,237007,45670,39490,186216,50791,924820,1551,277390,647430,1551,0,18,9709,8,10,9709,0,20006563,44790808,4977482,15029081,16572799,28218009,n13335,false,0.9999980431360936,0.6948369176027341,0,19693,false,502,4,0.5818278445023527,0.5569939305184783,null
14851574,66055636,603926,13562456,685192,310195,293731,10139459,0,334148,351044,98268,211927,1468700,2248028,4076029,0,107144,227004,102439,248605,1258265,64797371,322167,926371,9727,85160,237007,45670,39490,186216,50791,924820,1551,277390,647430,1551,0,18,9709,8,10,9709,0,20006563,44790808,4977482,15029081,16572799,28218009,n13334,false,0.999995760705185,0.5091817310050581,0,528,false,501,4,0.8286133655986507,0.829063148291224,null
14851574,66055636,603926,13562456,685192,310195,293731,10139459,0,334148,351044,98268,211927,1468700,2248028,4076029,0,107144,227004,102439,248605,1258265,64797371,322167,926371,9727,85160,237007,45670,39490,186216,50791,924820,1551,277390,647430,1551,0,18,9709,8,10,9709,0,20006563,44790808,4977482,15029081,16572799,28218009,n6241,false,0.7986751200495408,0.7529239285855328,0,19926,false,501,3,0.5177616880370376,0.4154116614448239,null
14851574,66055636,603926,13562456,685192,310195,293731,10139459,0,334148,351044,98268,211927,1468700,2248028,4076029,0,107144,227004,102439,248605,1258265,64797371,322167,926371,9727,85160,237007,45670,39490,186216,50791,924820,1551,277390,647430,1551,0,18,9709,8,10,9709,0,20006563,44790808,4977482,15029081,16572799,28218009,n6243,false,0.9999960699249001,0.7894895665070245,0,12556,false,504,9,0.9623816031198615,0.484406451009277,null
14851574,66055636,603926,13562456,685192,310195,293731,10139459,0,334148,351044,98268,211927,1468700,2248028,4076029,0,107144,227004,102439,248605,1258265,64797371,322167,926371,9727,85160,237007,45670,39490,186216,50791,924820,1551,277390,647430,1551,0,18,9709,8,10,9709,0,20006563,44790808,4977482,15029081,16572799,28218009,n6244,true,0.5807154857229211,0.6112355647680294,11,28999,false,0,0,0.24874415796675053,0.27661781924215223,null
14851574,66055636,603926,13562456,685192,310195,293731,10139459,0,334148,351044,98268,211927,1468700,2248028,4076029,0,107144,227004,102439,248605,1258265,64797371,322167,926371,9727,85160,237007,45670,39490,186216,50791,924820,1551,277390,647430,1551,0,18,9709,8,10,9709,0,20006563,44790808,4977482,15029081,16572799,28218009,n11371,false,0.5677533834185206,0.0800163856895243,0,14386,false,500,2,0.7462864867204753,0.6845941430140687,null
14851574,66055636,603926,13562456,685192,310195,293731,10139459,0,334148,351044,98268,211927,1468700,2248028,4076029,0,107144,227004,102439,248605,1258265,64797371,322167,926371,9727,85160,237007,45670,39490,186216,50791,924820,1551,277390,647430,1551,0,18,9709,8,10,9709,0,20006563,44790808,4977482,15029081,16572799,28218009,n3459,false,0.3149464186345847,0.1856448748455708,0,7820,false,501,3,0.28219488629517,0.9429225834221995,null
14851574,66055636,603926,13562456,685192,310195,293731,10139459,0,334148,351044,98268,211927,1468700,2248028,4076029,0,107144,227004,102439,248605,1258265,64797371,322167,926371,9727,85160,237007,45670,39490,186216,50791,924820,1551,277390,647430,1551,0,18,9709,8,10,9709,0,20006563,44790808,4977482,15029081,16572799,28218009,n9522,true,0.8021611513037683,0.7652719693522,10,8061,false,500,2,0.5269962583770395,0.07905357993303774,null
14851574,66055636,603926,13562456,685192,310195,293731,10139459,0,334148,351044,98268,211927,1468700,2248028,4076029,0,107144,227004,102439,248605,1258265,64797371,322167,926371,9727,85160,237007,45670,39490,186216,50791,924820,1551,277390,647430,1551,0,18,9709,8,10,9709,0,20006563,44790808,4977482,15029081,16572799,28218009,n6232,true,0.5282450218942705,0.6563272971398509,9,3760,false,0,1,0.5633632476128302,0.4875828340367618,null
14851574,66055636,603926,13562456,685192,310195,293731,10139459,0,334148,351044,98268,211927,1468700,2248028,4076029,0,107144,227004,102439,248605,1258265,64797371,322167,926371,9727,85160,237007,45670,39490,186216,50791,924820,1551,277390,647430,1551,0,18,9709,8,10,9709,0,20006563,44790808,4977482,15029081,16572799,28218009,n3472,true,0.7591335807229612,0.1253515350005011,13,1826,false,500,5,0.0717834710974884,0.6126242451779464,null
14851574,66055636,603926,13562456,685192,310195,293731,10139459,0,334148,351044,98268,211927,1468700,2248028,4076029,0,107144,227004,102439,248605,1258265,64797371,322167,926371,9727,85160,237007,45670,39490,186216,50791,924820,1551,277390,647430,1551,0,18,9709,8,10,9709,0,20006563,44790808,4977482,15029081,16572799,28218009,n3471,true,0.169301910894229,0.5491905263659129,6,28993,false,0,1,0.33434619614811756,0.30434378373523246,null
14851574,66055636,603926,13562456,685192,310195,293731,10139459,0,334148,351044,98268,211927,1468700,2248028,4076029,0,107144,227004,102439,248605,1258265,64797371,322167,926371,9727,85160,237007,45670,39490,186216,50791,924820,1551,277390,647430,1551,0,18,9709,8,10,9709,0,20006563,44790808,4977482,15029081,16572799,28218009,n3470,false,0.31728044065433725,0.10661819578640763,0,7362,false,503,6,0.4189673949229419,0.9759596880902827,null
14851574,66055636,603926,13562456,685192,310195,293731,10139459,0,334148,351044,98268,211927,1468700,2248028,4076029,0,107144,227004,102439,248605,1258265,64797371,322167,926371,9727,85160,237007,45670,39490,186216,50791,924820,1551,277390,647430,1551,0,18,9709,8,10,9709,0,20006563,44790808,4977482,15029081,16572799,28218009,n3468,false,0.999997993326171,0.5518284144084125,0,573,false,506,13,0.7238713135520224,0.34381464468376893,null
14851574,66055636,603926,13562456,685192,310195,293731,10139459,0,334148,351044,98268,211927,1468700,2248028,4076029,0,107144,227004,102439,248605,1258265,64797371,322167,926371,9727,85160,237007,45670,39490,186216,50791,924820,1551,277390,647430,1551,0,18,9709,8,10,9709,0,20006563,44790808,4977482,15029081,16572799,28218009,n18936,true,0.8604902335565573,0.6483513458858348,12,4467,false,501,5,0.40231499852169944,0.18070222149720971,null
14851574,66055636,603926,13562456,685192,310195,293731,10139459,0,334148,351044,98268,211927,1468700,2248028,4076029,0,107144,227004,102439,248605,1258265,64797371,322167,926371,9727,85160,237007,45670,39490,186216,50791,924820,1551,277390,647430,1551,0,18,9709,8,10,9709,0,20006563,44790808,4977482,15029081,16572799,28218009,n17880,false,0.7551197048290711,0.30665301882062174,0,1841,false,502,6,0.3974253409194638,0.3599149178476903,null
14851574,66055636,603926,13562456,685192,310195,293731,10139459,0,334148,351044,98268,211927,1468700,2248028,4076029,0,107144,227004,102439,248605,1258265,64797371,322167,926371,9727,85160,237007,45670,39490,186216,50791,924820,1551,277390,647430,1551,0,18,9709,8,10,9709,0,20006563,44790808,4977482,15029081,16572799,28218009,n15529,false,0.9999957042668921,0.8796937547389055,0,6754,false,503,7,0.916725961102658,0.8586354617867293,null
14851574,66055636,603926,13562456,685192,310195,293731,10139459,0,334148,351044,98268,211927,1468700,2248028,4076029,0,107144,227004,102439,248605,1258265,64797371,322167,926371,9727,85160,237007,45670,39490,186216,50791,924820,1551,277390,647430,1551,0,18,9709,8,10,9709,0,20006563,44790808,4977482,15029081,16572799,28218009,n17881,false,0.5592929210299459,0.7565306805078647,0,4217,false,503,7,0.4100809422776283,0.11773135367579257,null
14851574,66055636,603926,13562456,685192,310195,293731,10139459,0,334148,351044,98268,211927,1468700,2248028,4076029,0,107144,227004,102439,248605,1258265,64797371,322167,926371,9727,85160,237007,45670,39490,186216,50791,924820,1551,277390,647430,1551,0,18,9709,8,10,9709,0,20006563,44790808,4977482,15029081,16572799,28218009,n17882,false,0.9230349057393086,0.108836822954123,0,4124,false,503,8,0.8775310800517107,0.05408721016730722,null
14851574,66055636,603926,13562456,685192,310195,293731,10139459,0,334148,351044,98268,211927,1468700,2248028,4076029,0,107144,227004,102439,248605,1258265,64797371,322167,926371,9727,85160,237007,45670,39490,186216,50791,924820,1551,277390,647430,1551,0,18,9709,8,10,9709,0,20006563,44790808,4977482,15029081,16572799,28218009,n6213,false,0.9340866861176199,0.19287247831819343,0,8112,false,502,5,0.8858733843204373,0.0750609018577264,null
14851574,66055636,603926,13562456,685192,310195,293731,10139459,0,334148,351044,98268,211927,1468700,2248028,4076029,0,107144,227004,102439,248605,1258265,64797371,322167,926371,9727,85160,237007,45670,39490,186216,50791,924820,1551,277390,647430,1551,0,18,9709,8,10,9709,0,20006563,44790808,4977482,15029081,16572799,28218009,n15527,false,0.2931633519556631,0.0023428563019997073,0,6175,false,500,2,0.6628067769429244,0.2117297449831017,null
14851574,66055636,603926,13562456,685192,310195,293731,10139459,0,334148,351044,98268,211927,1468700,2248028,4076029,0,107144,227004,102439,248605,1258265,64797371,322167,926371,9727,85160,237007,45670,39490,186216,50791,924820,1551,277390,647430,1551,0,18,9709,8,10,9709,0,20006563,44790808,4977482,15029081,16572799,28218009,n15530,false,0.9999987068066467,0.05756051412467744,0,22737,false,502,5,0.8082986274659821,0.5066594422343695,null
14851574,66055636,603926,13562456,685192,310195,293731,10139459,0,334148,351044,98268,211927,1468700,2248028,4076029,0,107144,227004,102439,248605,1258265,64797371,322167,926371,9727,85160,237007,45670,39490,186216,50791,924820,1551,277390,647430,1551,0,18,9709,8,10,9709,0,20006563,44790808,4977482,15029081,16572799,28218009,n18944,false,0.6275588642558393,0.7726889082513383,0,1539,false,505,11,0.3442545595411636,0.7778002549203143,null
14851574,66055636,603926,13562456,685192,310195,293731,10139459,0,334148,351044,98268,211927,1468700,2248028,4076029,0,107144,227004,102439,248605,1258265,64797371,322167,926371,9727,85160,237007,45670,39490,186216,50791,924820,1551,277390,647430,1551,0,18,9709,8,10,9709,0,20006563,44790808,4977482,15029081,16572799,28218009,n6225,false,0.09754366479639724,0.6661861744950047,0,4933,false,506,12,0.789788876049613,0.9004421570652261,null
14851574,66055636,603926,13562456,685192,310195,293731,10139459,0,334148,351044,98268,211927,1468700,2248028,4076029,0,107144,227004,102439,248605,1258265,64797371,322167,926371,9727,85160,237007,45670,39490,186216,50791,924820,1551,277390,647430,1551,0,18,9709,8,10,9709,0,20006563,44790808,4977482,15029081,16572799,28218009,n15539,false,0.9167624023463875,0.9236940261861272,0,2671,false,503,7,0.9739856192318483,0.7012983956489891,null
14851574,66055636,603926,13562456,685192,310195,293731,10139459,0,334148,351044,98268,211927,1468700,2248028,4076029,0,107144,227004,102439,248605,1258265,64797371,322167,926371,9727,85160,237007,45670,39490,186216,50791,924820,1551,277390,647430,1551,0,18,9709,8,10,9709,0,20006563,44790808,4977482,15029081,16572799,28218009,n4092,true,0.21118162571724763,0.4774458148346984,12,28999,false,0,0,0.81531532806705,0.7724081317504522,null
14851574,66055636,603926,13562456,685192,310195,293731,10139459,0,334148,351044,98268,211927,1468700,2248028,4076029,0,107144,227004,102439,248605,1258265,64797371,322167,926371,9727,85160,237007,45670,39490,186216,50791,924820,1551,277390,647430,1551,0,18,9709,8,10,9709,0,20006563,44790808,4977482,15029081,16572799,28218009,n15543,false,0.9995554508464427,0.3455580935794944,0,2029,false,500,1,0.4031961611686145,0.40459861019973853,null
14851574,66055636,603926,13562456,685192,310195,293731,10139459,0,334148,351044,98268,211927,1468700,2248028,4076029,0,107144,227004,102439,248605,1258265,64797371,322167,926371,9727,85160,237007,45670,39490,186216,50791,924820,1551,277390,647430,1551,0,18,9709,8,10,9709,0,20006563,44790808,4977482,15029081,16572799,28218009,n13404,false,0.22651683955934823,0.0934536785695278,0,15490,false,504,8,0.9532182155752247,0.396968811375603,null
14851574,66055636,603926,13562456,685192,310195,293731,10139459,0,334148,351044,98268,211927,1468700,2248028,4076029,0,107144,227004,102439,248605,1258265,64797371,322167,926371,9727,85160,237007,45670,39490,186216,50791,924820,1551,277390,647430,1551,0,18,9709,8,10,9709,0,20006563,44790808,4977482,15029081,16572799,28218009,n15551,false,0.999998023220052,0.7381801571768523,0,28999,false,0,0,0.8823887916179755,0.861745256856407,null
14851574,66055636,603926,13562456,685192,310195,293731,10139459,0,334148,351044,98268,211927,1468700,2248028,4076029,0,107144,227004,102439,248605,1258265,64797371,322167,926371,9727,85160,237007,45670,39490,186216,50791,924820,1551,277390,647430,1551,0,18,9709,8,10,9709,0,20006563,44790808,4977482,15029081,16572799,28218009,n11450,false,0.6621981899688414,0.900048287558416,0,12306,false,501,2,0.9368612013118183,0.9782207544648245,null
14851574,66055636,603926,13562456,685192,310195,293731,10139459,0,334148,351044,98268,211927,1468700,2248028,4076029,0,107144,227004,102439,248605,1258265,64797371,322167,926371,9727,85160,237007,45670,39490,186216,50791,924820,1551,277390,647430,1551,0,18,9709,8,10,9709,0,20006563,44790808,4977482,15029081,16572799,28218009,n4071,false,0.7013509298128952,0.47355989814677946,0,5727,false,501,3,0.8141873429446458,0.6359210170759846,null
14851574,66055636,603926,13562456,685192,310195,293731,10139459,0,334148,351044,98268,211927,1468700,2248028,4076029,0,107144,227004,102439,248605,1258265,64797371,322167,926371,9727,85160,237007,45670,39490,186216,50791,924820,1551,277390,647430,1551,0,18,9709,8,10,9709,0,20006563,44790808,4977482,15029081,16572799,28218009,n4078,false,0.9999985388531645,0.018288223513339585,0,15620,false,501,2,0.6244585841894816,0.6892360487763537,null
14851574,66055636,603926,13562456,685192,310195,293731,10139459,0,334148,351044,98268,211927,1468700,2248028,4076029,0,107144,227004,102439,248605,1258265,64797371,322167,926371,9727,85160,237007,45670,39490,186216,50791,924820,1551,277390,647430,1551,0,18,9709,8,10,9709,0,20006563,44790808,4977482,15029081,16572799,28218009,n36999,false,0.06532729743619593,0.09356704946779215,0,10542,false,503,6,0.5748192085873741,0.683292363355356,null
14851574,66055636,603926,13562456,685192,310195,293731,10139459,0,334148,351044,98268,211927,1468700,2248028,4076029,0,107144,227004,102439,248605,1258265,64797371,322167,926371,9727,85160,237007,45670,39490,186216,50791,924820,1551,277390,647430,1551,0,18,9709,8,10,9709,0,20006563,44790808,4977482,15029081,16572799,28218009,n11420,false,0.6703939068045501,0.7510934764965785,0,11202,false,505,10,0.5739166950176922,0.929108878806426,null
14851574,66055636,603926,13562456,685192,310195,293731,10139459,0,334148,351044,98268,211927,1468700,2248028,4076029,0,107144,227004,102439,248605,1258265,64797371,322167,926371,9727,85160,237007,45670,39490,186216,50791,924820,1551,277390,647430,1551,0,18,9709,8,10,9709,0,20006563,44790808,4977482,15029081,16572799,28218009,n44787,false,0.8790423221453199,0.4465948270747107,0,9574,false,503,7,0.9891266702897645,0.2432415344333626,null
14851574,66055636,603926,13562456,685192,310195,293731,10139459,0,334148,351044,98268,211927,1468700,2248028,4076029,0,107144,227004,102439,248605,1258265,64797371,322167,926371,9727,85160,237007,45670,39490,186216,50791,924820,1551,277390,647430,1551,0,18,9709,8,10,9709,0,20006563,44790808,4977482,15029081,16572799,28218009,n4083,true,0.48509132268471405,0.7012564337974467,16,3688,false,0,1,0.5276440231844555,0.842486007105432,null
14851574,66055636,603926,13562456,685192,310195,293731,10139459,0,334148,351044,98268,211927,1468700,2248028,4076029,0,107144,227004,102439,248605,1258265,64797371,322167,926371,9727,85160,237007,45670,39490,186216,50791,924820,1551,277390,647430,1551,0,18,9709,8,10,9709,0,20006563,44790808,4977482,15029081,16572799,28218009,n11438,false,0.9999968478373082,0.4053707985464087,0,572,false,502,4,0.4938675694538972,0.8313516739739646,null
14851574,66055636,603926,13562456,685192,310195,293731,10139459,0,334148,351044,98268,211927,1468700,2248028,4076029,0,107144,227004,102439,248605,1258265,64797371,322167,926371,9727,85160,237007,45670,39490,186216,50791,924820,1551,277390,647430,1551,0,18,9709,8,10,9709,0,20006563,44790808,4977482,15029081,16572799,28218009,n4088,false,0.47725756435247607,0.6864835057515307,0,18371,false,501,4,0.5004789905114894,0.9569123536118926,null
14851574,66055636,603926,13562456,685192,310195,293731,10139459,0,334148,351044,98268,211927,1468700,2248028,4076029,0,107144,227004,102439,248605,1258265,64797371,322167,926371,9727,85160,237007,45670,39490,186216,50791,924820,1551,277390,647430,1551,0,18,9709,8,10,9709,0,20006563,44790808,4977482,15029081,16572799,28218009,n11430,false,0.190044783283665,0.23412694688253277,0,1418,false,504,9,0.7346390429574833,0.3869993769078606,null
14851574,66055636,603926,13562456,685192,310195,293731,10139459,0,334148,351044,98268,211927,1468700,2248028,4076029,0,107144,227004,102439,248605,1258265,64797371,322167,926371,9727,85160,237007,45670,39490,186216,50791,924820,1551,277390,647430,1551,0,18,9709,8,10,9709,0,20006563,44790808,4977482,15029081,16572799,28218009,n4048,true,0.3335929529416581,0.6298015586732041,12,28999,false,0,0,0.7447873500783906,0.8233015510260077,null
14851574,66055636,603926,13562456,685192,310195,293731,10139459,0,334148,351044,98268,211927,1468700,2248028,4076029,0,107144,227004,102439,248605,1258265,64797371,322167,926371,9727,85160,237007,45670,39490,186216,50791,924820,1551,277390,647430,1551,0,18,9709,8,10,9709,0,20006563,44790808,4977482,15029081,16572799,28218009,n4050,false,0.2472666005694528,0.9494538381731893,0,2737,false,506,14,0.3026708175623538,0.33934513735404137,null
14851574,66055636,603926,13562456,685192,310195,293731,10139459,0,334148,351044,98268,211927,1468700,2248028,4076029,0,107144,227004,102439,248605,1258265,64797371,322167,926371,9727,85160,237007,45670,39490,186216,50791,924820,1551,277390,647430,1551,0,18,9709,8,10,9709,0,20006563,44790808,4977482,15029081,16572799,28218009,n11401,false,0.31595048654971297,0.9772926077294639,0,1106,false,504,9,0.50220717224257,0.31043947955747736,null
14851574,66055636,603926,13562456,685192,310195,293731,10139459,0,334148,351044,98268,211927,1468700,2248028,4076029,0,107144,227004,102439,248605,1258265,64797371,322167,926371,9727,85160,237007,45670,39490,186216,50791,924820,1551,277390,647430,1551,0,18,9709,8,10,9709,0,20006563,44790808,4977482,15029081,16572799,28218009,n36973,false,0.4250556461281002,0.39429865346293186,0,13196,false,502,5,0.9544357200395037,0.57571481899639,null
14851574,66055636,603926,13562456,685192,310195,293731,10139459,0,334148,351044,98268,211927,1468700,2248028,4076029,0,107144,227004,102439,248605,1258265,64797371,322167,926371,9727,85160,237007,45670,39490,186216,50791,924820,1551,277390,647430,1551,0,18,9709,8,10,9709,0,20006563,44790808,4977482,15029081,16572799,28218009,n4055,false,0.5243530160700706,0.5422284051058962,0,20513,false,502,7,0.8628403194321261,0.41547711559423933,null
14851574,66055636,603926,13562456,685192,310195,293731,10139459,0,334148,351044,98268,211927,1468700,2248028,4076029,0,107144,227004,102439,248605,1258265,64797371,322167,926371,9727,85160,237007,45670,39490,186216,50791,924820,1551,277390,647430,1551,0,18,9709,8,10,9709,0,20006563,44790808,4977482,15029081,16572799,28218009,n11402,false,0.5223064942731963,0.22756634722176577,0,17628,false,504,10,0.8647186963629854,0.24109618909575137,null
14851574,66055636,603926,13562456,685192,310195,293731,10139459,0,334148,351044,98268,211927,1468700,2248028,4076029,0,107144,227004,102439,248605,1258265,64797371,322167,926371,9727,85160,237007,45670,39490,186216,50791,924820,1551,277390,647430,1551,0,18,9709,8,10,9709,0,20006563,44790808,4977482,15029081,16572799,28218009,n15514,false,0.0657232498417471,0.2341327039789673,0,1347,false,500,47,0.21559009633118942,0.3542028299089407,null
14851574,66055636,603926,13562456,685192,310195,293731,10139459,0,334148,351044,98268,211927,1468700,2248028,4076029,0,107144,227004,102439,248605,1258265,64797371,322167,926371,9727,85160,237007,45670,39490,186216,50791,924820,1551,277390,647430,1551,0,18,9709,8,10,9709,0,20006563,44790808,4977482,15029081,16572799,28218009,n15516,false,0.9999975364539512,0.0862058974894977,0,1856,false,503,8,0.3196356209245671,0.20812577870686677,null
14851574,66055636,603926,13562456,685192,310195,293731,10139459,0,334148,351044,98268,211927,1468700,2248028,4076029,0,107144,227004,102439,248605,1258265,64797371,322167,926371,9727,85160,237007,45670,39490,186216,50791,924820,1551,277390,647430,1551,0,18,9709,8,10,9709,0,20006563,44790808,4977482,15029081,16572799,28218009,n4061,false,0.9440852031207532,0.9054270440792429,0,7734,false,503,8,0.3593195953848721,0.9834106199718717,null
14851574,66055636,603926,13562456,685192,310195,293731,10139459,0,334148,351044,98268,211927,1468700,2248028,4076029,0,107144,227004,102439,248605,1258265,64797371,322167,926371,9727,85160,237007,45670,39490,186216,50791,924820,1551,277390,647430,1551,0,18,9709,8,10,9709,0,20006563,44790808,4977482,15029081,16572799,28218009,n5168,false,0.23959100272394254,0.7169869498817546,0,13323,false,501,4,0.8411109916263553,0.23833936150387458,null
14851574,66055636,603926,13562456,685192,310195,293731,10139459,0,334148,351044,98268,211927,1468700,2248028,4076029,0,107144,227004,102439,248605,1258265,64797371,322167,926371,9727,85160,237007,45670,39490,186216,50791,924820,1551,277390,647430,1551,0,18,9709,8,10,9709,0,20006563,44790808,4977482,15029081,16572799,28218009,n31951,true,0.574419918003694,0.378555588639858,12,4142,false,502,6,0.29739451922904414,0.34528965947284035,null
14851574,66055636,603926,13562456,685192,310195,293731,10139459,0,334148,351044,98268,211927,1468700,2248028,4076029,0,107144,227004,102439,248605,1258265,64797371,322167,926371,9727,85160,237007,45670,39490,186216,50791,924820,1551,277390,647430,1551,0,18,9709,8,10,9709,0,20006563,44790808,4977482,15029081,16572799,28218009,n26363,false,0.9024259935169479,0.4770651809103372,0,4938,false,503,6,0.4681621998075392,0.33356668321709604,null
14851574,66055636,603926,13562456,685192,310195,293731,10139459,0,334148,351044,98268,211927,1468700,2248028,4076029,0,107144,227004,102439,248605,1258265,64797371,322167,926371,9727,85160,237007,45670,39490,186216,50791,924820,1551,277390,647430,1551,0,18,9709,8,10,9709,0,20006563,44790808,4977482,15029081,16572799,28218009,n30813,true,0.9041517547235987,0.7173124518346466,13,28999,false,0,0,0.9444049164772585,0.40704375476252874,null
14851574,66055636,603926,13562456,685192,310195,293731,10139459,0,334148,351044,98268,211927,1468700,2248028,4076029,0,107144,227004,102439,248605,1258265,64797371,322167,926371,9727,85160,237007,45670,39490,186216,50791,924820,1551,277390,647430,1551,0,18,9709,8,10,9709,0,20006563,44790808,4977482,15029081,16572799,28218009,n5179,true,0.4928501609302549,0.935922770286694,10,2969,false,501,5,0.9632522804524205,0.34750201092533606,null
14851574,66055636,603926,13562456,685192,310195,293731,10139459,0,334148,351044,98268,211927,1468700,2248028,4076029,0,107144,227004,102439,248605,1258265,64797371,322167,926371,9727,85160,237007,45670,39490,186216,50791,924820,1551,277390,647430,1551,0,18,9709,8,10,9709,0,20006563,44790808,4977482,15029081,16572799,28218009,n5170,true,0.34945408134909217,0.5099629275822529,10,943,false,502,6,0.754969664800678,0.1296395106417626,null
14851574,66055636,603926,13562456,685192,310195,293731,10139459,0,334148,351044,98268,211927,1468700,2248028,4076029,0,107144,227004,102439,248605,1258265,64797371,322167,926371,9727,85160,237007,45670,39490,186216,50791,924820,1551,277390,647430,1551,0,18,9709,8,10,9709,0,20006563,44790808,4977482,15029081,16572799,28218009,n5172,false,0.12227320764517695,0.9662166981480489,0,12031,false,501,4,0.3890229135549542,0.1911131259518274,null
14851574,66055636,603926,13562456,685192,310195,293731,10139459,0,334148,351044,98268,211927,1468700,2248028,4076029,0,107144,227004,102439,248605,1258265,64797371,322167,926371,9727,85160,237007,45670,39490,186216,50791,924820,1551,277390,647430,1551,0,18,9709,8,10,9709,0,20006563,44790808,4977482,15029081,16572799,28218009,n5142,false,0.32622669297457046,0.5330090047451387,0,733,false,501,3,0.4604768913523999,0.6711758126210763,null
14851574,66055636,603926,13562456,685192,310195,293731,10139459,0,334148,351044,98268,211927,1468700,2248028,4076029,0,107144,227004,102439,248605,1258265,64797371,322167,926371,9727,85160,237007,45670,39490,186216,50791,924820,1551,277390,647430,1551,0,18,9709,8,10,9709,0,20006563,44790808,4977482,15029081,16572799,28218009,n18996,false,0.9999978754418392,0.20402154995517457,0,2302,false,510,20,0.7545647763967824,0.14379255172518846,null
14851574,66055636,603926,13562456,685192,310195,293731,10139459,0,334148,351044,98268,211927,1468700,2248028,4076029,0,107144,227004,102439,248605,1258265,64797371,322167,926371,9727,85160,237007,45670,39490,186216,50791,924820,1551,277390,647430,1551,0,18,9709,8,10,9709,0,20006563,44790808,4977482,15029081,16572799,28218009,n5144,false,0.78115875685853,0.24830866713075356,0,3695,false,502,6,0.3161473786425638,0.5349971257535573,null
14851574,66055636,603926,13562456,685192,310195,293731,10139459,0,334148,351044,98268,211927,1468700,2248028,4076029,0,107144,227004,102439,248605,1258265,64797371,322167,926371,9727,85160,237007,45670,39490,186216,50791,924820,1551,277390,647430,1551,0,18,9709,8,10,9709,0,20006563,44790808,4977482,15029081,16572799,28218009,n27110,false,0.21886601366765748,0.20763266495864346,0,3776,false,500,2,0.8269366414809909,0.3689254052896031,null
14851574,66055636,603926,13562456,685192,310195,293731,10139459,0,334148,351044,98268,211927,1468700,2248028,4076029,0,107144,227004,102439,248605,1258265,64797371,322167,926371,9727,85160,237007,45670,39490,186216,50791,924820,1551,277390,647430,1551,0,18,9709,8,10,9709,0,20006563,44790808,4977482,15029081,16572799,28218009,n5137,false,0.9999966653647387,0.05337709449283068,0,10427,false,506,13,0.9717227119801015,0.13541480963451524,null
14851574,66055636,603926,13562456,685192,310195,293731,10139459,0,334148,351044,98268,211927,1468700,2248028,4076029,0,107144,227004,102439,248605,1258265,64797371,322167,926371,9727,85160,237007,45670,39490,186216,50791,924820,1551,277390,647430,1551,0,18,9709,8,10,9709,0,20006563,44790808,4977482,15029081,16572799,28218009,n5151,false,0.5149926760616378,0.7893556938210295,0,5,false,504,9,0.20275814085834998,0.1283480645726356,null
14851574,66055636,603926,13562456,685192,310195,293731,10139459,0,334148,351044,98268,211927,1468700,2248028,4076029,0,107144,227004,102439,248605,1258265,64797371,322167,926371,9727,85160,237007,45670,39490,186216,50791,924820,1551,277390,647430,1551,0,18,9709,8,10,9709,0,20006563,44790808,4977482,15029081,16572799,28218009,n5152,false,0.9667538453669077,0.6426915647617504,0,6519,false,503,7,0.8788567331982747,0.7780683491749354,null
14851574,66055636,603926,13562456,685192,310195,293731,10139459,0,334148,351044,98268,211927,1468700,2248028,4076029,0,107144,227004,102439,248605,1258265,64797371,322167,926371,9727,85160,237007,45670,39490,186216,50791,924820,1551,277390,647430,1551,0,18,9709,8,10,9709,0,20006563,44790808,4977482,15029081,16572799,28218009,n5157,false,0.27387321831749417,0.46935658661641844,0,1381,false,505,10,0.8264083524142322,0.528207560988535,null
14851574,66055636,603926,13562456,685192,310195,293731,10139459,0,334148,351044,98268,211927,1468700,2248028,4076029,0,107144,227004,102439,248605,1258265,64797371,322167,926371,9727,85160,237007,45670,39490,186216,50791,924820,1551,277390,647430,1551,0,18,9709,8,10,9709,0,20006563,44790808,4977482,15029081,16572799,28218009,n5150,false,0.5984915151566912,0.36638742721510975,0,2776,false,503,7,0.5250880321128495,0.4245803750923834,null
14851574,66055636,603926,13562456,685192,310195,293731,10139459,0,334148,351044,98268,211927,1468700,2248028,4076029,0,107144,227004,102439,248605,1258265,64797371,322167,926371,9727,85160,237007,45670,39490,186216,50791,924820,1551,277390,647430,1551,0,18,9709,8,10,9709,0,20006563,44790808,4977482,15029081,16572799,28218009,n14958,false,0.8863312555271174,0.8279074254314507,0,423,false,507,14,0.8589676317818897,0.9030623235830038,null
14851574,66055636,603926,13562456,685192,310195,293731,10139459,0,334148,351044,98268,211927,1468700,2248028,4076029,0,107144,227004,102439,248605,1258265,64797371,322167,926371,9727,85160,237007,45670,39490,186216,50791,924820,1551,277390,647430,1551,0,18,9709,8,10,9709,0,20006563,44790808,4977482,15029081,16572799,28218009,n17848,true,0.2540963367241992,0.2469326863131029,12,11677,false,27,9,0.3668814309370696,0.5385728279563375,null
14851574,66055636,603926,13562456,685192,310195,293731,10139459,0,334148,351044,98268,211927,1468700,2248028,4076029,0,107144,227004,102439,248605,1258265,64797371,322167,926371,9727,85160,237007,45670,39490,186216,50791,924820,1551,277390,647430,1551,0,18,9709,8,10,9709,0,20006563,44790808,4977482,15029081,16572799,28218009,n14966,true,0.014849142543928582,0.11378627144895381,0,2441,false,0,1,0.2586705261435286,0.9319654187824672,null
14851574,66055636,603926,13562456,685192,310195,293731,10139459,0,334148,351044,98268,211927,1468700,2248028,4076029,0,107144,227004,102439,248605,1258265,64797371,322167,926371,9727,85160,237007,45670,39490,186216,50791,924820,1551,277390,647430,1551,0,18,9709,8,10,9709,0,20006563,44790808,4977482,15029081,16572799,28218009,n28611,true,0.5355041422285578,0.6793576825204168,9,7412,false,501,4,0.9227392610304177,0.2776678488762798,null
14851574,66055636,603926,13562456,685192,310195,293731,10139459,0,334148,351044,98268,211927,1468700,2248028,4076029,0,107144,227004,102439,248605,1258265,64797371,322167,926371,9727,85160,237007,45670,39490,186216,50791,924820,1551,277390,647430,1551,0,18,9709,8,10,9709,0,20006563,44790808,4977482,15029081,16572799,28218009,n18984,false,0.2580526286659846,0.8708693696174132,0,18578,false,501,3,0.36329555541877123,0.587596617301487,null
14851574,66055636,603926,13562456,685192,310195,293731,10139459,0,334148,351044,98268,211927,1468700,2248028,4076029,0,107144,227004,102439,248605,1258265,64797371,322167,926371,9727,85160,237007,45670,39490,186216,50791,924820,1551,277390,647430,1551,0,18,9709,8,10,9709,0,20006563,44790808,4977482,15029081,16572799,28218009,n18986,false,0.23483346794738189,0.38708546281567435,0,16566,false,502,5,0.06430235469841106,0.6540684041324056,null
14851574,66055636,603926,13562456,685192,310195,293731,10139459,0,334148,351044,98268,211927,1468700,2248028,4076029,0,107144,227004,102439,248605,1258265,64797371,322167,926371,9727,85160,237007,45670,39490,186216,50791,924820,1551,277390,647430,1551,0,18,9709,8,10,9709,0,20006563,44790808,4977482,15029081,16572799,28218009,n14972,false,0.9767186243752575,0.31055429108223626,0,4081,false,504,8,0.13709193816911303,0.944780840261357,null
14851574,66055636,603926,13562456,685192,310195,293731,10139459,0,334148,351044,98268,211927,1468700,2248028,4076029,0,107144,227004,102439,248605,1258265,64797371,322167,926371,9727,85160,237007,45670,39490,186216,50791,924820,1551,277390,647430,1551,0,18,9709,8,10,9709,0,20006563,44790808,4977482,15029081,16572799,28218009,n5187,true,0.992878134130565,0.694675703029042,6,3749,false,500,3,0.2646596683322481,0.7542514358004402,null
14851574,66055636,603926,13562456,685192,310195,293731,10139459,0,334148,351044,98268,211927,1468700,2248028,4076029,0,107144,227004,102439,248605,1258265,64797371,322167,926371,9727,85160,237007,45670,39490,186216,50791,924820,1551,277390,647430,1551,0,18,9709,8,10,9709,0,20006563,44790808,4977482,15029081,16572799,28218009,n5186,false,0.9838075940916069,0.16249475280797,0,11037,false,501,2,0.8407317687148196,0.46260170849629684,null
14851574,66055636,603926,13562456,685192,310195,293731,10139459,0,334148,351044,98268,211927,1468700,2248028,4076029,0,107144,227004,102439,248605,1258265,64797371,322167,926371,9727,85160,237007,45670,39490,186216,50791,924820,1551,277390,647430,1551,0,18,9709,8,10,9709,0,20006563,44790808,4977482,15029081,16572799,28218009,n5189,false,0.47652653145830093,0.019856955541102894,0,3235,false,505,10,0.7830673440885147,0.2366723044375585,null
14851574,66055636,603926,13562456,685192,310195,293731,10139459,0,334148,351044,98268,211927,1468700,2248028,4076029,0,107144,227004,102439,248605,1258265,64797371,322167,926371,9727,85160,237007,45670,39490,186216,50791,924820,1551,277390,647430,1551,0,18,9709,8,10,9709,0,20006563,44790808,4977482,15029081,16572799,28218009,n18958,false,0.5903077003005475,0.9134305989348082,0,28438,false,500,1,0.9071240123257956,0.41736834226619923,null
14851574,66055636,603926,13562456,685192,310195,293731,10139459,0,334148,351044,98268,211927,1468700,2248028,4076029,0,107144,227004,102439,248605,1258265,64797371,322167,926371,9727,85160,237007,45670,39490,186216,50791,924820,1551,277390,647430,1551,0,18,9709,8,10,9709,0,20006563,44790808,4977482,15029081,16572799,28218009,n5190,false,0.9999984760957439,0.22648064811566282,0,6017,false,505,11,0.8771596536386225,0.5847400522982921,null
14851574,66055636,603926,13562456,685192,310195,293731,10139459,0,334148,351044,98268,211927,1468700,2248028,4076029,0,107144,227004,102439,248605,1258265,64797371,322167,926371,9727,85160,237007,45670,39490,186216,50791,924820,1551,277390,647430,1551,0,18,9709,8,10,9709,0,20006563,44790808,4977482,15029081,16572799,28218009,n5192,false,0.9999991067674976,0.2809631218189156,0,20381,false,501,6,0.6879451920046662,0.34285458242944133,null
14851574,66055636,603926,13562456,685192,310195,293731,10139459,0,334148,351044,98268,211927,1468700,2248028,4076029,0,107144,227004,102439,248605,1258265,64797371,322167,926371,9727,85160,237007,45670,39490,186216,50791,924820,1551,277390,647430,1551,0,18,9709,8,10,9709,0,20006563,44790808,4977482,15029081,16572799,28218009,n14986,true,0.46186486463781323,0.05936447535017764,5,10099,false,502,5,0.7508407699511807,0.8792551052468072,null
14851574,66055636,603926,13562456,685192,310195,293731,10139459,0,334148,351044,98268,211927,1468700,2248028,4076029,0,107144,227004,102439,248605,1258265,64797371,322167,926371,9727,85160,237007,45670,39490,186216,50791,924820,1551,277390,647430,1551,0,18,9709,8,10,9709,0,20006563,44790808,4977482,15029081,16572799,28218009,n5196,false,0.9425944499015965,0.24299590172118912,0,17672,false,501,4,0.3484967220767661,0.8758601652578574,null
14851574,66055636,603926,13562456,685192,310195,293731,10139459,0,334148,351044,98268,211927,1468700,2248028,4076029,0,107144,227004,102439,248605,1258265,64797371,322167,926371,9727,85160,237007,45670,39490,186216,50791,924820,1551,277390,647430,1551,0,18,9709,8,10,9709,0,20006563,44790808,4977482,15029081,16572799,28218009,n5195,false,0.9723990903706154,0.5008948902073913,0,1114,false,504,9,0.7017457712091251,0.1966485995481304,null
14851574,66055636,603926,13562456,685192,310195,293731,10139459,0,334148,351044,98268,211927,1468700,2248028,4076029,0,107144,227004,102439,248605,1258265,64797371,322167,926371,9727,85160,237007,45670,39490,186216,50791,924820,1551,277390,647430,1551,0,18,9709,8,10,9709,0,20006563,44790808,4977482,15029081,16572799,28218009,n5198,true,0.7197354282535009,0.9620799211834234,10,1873,false,500,2,0.9730291220757451,0.8551865334656897,null
14851574,66055636,603926,13562456,685192,310195,293731,10139459,0,334148,351044,98268,211927,1468700,2248028,4076029,0,107144,227004,102439,248605,1258265,64797371,322167,926371,9727,85160,237007,45670,39490,186216,50791,924820,1551,277390,647430,1551,0,18,9709,8,10,9709,0,20006563,44790808,4977482,15029081,16572799,28218009,n5199,false,0.9624238153428656,0.7544181394712918,0,2195,false,504,10,0.9058334846371476,0.10723502957138586,null
14851574,66055636,603926,13562456,685192,310195,293731,10139459,0,334148,351044,98268,211927,1468700,2248028,4076029,0,107144,227004,102439,248605,1258265,64797371,322167,926371,9727,85160,237007,45670,39490,186216,50791,924820,1551,277390,647430,1551,0,18,9709,8,10,9709,0,20006563,44790808,4977482,15029081,16572799,28218009,n14981,false,0.2134477848999112,0.9352142727535675,0,8802,false,504,9,0.5128664910036216,0.537549803496959,null
14851574,66055636,603926,13562456,685192,310195,293731,10139459,0,334148,351044,98268,211927,1468700,2248028,4076029,0,107144,227004,102439,248605,1258265,64797371,322167,926371,9727,85160,237007,45670,39490,186216,50791,924820,1551,277390,647430,1551,0,18,9709,8,10,9709,0,20006563,44790808,4977482,15029081,16572799,28218009,n2009,false,0.9999960524058964,0.48462188485954627,0,22190,false,502,5,0.8595013428990839,0.07423235555118446,null
14851574,66055636,603926,13562456,685192,310195,293731,10139459,0,334148,351044,98268,211927,1468700,2248028,4076029,0,107144,227004,102439,248605,1258265,64797371,322167,926371,9727,85160,237007,45670,39490,186216,50791,924820,1551,277390,647430,1551,0,18,9709,8,10,9709,0,20006563,44790808,4977482,15029081,16572799,28218009,n2006,false,0.6767578617653359,0.4661819903929124,0,8568,false,503,6,0.4941195261401787,0.4975639722859855,null
14851574,66055636,603926,13562456,685192,310195,293731,10139459,0,334148,351044,98268,211927,1468700,2248028,4076029,0,107144,227004,102439,248605,1258265,64797371,322167,926371,9727,85160,237007,45670,39490,186216,50791,924820,1551,277390,647430,1551,0,18,9709,8,10,9709,0,20006563,44790808,4977482,15029081,16572799,28218009,n2005,false,0.45883952130581157,0.7758842450694434,0,2544,false,505,12,0.7350729079721674,0.7415807094522864,null
14851574,66055636,603926,13562456,685192,310195,293731,10139459,0,334148,351044,98268,211927,1468700,2248028,4076029,0,107144,227004,102439,248605,1258265,64797371,322167,926371,9727,85160,237007,45670,39490,186216,50791,924820,1551,277390,647430,1551,0,18,9709,8,10,9709,0,20006563,44790808,4977482,15029081,16572799,28218009,n8319,true,0.6440120261676219,0.7827960694295392,8,28999,false,0,0,0.7139716703152419,0.7900695527279132,null
14851574,66055636,603926,13562456,685192,310195,293731,10139459,0,334148,351044,98268,211927,1468700,2248028,4076029,0,107144,227004,102439,248605,1258265,64797371,322167,926371,9727,85160,237007,45670,39490,186216,50791,924820,1551,277390,647430,1551,0,18,9709,8,10,9709,0,20006563,44790808,4977482,15029081,16572799,28218009,n8322,false,0.8228640962642225,0.06778894848797135,0,1800,false,502,5,0.7936272580215217,0.904320648284958,null
14851574,66055636,603926,13562456,685192,310195,293731,10139459,0,334148,351044,98268,211927,1468700,2248028,4076029,0,107144,227004,102439,248605,1258265,64797371,322167,926371,9727,85160,237007,45670,39490,186216,50791,924820,1551,277390,647430,1551,0,18,9709,8,10,9709,0,20006563,44790808,4977482,15029081,16572799,28218009,n8323,false,0.9999997309459052,0.6519530275573817,0,23780,false,500,2,0.8453240899217592,0.19288366756111852,null
14851574,66055636,603926,13562456,685192,310195,293731,10139459,0,334148,351044,98268,211927,1468700,2248028,4076029,0,107144,227004,102439,248605,1258265,64797371,322167,926371,9727,85160,237007,45670,39490,186216,50791,924820,1551,277390,647430,1551,0,18,9709,8,10,9709,0,20006563,44790808,4977482,15029081,16572799,28218009,n8325,false,0.676111579995535,0.40383674748133325,0,1971,false,502,6,0.8631617953356696,0.6511704006046122,null
14851574,66055636,603926,13562456,685192,310195,293731,10139459,0,334148,351044,98268,211927,1468700,2248028,4076029,0,107144,227004,102439,248605,1258265,64797371,322167,926371,9727,85160,237007,45670,39490,186216,50791,924820,1551,277390,647430,1551,0,18,9709,8,10,9709,0,20006563,44790808,4977482,15029081,16572799,28218009,n14787,false,0.19973865202195937,0.10221775414378498,0,19442,false,501,3,0.7743370551210362,0.04822257052684875,null
14851574,66055636,603926,13562456,685192,310195,293731,10139459,0,334148,351044,98268,211927,1468700,2248028,4076029,0,107144,227004,102439,248605,1258265,64797371,322167,926371,9727,85160,237007,45670,39490,186216,50791,924820,1551,277390,647430,1551,0,18,9709,8,10,9709,0,20006563,44790808,4977482,15029081,16572799,28218009,n14786,true,0.9498305465938048,0.5914870727131402,11,11016,false,501,4,0.619903294002444,0.3515256718407045,null
14851574,66055636,603926,13562456,685192,310195,293731,10139459,0,334148,351044,98268,211927,1468700,2248028,4076029,0,107144,227004,102439,248605,1258265,64797371,322167,926371,9727,85160,237007,45670,39490,186216,50791,924820,1551,277390,647430,1551,0,18,9709,8,10,9709,0,20006563,44790808,4977482,15029081,16572799,28218009,n2011,true,0.2599726992186606,0.1443170311088774,12,988,false,505,12,0.4956780547796059,0.8007092568427931,null
14851574,66055636,603926,13562456,685192,310195,293731,10139459,0,334148,351044,98268,211927,1468700,2248028,4076029,0,107144,227004,102439,248605,1258265,64797371,322167,926371,9727,85160,237007,45670,39490,186216,50791,924820,1551,277390,647430,1551,0,18,9709,8,10,9709,0,20006563,44790808,4977482,15029081,16572799,28218009,n7214,false,0.9999983542851884,0.23939061715655402,0,9839,false,502,5,0.9103531383835342,0.5697430424307527,null
14851574,66055636,603926,13562456,685192,310195,293731,10139459,0,334148,351044,98268,211927,1468700,2248028,4076029,0,107144,227004,102439,248605,1258265,64797371,322167,926371,9727,85160,237007,45670,39490,186216,50791,924820,1551,277390,647430,1551,0,18,9709,8,10,9709,0,20006563,44790808,4977482,15029081,16572799,28218009,n2013,false,0.7853685990364728,0.9740121677117624,0,2063,false,504,10,0.3524396899696838,0.8350033596445413,null
14851574,66055636,603926,13562456,685192,310195,293731,10139459,0,334148,351044,98268,211927,1468700,2248028,4076029,0,107144,227004,102439,248605,1258265,64797371,322167,926371,9727,85160,237007,45670,39490,186216,50791,924820,1551,277390,647430,1551,0,18,9709,8,10,9709,0,20006563,44790808,4977482,15029081,16572799,28218009,n2014,false,0.1494897427006853,0.6312812747100666,0,182,false,501,2,0.8378088612579183,0.39407990215987804,null
14851574,66055636,603926,13562456,685192,310195,293731,10139459,0,334148,351044,98268,211927,1468700,2248028,4076029,0,107144,227004,102439,248605,1258265,64797371,322167,926371,9727,85160,237007,45670,39490,186216,50791,924820,1551,277390,647430,1551,0,18,9709,8,10,9709,0,20006563,44790808,4977482,15029081,16572799,28218009,n2015,false,0.4256319698169239,0.2101235654341682,0,4078,false,503,6,0.5499257822343093,0.8085310095685717,null
14851574,66055636,603926,13562456,685192,310195,293731,10139459,0,334148,351044,98268,211927,1468700,2248028,4076029,0,107144,227004,102439,248605,1258265,64797371,322167,926371,9727,85160,237007,45670,39490,186216,50791,924820,1551,277390,647430,1551,0,18,9709,8,10,9709,0,20006563,44790808,4977482,15029081,16572799,28218009,n8306,false,0.016784390816735738,0.49315757758420203,0,28496,false,500,1,0.9580154353084844,0.2807172873183228,null
14851574,66055636,603926,13562456,685192,310195,293731,10139459,0,334148,351044,98268,211927,1468700,2248028,4076029,0,107144,227004,102439,248605,1258265,64797371,322167,926371,9727,85160,237007,45670,39490,186216,50791,924820,1551,277390,647430,1551,0,18,9709,8,10,9709,0,20006563,44790808,4977482,15029081,16572799,28218009,n14779,true,0.34025990150670654,0.8651813774629354,13,28999,false,0,0,0.17205188556905715,0.8558031001968738,null
14851574,66055636,603926,13562456,685192,310195,293731,10139459,0,334148,351044,98268,211927,1468700,2248028,4076029,0,107144,227004,102439,248605,1258265,64797371,322167,926371,9727,85160,237007,45670,39490,186216,50791,924820,1551,277390,647430,1551,0,18,9709,8,10,9709,0,20006563,44790808,4977482,15029081,16572799,28218009,n8311,true,0.6309834662040632,0.8282484113757327,11,3920,false,502,6,0.31142070934661936,0.5072180786610743,null
14851574,66055636,603926,13562456,685192,310195,293731,10139459,0,334148,351044,98268,211927,1468700,2248028,4076029,0,107144,227004,102439,248605,1258265,64797371,322167,926371,9727,85160,237007,45670,39490,186216,50791,924820,1551,277390,647430,1551,0,18,9709,8,10,9709,0,20006563,44790808,4977482,15029081,16572799,28218009,n8314,true,0.596110660916347,0.05746781025708125,6,28999,false,0,0,0.2750881184730154,0.7804212110482738,null
14851574,66055636,603926,13562456,685192,310195,293731,10139459,0,334148,351044,98268,211927,1468700,2248028,4076029,0,107144,227004,102439,248605,1258265,64797371,322167,926371,9727,85160,237007,45670,39490,186216,50791,924820,1551,277390,647430,1551,0,18,9709,8,10,9709,0,20006563,44790808,4977482,15029081,16572799,28218009,n8313,false,0.7479442055761826,0.7502494948429363,0,2359,false,502,4,0.026647093693040524,0.20375958390195703,null
14851574,66055636,603926,13562456,685192,310195,293731,10139459,0,334148,351044,98268,211927,1468700,2248028,4076029,0,107144,227004,102439,248605,1258265,64797371,322167,926371,9727,85160,237007,45670,39490,186216,50791,924820,1551,277390,647430,1551,0,18,9709,8,10,9709,0,20006563,44790808,4977482,15029081,16572799,28218009,n2021,false,0.12161513885917102,0.3701197556091248,0,6643,false,503,7,0.7584312844090884,0.5473127821432214,null
14851574,66055636,603926,13562456,685192,310195,293731,10139459,0,334148,351044,98268,211927,1468700,2248028,4076029,0,107144,227004,102439,248605,1258265,64797371,322167,926371,9727,85160,237007,45670,39490,186216,50791,924820,1551,277390,647430,1551,0,18,9709,8,10,9709,0,20006563,44790808,4977482,15029081,16572799,28218009,n7200,false,0.29825413423044994,0.8797987858580781,0,13237,false,504,9,0.7411034903944571,0.4713810376173071,null
14851574,66055636,603926,13562456,685192,310195,293731,10139459,0,334148,351044,98268,211927,1468700,2248028,4076029,0,107144,227004,102439,248605,1258265,64797371,322167,926371,9727,85160,237007,45670,39490,186216,50791,924820,1551,277390,647430,1551,0,18,9709,8,10,9709,0,20006563,44790808,4977482,15029081,16572799,28218009,n2022,false,0.3242630794995378,0.6608909549840705,0,19174,false,501,2,0.44322156834796084,0.7572854132667916,null
14851574,66055636,603926,13562456,685192,310195,293731,10139459,0,334148,351044,98268,211927,1468700,2248028,4076029,0,107144,227004,102439,248605,1258265,64797371,322167,926371,9727,85160,237007,45670,39490,186216,50791,924820,1551,277390,647430,1551,0,18,9709,8,10,9709,0,20006563,44790808,4977482,15029081,16572799,28218009,n7203,true,0.35993968236268176,0.8943487893736908,12,7090,false,503,8,0.7403444954531231,0.005256300891123722,null
14851574,66055636,603926,13562456,685192,310195,293731,10139459,0,334148,351044,98268,211927,1468700,2248028,4076029,0,107144,227004,102439,248605,1258265,64797371,322167,926371,9727,85160,237007,45670,39490,186216,50791,924820,1551,277390,647430,1551,0,18,9709,8,10,9709,0,20006563,44790808,4977482,15029081,16572799,28218009,n14762,false,0.34188146909882866,0.7519360179365409,0,17120,false,503,7,0.8221267443824533,0.02493332939901749,null
14851574,66055636,603926,13562456,685192,310195,293731,10139459,0,334148,351044,98268,211927,1468700,2248028,4076029,0,107144,227004,102439,248605,1258265,64797371,322167,926371,9727,85160,237007,45670,39490,186216,50791,924820,1551,277390,647430,1551,0,18,9709,8,10,9709,0,20006563,44790808,4977482,15029081,16572799,28218009,n27093,false,0.05838600687960798,0.9750340533149678,0,1117,false,500,2,0.7430279526581314,0.9113734122663623,null
14851574,66055636,603926,13562456,685192,310195,293731,10139459,0,334148,351044,98268,211927,1468700,2248028,4076029,0,107144,227004,102439,248605,1258265,64797371,322167,926371,9727,85160,237007,45670,39490,186216,50791,924820,1551,277390,647430,1551,0,18,9709,8,10,9709,0,20006563,44790808,4977482,15029081,16572799,28218009,n14751,false,0.13008640430058996,0.4338764972713626,0,23614,false,503,7,0.9168596623065657,0.8545397880566145,null
14851574,66055636,603926,13562456,685192,310195,293731,10139459,0,334148,351044,98268,211927,1468700,2248028,4076029,0,107144,227004,102439,248605,1258265,64797371,322167,926371,9727,85160,237007,45670,39490,186216,50791,924820,1551,277390,647430,1551,0,18,9709,8,10,9709,0,20006563,44790808,4977482,15029081,16572799,28218009,n2000,false,0.5884153590789135,0.5620951794366603,0,72,false,507,16,0.542581178084084,0.7977667485967671,null
14851574,66055636,603926,13562456,685192,310195,293731,10139459,0,334148,351044,98268,211927,1468700,2248028,4076029,0,107144,227004,102439,248605,1258265,64797371,322167,926371,9727,85160,237007,45670,39490,186216,50791,924820,1551,277390,647430,1551,0,18,9709,8,10,9709,0,20006563,44790808,4977482,15029081,16572799,28218009,n13298,true,0.3229145959546869,0.5493477694828947,11,1571,false,502,5,0.9131421293389087,0.7760748001721313,null
14851574,66055636,603926,13562456,685192,310195,293731,10139459,0,334148,351044,98268,211927,1468700,2248028,4076029,0,107144,227004,102439,248605,1258265,64797371,322167,926371,9727,85160,237007,45670,39490,186216,50791,924820,1551,277390,647430,1551,0,18,9709,8,10,9709,0,20006563,44790808,4977482,15029081,16572799,28218009,n7256,false,0.700895721406837,0.9764182241998212,0,159,false,503,7,0.5027622498686524,0.7770067841897016,null
14851574,66055636,603926,13562456,685192,310195,293731,10139459,0,334148,351044,98268,211927,1468700,2248028,4076029,0,107144,227004,102439,248605,1258265,64797371,322167,926371,9727,85160,237007,45670,39490,186216,50791,924820,1551,277390,647430,1551,0,18,9709,8,10,9709,0,20006563,44790808,4977482,15029081,16572799,28218009,n8363,false,0.6537768304715387,0.4481813628256107,0,14470,false,501,3,0.2450588089668212,0.16449274461390073,null
14851574,66055636,603926,13562456,685192,310195,293731,10139459,0,334148,351044,98268,211927,1468700,2248028,4076029,0,107144,227004,102439,248605,1258265,64797371,322167,926371,9727,85160,237007,45670,39490,186216,50791,924820,1551,277390,647430,1551,0,18,9709,8,10,9709,0,20006563,44790808,4977482,15029081,16572799,28218009,n13284,false,0.6865836333423251,0.10060721306665654,0,6847,false,502,5,0.8485181853977016,0.3775080089913777,null
14851574,66055636,603926,13562456,685192,310195,293731,10139459,0,334148,351044,98268,211927,1468700,2248028,4076029,0,107144,227004,102439,248605,1258265,64797371,322167,926371,9727,85160,237007,45670,39490,186216,50791,924820,1551,277390,647430,1551,0,18,9709,8,10,9709,0,20006563,44790808,4977482,15029081,16572799,28218009,n13280,false,0.5511392458553271,0.3881074699259066,0,6381,false,504,9,0.34009098278117655,0.7248348151448787,null
14851574,66055636,603926,13562456,685192,310195,293731,10139459,0,334148,351044,98268,211927,1468700,2248028,4076029,0,107144,227004,102439,248605,1258265,64797371,322167,926371,9727,85160,237007,45670,39490,186216,50791,924820,1551,277390,647430,1551,0,18,9709,8,10,9709,0,20006563,44790808,4977482,15029081,16572799,28218009,n6199,false,0.4668264186919128,0.05246605965105411,0,22877,false,501,3,0.6440234189399956,0.6045089108873754,null
14851574,66055636,603926,13562456,685192,310195,293731,10139459,0,334148,351044,98268,211927,1468700,2248028,4076029,0,107144,227004,102439,248605,1258265,64797371,322167,926371,9727,85160,237007,45670,39490,186216,50791,924820,1551,277390,647430,1551,0,18,9709,8,10,9709,0,20006563,44790808,4977482,15029081,16572799,28218009,n8352,false,0.8694429157696012,0.13918765515285836,0,77,false,503,6,0.43901516575131383,0.7192440955921338,null
14851574,66055636,603926,13562456,685192,310195,293731,10139459,0,334148,351044,98268,211927,1468700,2248028,4076029,0,107144,227004,102439,248605,1258265,64797371,322167,926371,9727,85160,237007,45670,39490,186216,50791,924820,1551,277390,647430,1551,0,18,9709,8,10,9709,0,20006563,44790808,4977482,15029081,16572799,28218009,n8359,false,0.2685333792701875,0.6697676276540903,0,3228,false,502,5,0.12427417935733598,0.6898919743232215,null
14851574,66055636,603926,13562456,685192,310195,293731,10139459,0,334148,351044,98268,211927,1468700,2248028,4076029,0,107144,227004,102439,248605,1258265,64797371,322167,926371,9727,85160,237007,45670,39490,186216,50791,924820,1551,277390,647430,1551,0,18,9709,8,10,9709,0,20006563,44790808,4977482,15029081,16572799,28218009,n13288,true,0.9585778496422955,0.9236656327932429,11,12447,false,0,1,0.8065928120291523,0.5640258398258277,null
14851574,66055636,603926,13562456,685192,310195,293731,10139459,0,334148,351044,98268,211927,1468700,2248028,4076029,0,107144,227004,102439,248605,1258265,64797371,322167,926371,9727,85160,237007,45670,39490,186216,50791,924820,1551,277390,647430,1551,0,18,9709,8,10,9709,0,20006563,44790808,4977482,15029081,16572799,28218009,n6194,false,0.48999495871090837,0.7768442889696324,0,2882,false,504,9,0.6066415006811553,0.03661560275898479,null
14851574,66055636,603926,13562456,685192,310195,293731,10139459,0,334148,351044,98268,211927,1468700,2248028,4076029,0,107144,227004,102439,248605,1258265,64797371,322167,926371,9727,85160,237007,45670,39490,186216,50791,924820,1551,277390,647430,1551,0,18,9709,8,10,9709,0,20006563,44790808,4977482,15029081,16572799,28218009,n13276,false,0.13113672518898598,0.05449304545947098,0,4056,false,505,10,0.4331179520839344,0.7195629666372603,null
14851574,66055636,603926,13562456,685192,310195,293731,10139459,0,334148,351044,98268,211927,1468700,2248028,4076029,0,107144,227004,102439,248605,1258265,64797371,322167,926371,9727,85160,237007,45670,39490,186216,50791,924820,1551,277390,647430,1551,0,18,9709,8,10,9709,0,20006563,44790808,4977482,15029081,16572799,28218009,n5008,true,0.9336380366943001,0.998024729539146,6,3907,false,502,6,0.8409377472830364,0.7145314986072699,null
14851574,66055636,603926,13562456,685192,310195,293731,10139459,0,334148,351044,98268,211927,1468700,2248028,4076029,0,107144,227004,102439,248605,1258265,64797371,322167,926371,9727,85160,237007,45670,39490,186216,50791,924820,1551,277390,647430,1551,0,18,9709,8,10,9709,0,20006563,44790808,4977482,15029081,16572799,28218009,n5006,true,0.3925122111458671,0.9679114042721926,10,6501,false,502,6,0.32679385098749847,0.7649637196575003,null
14851574,66055636,603926,13562456,685192,310195,293731,10139459,0,334148,351044,98268,211927,1468700,2248028,4076029,0,107144,227004,102439,248605,1258265,64797371,322167,926371,9727,85160,237007,45670,39490,186216,50791,924820,1551,277390,647430,1551,0,18,9709,8,10,9709,0,20006563,44790808,4977482,15029081,16572799,28218009,n5009,false,0.2336457896672158,0.7994000584907902,0,864,false,504,11,0.6122949867135037,0.9590260022865034,null
14851574,66055636,603926,13562456,685192,310195,293731,10139459,0,334148,351044,98268,211927,1468700,2248028,4076029,0,107144,227004,102439,248605,1258265,64797371,322167,926371,9727,85160,237007,45670,39490,186216,50791,924820,1551,277390,647430,1551,0,18,9709,8,10,9709,0,20006563,44790808,4977482,15029081,16572799,28218009,n9472,false,0.9999986387878033,0.9919619057582633,0,28999,false,500,0,0.8127907946428481,0.6031332440188794,null
14851574,66055636,603926,13562456,685192,310195,293731,10139459,0,334148,351044,98268,211927,1468700,2248028,4076029,0,107144,227004,102439,248605,1258265,64797371,322167,926371,9727,85160,237007,45670,39490,186216,50791,924820,1551,277390,647430,1551,0,18,9709,8,10,9709,0,20006563,44790808,4977482,15029081,16572799,28218009,n8340,false,0.9999975463791676,0.04229347229967928,0,13837,false,504,9,0.6378137156657411,0.8101581433659111,null
14851574,66055636,603926,13562456,685192,310195,293731,10139459,0,334148,351044,98268,211927,1468700,2248028,4076029,0,107144,227004,102439,248605,1258265,64797371,322167,926371,9727,85160,237007,45670,39490,186216,50791,924820,1551,277390,647430,1551,0,18,9709,8,10,9709,0,20006563,44790808,4977482,15029081,16572799,28218009,n5014,true,0.4538013403669354,0.9330533353298274,12,652,false,502,6,0.5629679991328428,0.7029149928350138,null
14851574,66055636,603926,13562456,685192,310195,293731,10139459,0,334148,351044,98268,211927,1468700,2248028,4076029,0,107144,227004,102439,248605,1258265,64797371,322167,926371,9727,85160,237007,45670,39490,186216,50791,924820,1551,277390,647430,1551,0,18,9709,8,10,9709,0,20006563,44790808,4977482,15029081,16572799,28218009,n13278,false,0.9672217277967069,0.14192011450699082,0,19917,false,501,3,0.03185564126132279,0.811245249043332,null
14851574,66055636,603926,13562456,685192,310195,293731,10139459,0,334148,351044,98268,211927,1468700,2248028,4076029,0,107144,227004,102439,248605,1258265,64797371,322167,926371,9727,85160,237007,45670,39490,186216,50791,924820,1551,277390,647430,1551,0,18,9709,8,10,9709,0,20006563,44790808,4977482,15029081,16572799,28218009,n8341,false,0.16284305632613588,0.7532298589016923,0,26223,false,501,2,0.38186879142198615,0.815321866759537,null
14851574,66055636,603926,13562456,685192,310195,293731,10139459,0,334148,351044,98268,211927,1468700,2248028,4076029,0,107144,227004,102439,248605,1258265,64797371,322167,926371,9727,85160,237007,45670,39490,186216,50791,924820,1551,277390,647430,1551,0,18,9709,8,10,9709,0,20006563,44790808,4977482,15029081,16572799,28218009,n13262,false,0.9964917879265642,0.9344600991225405,0,11119,false,504,9,0.5434345583307109,0.3906350253252906,null
14851574,66055636,603926,13562456,685192,310195,293731,10139459,0,334148,351044,98268,211927,1468700,2248028,4076029,0,107144,227004,102439,248605,1258265,64797371,322167,926371,9727,85160,237007,45670,39490,186216,50791,924820,1551,277390,647430,1551,0,18,9709,8,10,9709,0,20006563,44790808,4977482,15029081,16572799,28218009,n8327,false,0.5772810906875736,0.23865893095434393,0,6832,false,503,7,0.26611596806395077,0.6050633763663351,null
14851574,66055636,603926,13562456,685192,310195,293731,10139459,0,334148,351044,98268,211927,1468700,2248028,4076029,0,107144,227004,102439,248605,1258265,64797371,322167,926371,9727,85160,237007,45670,39490,186216,50791,924820,1551,277390,647430,1551,0,18,9709,8,10,9709,0,20006563,44790808,4977482,15029081,16572799,28218009,n14791,false,0.9999967898894074,0.9507387331222892,0,21982,false,501,2,0.878436603745802,0.6732935133048739,null
14851574,66055636,603926,13562456,685192,310195,293731,10139459,0,334148,351044,98268,211927,1468700,2248028,4076029,0,107144,227004,102439,248605,1258265,64797371,322167,926371,9727,85160,237007,45670,39490,186216,50791,924820,1551,277390,647430,1551,0,18,9709,8,10,9709,0,20006563,44790808,4977482,15029081,16572799,28218009,n5000,false,0.5740195567577553,0.7560325476347146,0,352,false,506,13,0.8960073670935542,0.46802787892682435,null
14851574,66055636,603926,13562456,685192,310195,293731,10139459,0,334148,351044,98268,211927,1468700,2248028,4076029,0,107144,227004,102439,248605,1258265,64797371,322167,926371,9727,85160,237007,45670,39490,186216,50791,924820,1551,277390,647430,1551,0,18,9709,8,10,9709,0,20006563,44790808,4977482,15029081,16572799,28218009,n5002,false,0.7696213914962622,0.5100095306426897,0,1074,false,505,11,0.4194735562900931,0.09682021009199882,null
14851574,66055636,603926,13562456,685192,310195,293731,10139459,0,334148,351044,98268,211927,1468700,2248028,4076029,0,107144,227004,102439,248605,1258265,64797371,322167,926371,9727,85160,237007,45670,39490,186216,50791,924820,1551,277390,647430,1551,0,18,9709,8,10,9709,0,20006563,44790808,4977482,15029081,16572799,28218009,n5004,false,0.7377854897608471,0.896324840119592,0,15564,false,502,5,0.9941006770734787,0.967988131346104,null
14851574,66055636,603926,13562456,685192,310195,293731,10139459,0,334148,351044,98268,211927,1468700,2248028,4076029,0,107144,227004,102439,248605,1258265,64797371,322167,926371,9727,85160,237007,45670,39490,186216,50791,924820,1551,277390,647430,1551,0,18,9709,8,10,9709,0,20006563,44790808,4977482,15029081,16572799,28218009,n13268,true,0.696115289005048,0.9628853581667915,11,4042,false,501,3,0.5977802842007154,0.9209150665366552,null
14851574,66055636,603926,13562456,685192,310195,293731,10139459,0,334148,351044,98268,211927,1468700,2248028,4076029,0,107144,227004,102439,248605,1258265,64797371,322167,926371,9727,85160,237007,45670,39490,186216,50791,924820,1551,277390,647430,1551,0,18,9709,8,10,9709,0,20006563,44790808,4977482,15029081,16572799,28218009,n8332,true,0.4463207829145736,0.6704944988007292,6,28949,false,0,1,0.6766516814037099,0.6093771634031224,null
14851574,66055636,603926,13562456,685192,310195,293731,10139459,0,334148,351044,98268,211927,1468700,2248028,4076029,0,107144,227004,102439,248605,1258265,64797371,322167,926371,9727,85160,237007,45670,39490,186216,50791,924820,1551,277390,647430,1551,0,18,9709,8,10,9709,0,20006563,44790808,4977482,15029081,16572799,28218009,n9465,false,0.9410952186918518,0.12834749711294136,0,776,false,501,4,0.331960793321027,0.6048255566007495,null
14851574,66055636,603926,13562456,685192,310195,293731,10139459,0,334148,351044,98268,211927,1468700,2248028,4076029,0,107144,227004,102439,248605,1258265,64797371,322167,926371,9727,85160,237007,45670,39490,186216,50791,924820,1551,277390,647430,1551,0,18,9709,8,10,9709,0,20006563,44790808,4977482,15029081,16572799,28218009,n2090,false,0.41010194350954204,0.24945765914424972,0,4955,false,506,13,0.37717783870088106,0.17403016974976881,null
14851574,66055636,603926,13562456,685192,310195,293731,10139459,0,334148,351044,98268,211927,1468700,2248028,4076029,0,107144,227004,102439,248605,1258265,64797371,322167,926371,9727,85160,237007,45670,39490,186216,50791,924820,1551,277390,647430,1551,0,18,9709,8,10,9709,0,20006563,44790808,4977482,15029081,16572799,28218009,n2092,false,0.32842368293174695,0.5264965493649423,0,28999,false,0,0,0.7091941458834695,0.2848787059279466,null
14851574,66055636,603926,13562456,685192,310195,293731,10139459,0,334148,351044,98268,211927,1468700,2248028,4076029,0,107144,227004,102439,248605,1258265,64797371,322167,926371,9727,85160,237007,45670,39490,186216,50791,924820,1551,277390,647430,1551,0,18,9709,8,10,9709,0,20006563,44790808,4977482,15029081,16572799,28218009,n9459,true,0.28092144428211874,0.5001736923043759,6,28999,false,0,0,0.7470432339029468,0.7255095924617585,null
14851574,66055636,603926,13562456,685192,310195,293731,10139459,0,334148,351044,98268,211927,1468700,2248028,4076029,0,107144,227004,102439,248605,1258265,64797371,322167,926371,9727,85160,237007,45670,39490,186216,50791,924820,1551,277390,647430,1551,0,18,9709,8,10,9709,0,20006563,44790808,4977482,15029081,16572799,28218009,n6165,false,0.9999979606250095,0.7688069884411223,0,2943,false,501,4,0.9965677076507967,0.6077002093633479,null
14851574,66055636,603926,13562456,685192,310195,293731,10139459,0,334148,351044,98268,211927,1468700,2248028,4076029,0,107144,227004,102439,248605,1258265,64797371,322167,926371,9727,85160,237007,45670,39490,186216,50791,924820,1551,277390,647430,1551,0,18,9709,8,10,9709,0,20006563,44790808,4977482,15029081,16572799,28218009,n6168,false,0.5127400493113707,0.38111104263847595,0,28999,false,0,0,0.3593688606320642,0.32401509050083244,null
14851574,66055636,603926,13562456,685192,310195,293731,10139459,0,334148,351044,98268,211927,1468700,2248028,4076029,0,107144,227004,102439,248605,1258265,64797371,322167,926371,9727,85160,237007,45670,39490,186216,50791,924820,1551,277390,647430,1551,0,18,9709,8,10,9709,0,20006563,44790808,4977482,15029081,16572799,28218009,n2096,false,0.999998345860199,0.7974875796912341,0,11060,false,502,5,0.5958282099425805,0.6414481788647513,null
14851574,66055636,603926,13562456,685192,310195,293731,10139459,0,334148,351044,98268,211927,1468700,2248028,4076029,0,107144,227004,102439,248605,1258265,64797371,322167,926371,9727,85160,237007,45670,39490,186216,50791,924820,1551,277390,647430,1551,0,18,9709,8,10,9709,0,20006563,44790808,4977482,15029081,16572799,28218009,n36788,false,0.22238561396075704,0.7746026086598796,0,1622,false,504,10,0.5956311450609002,0.1352121185742432,null
14851574,66055636,603926,13562456,685192,310195,293731,10139459,0,334148,351044,98268,211927,1468700,2248028,4076029,0,107144,227004,102439,248605,1258265,64797371,322167,926371,9727,85160,237007,45670,39490,186216,50791,924820,1551,277390,647430,1551,0,18,9709,8,10,9709,0,20006563,44790808,4977482,15029081,16572799,28218009,n11294,false,0.9999961047460927,0.4660716862452839,0,6010,false,504,8,0.810041984319604,0.6268812471171847,null
14851574,66055636,603926,13562456,685192,310195,293731,10139459,0,334148,351044,98268,211927,1468700,2248028,4076029,0,107144,227004,102439,248605,1258265,64797371,322167,926371,9727,85160,237007,45670,39490,186216,50791,924820,1551,277390,647430,1551,0,18,9709,8,10,9709,0,20006563,44790808,4977482,15029081,16572799,28218009,n11296,false,0.2813506906344377,0.47533659245260573,0,6821,false,502,5,0.8328470039438176,0.7489920958031968,null
14851574,66055636,603926,13562456,685192,310195,293731,10139459,0,334148,351044,98268,211927,1468700,2248028,4076029,0,107144,227004,102439,248605,1258265,64797371,322167,926371,9727,85160,237007,45670,39490,186216,50791,924820,1551,277390,647430,1551,0,18,9709,8,10,9709,0,20006563,44790808,4977482,15029081,16572799,28218009,n3534,false,0.5817988175948601,0.8373164642254923,0,1627,false,502,5,0.9468982608754756,0.550331051356406,null
14851574,66055636,603926,13562456,685192,310195,293731,10139459,0,334148,351044,98268,211927,1468700,2248028,4076029,0,107144,227004,102439,248605,1258265,64797371,322167,926371,9727,85160,237007,45670,39490,186216,50791,924820,1551,277390,647430,1551,0,18,9709,8,10,9709,0,20006563,44790808,4977482,15029081,16572799,28218009,n11292,true,0.39688573421830525,0.08737527398732925,7,7515,false,417,235,0.9141090246888134,0.7411629271960105,null
14851574,66055636,603926,13562456,685192,310195,293731,10139459,0,334148,351044,98268,211927,1468700,2248028,4076029,0,107144,227004,102439,248605,1258265,64797371,322167,926371,9727,85160,237007,45670,39490,186216,50791,924820,1551,277390,647430,1551,0,18,9709,8,10,9709,0,20006563,44790808,4977482,15029081,16572799,28218009,n11291,true,0.49812727670474355,0.638001776439367,10,17871,false,500,2,0.8315847431075885,0.7919852920789687,null
14851574,66055636,603926,13562456,685192,310195,293731,10139459,0,334148,351044,98268,211927,1468700,2248028,4076029,0,107144,227004,102439,248605,1258265,64797371,322167,926371,9727,85160,237007,45670,39490,186216,50791,924820,1551,277390,647430,1551,0,18,9709,8,10,9709,0,20006563,44790808,4977482,15029081,16572799,28218009,n13252,false,0.022530303590322594,0.3381012009553329,0,1144,false,504,9,0.9727813567090564,0.02571891039380969,null
14851574,66055636,603926,13562456,685192,310195,293731,10139459,0,334148,351044,98268,211927,1468700,2248028,4076029,0,107144,227004,102439,248605,1258265,64797371,322167,926371,9727,85160,237007,45670,39490,186216,50791,924820,1551,277390,647430,1551,0,18,9709,8,10,9709,0,20006563,44790808,4977482,15029081,16572799,28218009,n28597,false,0.1164722231166093,0.8095686421760074,0,7161,false,502,6,0.4794184614871253,0.6704046264250373,null
14851574,66055636,603926,13562456,685192,310195,293731,10139459,0,334148,351044,98268,211927,1468700,2248028,4076029,0,107144,227004,102439,248605,1258265,64797371,322167,926371,9727,85160,237007,45670,39490,186216,50791,924820,1551,277390,647430,1551,0,18,9709,8,10,9709,0,20006563,44790808,4977482,15029081,16572799,28218009,n28595,false,0.9999985640394479,0.6833553153115905,0,22469,false,501,5,0.9149592758156643,0.022577628632122204,null
14851574,66055636,603926,13562456,685192,310195,293731,10139459,0,334148,351044,98268,211927,1468700,2248028,4076029,0,107144,227004,102439,248605,1258265,64797371,322167,926371,9727,85160,237007,45670,39490,186216,50791,924820,1551,277390,647430,1551,0,18,9709,8,10,9709,0,20006563,44790808,4977482,15029081,16572799,28218009,n8396,false,0.8538529495481286,0.5539929206372319,0,12855,false,502,4,0.7248250886098222,0.8347847800571747,null
14851574,66055636,603926,13562456,685192,310195,293731,10139459,0,334148,351044,98268,211927,1468700,2248028,4076029,0,107144,227004,102439,248605,1258265,64797371,322167,926371,9727,85160,237007,45670,39490,186216,50791,924820,1551,277390,647430,1551,0,18,9709,8,10,9709,0,20006563,44790808,4977482,15029081,16572799,28218009,n8397,false,0.9095025066059533,0.3676922055272377,0,4540,false,504,8,0.23312075324670645,0.051211171826847646,null
14851574,66055636,603926,13562456,685192,310195,293731,10139459,0,334148,351044,98268,211927,1468700,2248028,4076029,0,107144,227004,102439,248605,1258265,64797371,322167,926371,9727,85160,237007,45670,39490,186216,50791,924820,1551,277390,647430,1551,0,18,9709,8,10,9709,0,20006563,44790808,4977482,15029081,16572799,28218009,n13248,false,0.38936732554232056,0.8910882983661939,0,2087,false,501,3,0.8447540394410225,0.7181583404738522,null
14851574,66055636,603926,13562456,685192,310195,293731,10139459,0,334148,351044,98268,211927,1468700,2248028,4076029,0,107144,227004,102439,248605,1258265,64797371,322167,926371,9727,85160,237007,45670,39490,186216,50791,924820,1551,277390,647430,1551,0,18,9709,8,10,9709,0,20006563,44790808,4977482,15029081,16572799,28218009,n8399,false,0.5026430590240892,0.7455293703486203,0,7907,false,504,8,0.3722339895494341,0.6934587099129046,null
14851574,66055636,603926,13562456,685192,310195,293731,10139459,0,334148,351044,98268,211927,1468700,2248028,4076029,0,107144,227004,102439,248605,1258265,64797371,322167,926371,9727,85160,237007,45670,39490,186216,50791,924820,1551,277390,647430,1551,0,18,9709,8,10,9709,0,20006563,44790808,4977482,15029081,16572799,28218009,n13246,false,0.15037100465829742,0.09295597174496817,0,7319,false,504,9,0.8706204921786551,0.9551296472907923,null
14851574,66055636,603926,13562456,685192,310195,293731,10139459,0,334148,351044,98268,211927,1468700,2248028,4076029,0,107144,227004,102439,248605,1258265,64797371,322167,926371,9727,85160,237007,45670,39490,186216,50791,924820,1551,277390,647430,1551,0,18,9709,8,10,9709,0,20006563,44790808,4977482,15029081,16572799,28218009,n9448,false,0.8467558056166345,0.17959714256608905,0,5725,false,502,5,0.7364684849977926,0.9548548627761131,null
14851574,66055636,603926,13562456,685192,310195,293731,10139459,0,334148,351044,98268,211927,1468700,2248028,4076029,0,107144,227004,102439,248605,1258265,64797371,322167,926371,9727,85160,237007,45670,39490,186216,50791,924820,1551,277390,647430,1551,0,18,9709,8,10,9709,0,20006563,44790808,4977482,15029081,16572799,28218009,n6150,false,0.011269948421939168,0.7484092070184566,0,12923,false,505,10,0.5909812642972067,0.3472343800910116,null
14851574,66055636,603926,13562456,685192,310195,293731,10139459,0,334148,351044,98268,211927,1468700,2248028,4076029,0,107144,227004,102439,248605,1258265,64797371,322167,926371,9727,85160,237007,45670,39490,186216,50791,924820,1551,277390,647430,1551,0,18,9709,8,10,9709,0,20006563,44790808,4977482,15029081,16572799,28218009,n13244,false,0.8577472527474398,0.258049097969814,0,10327,false,503,7,0.9018689935166945,0.9540241716196183,null
14851574,66055636,603926,13562456,685192,310195,293731,10139459,0,334148,351044,98268,211927,1468700,2248028,4076029,0,107144,227004,102439,248605,1258265,64797371,322167,926371,9727,85160,237007,45670,39490,186216,50791,924820,1551,277390,647430,1551,0,18,9709,8,10,9709,0,20006563,44790808,4977482,15029081,16572799,28218009,n33413,false,0.9548606237811915,0.12572272558924247,0,747,false,503,6,0.8600904572682406,0.9726766259678347,null
14851574,66055636,603926,13562456,685192,310195,293731,10139459,0,334148,351044,98268,211927,1468700,2248028,4076029,0,107144,227004,102439,248605,1258265,64797371,322167,926371,9727,85160,237007,45670,39490,186216,50791,924820,1551,277390,647430,1551,0,18,9709,8,10,9709,0,20006563,44790808,4977482,15029081,16572799,28218009,n6155,false,0.04022662164494507,0.6248374051663826,0,13812,false,502,5,0.6793876406896142,0.9102705549579382,null
14851574,66055636,603926,13562456,685192,310195,293731,10139459,0,334148,351044,98268,211927,1468700,2248028,4076029,0,107144,227004,102439,248605,1258265,64797371,322167,926371,9727,85160,237007,45670,39490,186216,50791,924820,1551,277390,647430,1551,0,18,9709,8,10,9709,0,20006563,44790808,4977482,15029081,16572799,28218009,n8393,false,0.26350241382241346,0.03521386971337226,0,6921,false,501,3,0.6903726270911758,0.8461948499576065,null
14851574,66055636,603926,13562456,685192,310195,293731,10139459,0,334148,351044,98268,211927,1468700,2248028,4076029,0,107144,227004,102439,248605,1258265,64797371,322167,926371,9727,85160,237007,45670,39490,186216,50791,924820,1551,277390,647430,1551,0,18,9709,8,10,9709,0,20006563,44790808,4977482,15029081,16572799,28218009,n3549,false,0.09471481999226417,0.6767452800295377,0,7165,false,502,4,0.7321325290883186,0.36611092655305183,null
14851574,66055636,603926,13562456,685192,310195,293731,10139459,0,334148,351044,98268,211927,1468700,2248028,4076029,0,107144,227004,102439,248605,1258265,64797371,322167,926371,9727,85160,237007,45670,39490,186216,50791,924820,1551,277390,647430,1551,0,18,9709,8,10,9709,0,20006563,44790808,4977482,15029081,16572799,28218009,n3543,false,0.9999969022153529,0.6109549234313689,0,1107,false,504,10,0.9303866942206602,0.23601556362545562,null
14851574,66055636,603926,13562456,685192,310195,293731,10139459,0,334148,351044,98268,211927,1468700,2248028,4076029,0,107144,227004,102439,248605,1258265,64797371,322167,926371,9727,85160,237007,45670,39490,186216,50791,924820,1551,277390,647430,1551,0,18,9709,8,10,9709,0,20006563,44790808,4977482,15029081,16572799,28218009,n11281,false,0.9999956752016701,0.6578761217476776,0,813,false,503,7,0.7472031780741618,0.7493092567526037,null
14851574,66055636,603926,13562456,685192,310195,293731,10139459,0,334148,351044,98268,211927,1468700,2248028,4076029,0,107144,227004,102439,248605,1258265,64797371,322167,926371,9727,85160,237007,45670,39490,186216,50791,924820,1551,277390,647430,1551,0,18,9709,8,10,9709,0,20006563,44790808,4977482,15029081,16572799,28218009,n3542,false,0.0620737512088755,0.972836988971727,0,3188,false,503,6,0.8870060299348822,0.2866816696631461,null
14851574,66055636,603926,13562456,685192,310195,293731,10139459,0,334148,351044,98268,211927,1468700,2248028,4076029,0,107144,227004,102439,248605,1258265,64797371,322167,926371,9727,85160,237007,45670,39490,186216,50791,924820,1551,277390,647430,1551,0,18,9709,8,10,9709,0,20006563,44790808,4977482,15029081,16572799,28218009,n13243,false,0.8056424413183906,0.24655125527138289,0,5662,false,506,12,0.5653767705178027,0.7974241543313134,null
14851574,66055636,603926,13562456,685192,310195,293731,10139459,0,334148,351044,98268,211927,1468700,2248028,4076029,0,107144,227004,102439,248605,1258265,64797371,322167,926371,9727,85160,237007,45670,39490,186216,50791,924820,1551,277390,647430,1551,0,18,9709,8,10,9709,0,20006563,44790808,4977482,15029081,16572799,28218009,n9439,false,0.7409542780693521,0.6893124808766861,0,3053,false,501,3,0.16502930818713735,0.6709928365107114,null
14851574,66055636,603926,13562456,685192,310195,293731,10139459,0,334148,351044,98268,211927,1468700,2248028,4076029,0,107144,227004,102439,248605,1258265,64797371,322167,926371,9727,85160,237007,45670,39490,186216,50791,924820,1551,277390,647430,1551,0,18,9709,8,10,9709,0,20006563,44790808,4977482,15029081,16572799,28218009,n2071,false,0.20543845423159046,0.215502512143746,0,11,false,506,13,0.35080865886069024,0.4281993857503326,null
14851574,66055636,603926,13562456,685192,310195,293731,10139459,0,334148,351044,98268,211927,1468700,2248028,4076029,0,107144,227004,102439,248605,1258265,64797371,322167,926371,9727,85160,237007,45670,39490,186216,50791,924820,1551,277390,647430,1551,0,18,9709,8,10,9709,0,20006563,44790808,4977482,15029081,16572799,28218009,n8381,false,0.3011557540729691,0.4001969097575725,0,19240,false,501,4,0.6024667615017343,0.28728975386737865,null
14851574,66055636,603926,13562456,685192,310195,293731,10139459,0,334148,351044,98268,211927,1468700,2248028,4076029,0,107144,227004,102439,248605,1258265,64797371,322167,926371,9727,85160,237007,45670,39490,186216,50791,924820,1551,277390,647430,1551,0,18,9709,8,10,9709,0,20006563,44790808,4977482,15029081,16572799,28218009,n2073,false,0.9132877382991941,0.768301743983826,0,814,false,503,8,0.6863025059038727,0.6247622511713607,null
14851574,66055636,603926,13562456,685192,310195,293731,10139459,0,334148,351044,98268,211927,1468700,2248028,4076029,0,107144,227004,102439,248605,1258265,64797371,322167,926371,9727,85160,237007,45670,39490,186216,50791,924820,1551,277390,647430,1551,0,18,9709,8,10,9709,0,20006563,44790808,4977482,15029081,16572799,28218009,n8382,false,0.8572869225697397,0.31379659909257307,0,21245,false,503,7,0.9798971600603775,0.20617746977207607,null
14851574,66055636,603926,13562456,685192,310195,293731,10139459,0,334148,351044,98268,211927,1468700,2248028,4076029,0,107144,227004,102439,248605,1258265,64797371,322167,926371,9727,85160,237007,45670,39490,186216,50791,924820,1551,277390,647430,1551,0,18,9709,8,10,9709,0,20006563,44790808,4977482,15029081,16572799,28218009,n2075,true,7.169048979664971E-4,0.16663195058185687,13,28999,false,0,0,0.7900804733594955,0.48162941594543796,null
14851574,66055636,603926,13562456,685192,310195,293731,10139459,0,334148,351044,98268,211927,1468700,2248028,4076029,0,107144,227004,102439,248605,1258265,64797371,322167,926371,9727,85160,237007,45670,39490,186216,50791,924820,1551,277390,647430,1551,0,18,9709,8,10,9709,0,20006563,44790808,4977482,15029081,16572799,28218009,n3519,false,0.7491717423580023,0.2928201484461363,0,19688,false,501,4,0.27702505050063564,0.13742945416804175,null
14851574,66055636,603926,13562456,685192,310195,293731,10139459,0,334148,351044,98268,211927,1468700,2248028,4076029,0,107144,227004,102439,248605,1258265,64797371,322167,926371,9727,85160,237007,45670,39490,186216,50791,924820,1551,277390,647430,1551,0,18,9709,8,10,9709,0,20006563,44790808,4977482,15029081,16572799,28218009,n9429,true,0.7902656677864236,0.530027988371043,13,28999,false,0,0,0.7853252409465238,0.1192956813146897,null
14851574,66055636,603926,13562456,685192,310195,293731,10139459,0,334148,351044,98268,211927,1468700,2248028,4076029,0,107144,227004,102439,248605,1258265,64797371,322167,926371,9727,85160,237007,45670,39490,186216,50791,924820,1551,277390,647430,1551,0,18,9709,8,10,9709,0,20006563,44790808,4977482,15029081,16572799,28218009,n2081,false,0.7218841895276615,0.6905271773577463,0,432,false,506,13,0.6182747884635797,0.0341599122034153,null
14851574,66055636,603926,13562456,685192,310195,293731,10139459,0,334148,351044,98268,211927,1468700,2248028,4076029,0,107144,227004,102439,248605,1258265,64797371,322167,926371,9727,85160,237007,45670,39490,186216,50791,924820,1551,277390,647430,1551,0,18,9709,8,10,9709,0,20006563,44790808,4977482,15029081,16572799,28218009,n9422,false,0.9797900930353722,0.9177810913135663,0,21,true,21,2,0.2773770726366164,0.5680217959046813,null
14851574,66055636,603926,13562456,685192,310195,293731,10139459,0,334148,351044,98268,211927,1468700,2248028,4076029,0,107144,227004,102439,248605,1258265,64797371,322167,926371,9727,85160,237007,45670,39490,186216,50791,924820,1551,277390,647430,1551,0,18,9709,8,10,9709,0,20006563,44790808,4977482,15029081,16572799,28218009,n8372,false,0.8599858159139621,0.8029886329345232,0,10928,false,502,5,0.41511731516852446,0.803367400166156,null
14851574,66055636,603926,13562456,685192,310195,293731,10139459,0,334148,351044,98268,211927,1468700,2248028,4076029,0,107144,227004,102439,248605,1258265,64797371,322167,926371,9727,85160,237007,45670,39490,186216,50791,924820,1551,277390,647430,1551,0,18,9709,8,10,9709,0,20006563,44790808,4977482,15029081,16572799,28218009,n6178,true,0.7952269749710736,0.44522941862580384,16,89,false,502,6,0.6027865552442317,0.7069787212596992,null
14851574,66055636,603926,13562456,685192,310195,293731,10139459,0,334148,351044,98268,211927,1468700,2248028,4076029,0,107144,227004,102439,248605,1258265,64797371,322167,926371,9727,85160,237007,45670,39490,186216,50791,924820,1551,277390,647430,1551,0,18,9709,8,10,9709,0,20006563,44790808,4977482,15029081,16572799,28218009,n2089,false,0.6942474971751641,0.8428522190536678,0,9502,false,502,6,0.5415705595646002,0.5804996880243514,null
14851574,66055636,603926,13562456,685192,310195,293731,10139459,0,334148,351044,98268,211927,1468700,2248028,4076029,0,107144,227004,102439,248605,1258265,64797371,322167,926371,9727,85160,237007,45670,39490,186216,50791,924820,1551,277390,647430,1551,0,18,9709,8,10,9709,0,20006563,44790808,4977482,15029081,16572799,28218009,n2079,false,0.9903571850267796,0.9952799752181927,0,5241,false,503,6,0.9531436070895097,0.10733277812549169,null
14851574,66055636,603926,13562456,685192,310195,293731,10139459,0,334148,351044,98268,211927,1468700,2248028,4076029,0,107144,227004,102439,248605,1258265,64797371,322167,926371,9727,85160,237007,45670,39490,186216,50791,924820,1551,277390,647430,1551,0,18,9709,8,10,9709,0,20006563,44790808,4977482,15029081,16572799,28218009,n3529,false,0.8428520416296494,0.9958699746753183,0,5978,false,505,10,0.18218496492574632,0.059840993265774745,null
14851574,66055636,603926,13562456,685192,310195,293731,10139459,0,334148,351044,98268,211927,1468700,2248028,4076029,0,107144,227004,102439,248605,1258265,64797371,322167,926371,9727,85160,237007,45670,39490,186216,50791,924820,1551,277390,647430,1551,0,18,9709,8,10,9709,0,20006563,44790808,4977482,15029081,16572799,28218009,n6120,true,0.9999869597932638,0.5373482707461573,11,21679,false,500,1,0.4705951197026298,0.006572974222474159,null
14851574,66055636,603926,13562456,685192,310195,293731,10139459,0,334148,351044,98268,211927,1468700,2248028,4076029,0,107144,227004,102439,248605,1258265,64797371,322167,926371,9727,85160,237007,45670,39490,186216,50791,924820,1551,277390,647430,1551,0,18,9709,8,10,9709,0,20006563,44790808,4977482,15029081,16572799,28218009,n3584,false,0.3628615757353251,0.5517154661294533,0,7894,false,502,4,0.6402853127722662,0.22203373160237494,null
14851574,66055636,603926,13562456,685192,310195,293731,10139459,0,334148,351044,98268,211927,1468700,2248028,4076029,0,107144,227004,102439,248605,1258265,64797371,322167,926371,9727,85160,237007,45670,39490,186216,50791,924820,1551,277390,647430,1551,0,18,9709,8,10,9709,0,20006563,44790808,4977482,15029081,16572799,28218009,n3583,false,0.01032487031140011,0.9581755094077302,0,3997,false,501,3,0.677402794474526,0.46651087335061675,null
14851574,66055636,603926,13562456,685192,310195,293731,10139459,0,334148,351044,98268,211927,1468700,2248028,4076029,0,107144,227004,102439,248605,1258265,64797371,322167,926371,9727,85160,237007,45670,39490,186216,50791,924820,1551,277390,647430,1551,0,18,9709,8,10,9709,0,20006563,44790808,4977482,15029081,16572799,28218009,n2055,true,0.2799039627840012,0.4421469565517717,6,28999,false,0,0,0.6679100861030318,0.4594987297139918,null
14851574,66055636,603926,13562456,685192,310195,293731,10139459,0,334148,351044,98268,211927,1468700,2248028,4076029,0,107144,227004,102439,248605,1258265,64797371,322167,926371,9727,85160,237007,45670,39490,186216,50791,924820,1551,277390,647430,1551,0,18,9709,8,10,9709,0,20006563,44790808,4977482,15029081,16572799,28218009,n2056,false,0.2162936865438888,0.6058982629252352,0,6751,false,504,10,0.9599834734239162,0.8955509356937363,null
14851574,66055636,603926,13562456,685192,310195,293731,10139459,0,334148,351044,98268,211927,1468700,2248028,4076029,0,107144,227004,102439,248605,1258265,64797371,322167,926371,9727,85160,237007,45670,39490,186216,50791,924820,1551,277390,647430,1551,0,18,9709,8,10,9709,0,20006563,44790808,4977482,15029081,16572799,28218009,n3582,false,0.9999981088491029,0.6533399298073702,0,1100,false,503,7,0.8835166848889843,0.6914021800175587,null
14851574,66055636,603926,13562456,685192,310195,293731,10139459,0,334148,351044,98268,211927,1468700,2248028,4076029,0,107144,227004,102439,248605,1258265,64797371,322167,926371,9727,85160,237007,45670,39490,186216,50791,924820,1551,277390,647430,1551,0,18,9709,8,10,9709,0,20006563,44790808,4977482,15029081,16572799,28218009,n2052,false,0.6345852131394213,0.8250408782873228,0,6316,false,504,9,0.14978071348426403,0.2805737744072595,null
14851574,66055636,603926,13562456,685192,310195,293731,10139459,0,334148,351044,98268,211927,1468700,2248028,4076029,0,107144,227004,102439,248605,1258265,64797371,322167,926371,9727,85160,237007,45670,39490,186216,50791,924820,1551,277390,647430,1551,0,18,9709,8,10,9709,0,20006563,44790808,4977482,15029081,16572799,28218009,n9412,false,0.75524781132611,0.05930766340537197,0,72,false,503,7,0.5816979391671548,0.45378800316229817,null
14851574,66055636,603926,13562456,685192,310195,293731,10139459,0,334148,351044,98268,211927,1468700,2248028,4076029,0,107144,227004,102439,248605,1258265,64797371,322167,926371,9727,85160,237007,45670,39490,186216,50791,924820,1551,277390,647430,1551,0,18,9709,8,10,9709,0,20006563,44790808,4977482,15029081,16572799,28218009,n38020,false,0.45737061737818957,0.6998327755795277,0,8735,false,506,12,0.6794652960151731,0.4192143313739661,null
14851574,66055636,603926,13562456,685192,310195,293731,10139459,0,334148,351044,98268,211927,1468700,2248028,4076029,0,107144,227004,102439,248605,1258265,64797371,322167,926371,9727,85160,237007,45670,39490,186216,50791,924820,1551,277390,647430,1551,0,18,9709,8,10,9709,0,20006563,44790808,4977482,15029081,16572799,28218009,n6117,false,0.6050844110981299,0.7048506582657585,0,5328,false,500,2,0.9097718697834493,0.5417396165399517,null
14851574,66055636,603926,13562456,685192,310195,293731,10139459,0,334148,351044,98268,211927,1468700,2248028,4076029,0,107144,227004,102439,248605,1258265,64797371,322167,926371,9727,85160,237007,45670,39490,186216,50791,924820,1551,277390,647430,1551,0,18,9709,8,10,9709,0,20006563,44790808,4977482,15029081,16572799,28218009,n6116,false,0.9043307852235868,0.10980510869261806,0,2022,false,501,4,0.2979532225325421,0.46008474027370694,null
14851574,66055636,603926,13562456,685192,310195,293731,10139459,0,334148,351044,98268,211927,1468700,2248028,4076029,0,107144,227004,102439,248605,1258265,64797371,322167,926371,9727,85160,237007,45670,39490,186216,50791,924820,1551,277390,647430,1551,0,18,9709,8,10,9709,0,20006563,44790808,4977482,15029081,16572799,28218009,n2049,false,0.429728122295367,0.5002056918187007,0,1757,false,506,13,0.09987520713840692,0.3149344812614678,null
14851574,66055636,603926,13562456,685192,310195,293731,10139459,0,334148,351044,98268,211927,1468700,2248028,4076029,0,107144,227004,102439,248605,1258265,64797371,322167,926371,9727,85160,237007,45670,39490,186216,50791,924820,1551,277390,647430,1551,0,18,9709,8,10,9709,0,20006563,44790808,4977482,15029081,16572799,28218009,n3576,false,0.527142777139858,0.35973071467052836,0,1242,false,503,6,0.9304174783087921,0.7546185372674838,null
14851574,66055636,603926,13562456,685192,310195,293731,10139459,0,334148,351044,98268,211927,1468700,2248028,4076029,0,107144,227004,102439,248605,1258265,64797371,322167,926371,9727,85160,237007,45670,39490,186216,50791,924820,1551,277390,647430,1551,0,18,9709,8,10,9709,0,20006563,44790808,4977482,15029081,16572799,28218009,n2066,true,0.7033806666835508,0.41855384738741214,12,16961,false,500,1,0.20738440391068214,0.3202388846251125,null
14851574,66055636,603926,13562456,685192,310195,293731,10139459,0,334148,351044,98268,211927,1468700,2248028,4076029,0,107144,227004,102439,248605,1258265,64797371,322167,926371,9727,85160,237007,45670,39490,186216,50791,924820,1551,277390,647430,1551,0,18,9709,8,10,9709,0,20006563,44790808,4977482,15029081,16572799,28218009,n3593,false,0.49207893858522506,0.864639314127315,0,3102,false,505,11,0.5124794341360621,0.37797929559434296,null
14851574,66055636,603926,13562456,685192,310195,293731,10139459,0,334148,351044,98268,211927,1468700,2248028,4076029,0,107144,227004,102439,248605,1258265,64797371,322167,926371,9727,85160,237007,45670,39490,186216,50791,924820,1551,277390,647430,1551,0,18,9709,8,10,9709,0,20006563,44790808,4977482,15029081,16572799,28218009,n11246,false,0.9075801938105825,0.9766077999095512,0,16531,false,502,4,0.6731205068622363,0.7951098735780029,null
14851574,66055636,603926,13562456,685192,310195,293731,10139459,0,334148,351044,98268,211927,1468700,2248028,4076029,0,107144,227004,102439,248605,1258265,64797371,322167,926371,9727,85160,237007,45670,39490,186216,50791,924820,1551,277390,647430,1551,0,18,9709,8,10,9709,0,20006563,44790808,4977482,15029081,16572799,28218009,n6114,false,0.9999999037086252,0.14952423900165235,0,8348,false,501,4,0.5438920330035101,0.22149840087454664,null
14851574,66055636,603926,13562456,685192,310195,293731,10139459,0,334148,351044,98268,211927,1468700,2248028,4076029,0,107144,227004,102439,248605,1258265,64797371,322167,926371,9727,85160,237007,45670,39490,186216,50791,924820,1551,277390,647430,1551,0,18,9709,8,10,9709,0,20006563,44790808,4977482,15029081,16572799,28218009,n2062,false,0.6440856190357495,0.5601226047379532,0,8101,false,503,7,0.7179351155345655,0.9061201100955398,null
14851574,66055636,603926,13562456,685192,310195,293731,10139459,0,334148,351044,98268,211927,1468700,2248028,4076029,0,107144,227004,102439,248605,1258265,64797371,322167,926371,9727,85160,237007,45670,39490,186216,50791,924820,1551,277390,647430,1551,0,18,9709,8,10,9709,0,20006563,44790808,4977482,15029081,16572799,28218009,n6107,false,0.748323985437967,0.8592192619801449,0,3150,false,503,7,0.3834801127644034,0.13678332478039334,null
14851574,66055636,603926,13562456,685192,310195,293731,10139459,0,334148,351044,98268,211927,1468700,2248028,4076029,0,107144,227004,102439,248605,1258265,64797371,322167,926371,9727,85160,237007,45670,39490,186216,50791,924820,1551,277390,647430,1551,0,18,9709,8,10,9709,0,20006563,44790808,4977482,15029081,16572799,28218009,n3587,false,0.01584545367953545,0.0712432814145062,0,28996,false,500,1,0.9817379580764805,0.7485548924039443,null
14851574,66055636,603926,13562456,685192,310195,293731,10139459,0,334148,351044,98268,211927,1468700,2248028,4076029,0,107144,227004,102439,248605,1258265,64797371,322167,926371,9727,85160,237007,45670,39490,186216,50791,924820,1551,277390,647430,1551,0,18,9709,8,10,9709,0,20006563,44790808,4977482,15029081,16572799,28218009,n11277,false,0.9999957299094484,0.27597268778448575,0,1990,false,505,12,0.7215833030421592,0.29383067957602327,null
14851574,66055636,603926,13562456,685192,310195,293731,10139459,0,334148,351044,98268,211927,1468700,2248028,4076029,0,107144,227004,102439,248605,1258265,64797371,322167,926371,9727,85160,237007,45670,39490,186216,50791,924820,1551,277390,647430,1551,0,18,9709,8,10,9709,0,20006563,44790808,4977482,15029081,16572799,28218009,n2031,true,0.6601222395965223,0.23583800769349034,12,17594,false,6,6,0.9659560936625553,0.9776359499710603,null
14851574,66055636,603926,13562456,685192,310195,293731,10139459,0,334148,351044,98268,211927,1468700,2248028,4076029,0,107144,227004,102439,248605,1258265,64797371,322167,926371,9727,85160,237007,45670,39490,186216,50791,924820,1551,277390,647430,1551,0,18,9709,8,10,9709,0,20006563,44790808,4977482,15029081,16572799,28218009,n2024,false,0.4216917400227654,0.713021697372824,0,563,false,504,9,0.42315018341405847,0.019276342412741343,null
14851574,66055636,603926,13562456,685192,310195,293731,10139459,0,334148,351044,98268,211927,1468700,2248028,4076029,0,107144,227004,102439,248605,1258265,64797371,322167,926371,9727,85160,237007,45670,39490,186216,50791,924820,1551,277390,647430,1551,0,18,9709,8,10,9709,0,20006563,44790808,4977482,15029081,16572799,28218009,n3556,false,0.8654937728317498,0.2792043466840239,0,2129,false,501,2,0.4352639829850945,0.14565473888075642,null
14851574,66055636,603926,13562456,685192,310195,293731,10139459,0,334148,351044,98268,211927,1468700,2248028,4076029,0,107144,227004,102439,248605,1258265,64797371,322167,926371,9727,85160,237007,45670,39490,186216,50791,924820,1551,277390,647430,1551,0,18,9709,8,10,9709,0,20006563,44790808,4977482,15029081,16572799,28218009,n6139,false,0.37660052356055057,0.43548244006103387,0,10632,false,503,8,0.6303043114076432,0.29603498340342793,null
14851574,66055636,603926,13562456,685192,310195,293731,10139459,0,334148,351044,98268,211927,1468700,2248028,4076029,0,107144,227004,102439,248605,1258265,64797371,322167,926371,9727,85160,237007,45670,39490,186216,50791,924820,1551,277390,647430,1551,0,18,9709,8,10,9709,0,20006563,44790808,4977482,15029081,16572799,28218009,n3558,false,0.2095106561224061,0.16001887784120306,0,16801,false,503,9,0.9576042498065205,0.12149244547551874,null
14851574,66055636,603926,13562456,685192,310195,293731,10139459,0,334148,351044,98268,211927,1468700,2248028,4076029,0,107144,227004,102439,248605,1258265,64797371,322167,926371,9727,85160,237007,45670,39490,186216,50791,924820,1551,277390,647430,1551,0,18,9709,8,10,9709,0,20006563,44790808,4977482,15029081,16572799,28218009,n11267,false,0.0878395822190555,0.667473968980288,0,14988,false,501,6,0.787371805290195,0.8473484009764651,null
14851574,66055636,603926,13562456,685192,310195,293731,10139459,0,334148,351044,98268,211927,1468700,2248028,4076029,0,107144,227004,102439,248605,1258265,64797371,322167,926371,9727,85160,237007,45670,39490,186216,50791,924820,1551,277390,647430,1551,0,18,9709,8,10,9709,0,20006563,44790808,4977482,15029081,16572799,28218009,n2042,false,0.34493578939473346,0.8534495486138705,0,10564,false,503,8,0.8496147840577486,0.8155409855232252,null
14851574,66055636,603926,13562456,685192,310195,293731,10139459,0,334148,351044,98268,211927,1468700,2248028,4076029,0,107144,227004,102439,248605,1258265,64797371,322167,926371,9727,85160,237007,45670,39490,186216,50791,924820,1551,277390,647430,1551,0,18,9709,8,10,9709,0,20006563,44790808,4977482,15029081,16572799,28218009,n24268,true,0.9636511589396204,0.508919423043269,13,2874,false,13,10,0.5581875180160312,0.2807289119905142,null
14851574,66055636,603926,13562456,685192,310195,293731,10139459,0,334148,351044,98268,211927,1468700,2248028,4076029,0,107144,227004,102439,248605,1258265,64797371,322167,926371,9727,85160,237007,45670,39490,186216,50791,924820,1551,277390,647430,1551,0,18,9709,8,10,9709,0,20006563,44790808,4977482,15029081,16572799,28218009,n2043,false,0.9999956402718082,0.2638392320046002,0,15856,false,500,2,0.6780293446331027,0.9759465385338868,null
14851574,66055636,603926,13562456,685192,310195,293731,10139459,0,334148,351044,98268,211927,1468700,2248028,4076029,0,107144,227004,102439,248605,1258265,64797371,322167,926371,9727,85160,237007,45670,39490,186216,50791,924820,1551,277390,647430,1551,0,18,9709,8,10,9709,0,20006563,44790808,4977482,15029081,16572799,28218009,n11268,false,0.7928709557564155,0.7980382465957513,0,3901,false,506,13,0.34331308617134126,0.959263910709698,null
14851574,66055636,603926,13562456,685192,310195,293731,10139459,0,334148,351044,98268,211927,1468700,2248028,4076029,0,107144,227004,102439,248605,1258265,64797371,322167,926371,9727,85160,237007,45670,39490,186216,50791,924820,1551,277390,647430,1551,0,18,9709,8,10,9709,0,20006563,44790808,4977482,15029081,16572799,28218009,n11262,false,0.9999992764814385,0.25069498835773646,0,6271,false,502,7,0.9906678888527469,0.7084094809840191,null
14851574,66055636,603926,13562456,685192,310195,293731,10139459,0,334148,351044,98268,211927,1468700,2248028,4076029,0,107144,227004,102439,248605,1258265,64797371,322167,926371,9727,85160,237007,45670,39490,186216,50791,924820,1551,277390,647430,1551,0,18,9709,8,10,9709,0,20006563,44790808,4977482,15029081,16572799,28218009,n6127,true,0.6705826134392981,0.11876374590836525,10,5569,false,502,5,0.5536948163900014,0.5364090644940065,null
14851574,66055636,603926,13562456,685192,310195,293731,10139459,0,334148,351044,98268,211927,1468700,2248028,4076029,0,107144,227004,102439,248605,1258265,64797371,322167,926371,9727,85160,237007,45670,39490,186216,50791,924820,1551,277390,647430,1551,0,18,9709,8,10,9709,0,20006563,44790808,4977482,15029081,16572799,28218009,n32382,false,0.9383768270748077,0.7290096212797127,0,4450,false,503,8,0.5408218898056494,0.6235153895601465,null
14851574,66055636,603926,13562456,685192,310195,293731,10139459,0,334148,351044,98268,211927,1468700,2248028,4076029,0,107144,227004,102439,248605,1258265,64797371,322167,926371,9727,85160,237007,45670,39490,186216,50791,924820,1551,277390,647430,1551,0,18,9709,8,10,9709,0,20006563,44790808,4977482,15029081,16572799,28218009,n17985,true,0.619622437439656,0.49295553250370494,8,3975,false,502,5,0.6910642015393957,0.4073158426829914,null
14851574,66055636,603926,13562456,685192,310195,293731,10139459,0,334148,351044,98268,211927,1468700,2248028,4076029,0,107144,227004,102439,248605,1258265,64797371,322167,926371,9727,85160,237007,45670,39490,186216,50791,924820,1551,277390,647430,1551,0,18,9709,8,10,9709,0,20006563,44790808,4977482,15029081,16572799,28218009,n15428,true,0.1725771756444195,0.72188507926294,11,1845,false,504,9,0.866803640035512,0.6325220559714606,null
14851574,66055636,603926,13562456,685192,310195,293731,10139459,0,334148,351044,98268,211927,1468700,2248028,4076029,0,107144,227004,102439,248605,1258265,64797371,322167,926371,9727,85160,237007,45670,39490,186216,50791,924820,1551,277390,647430,1551,0,18,9709,8,10,9709,0,20006563,44790808,4977482,15029081,16572799,28218009,n11328,false,0.9177297502531545,0.8263402381139487,0,747,false,503,9,0.5860571978202865,0.8861683535389577,null
14851574,66055636,603926,13562456,685192,310195,293731,10139459,0,334148,351044,98268,211927,1468700,2248028,4076029,0,107144,227004,102439,248605,1258265,64797371,322167,926371,9727,85160,237007,45670,39490,186216,50791,924820,1551,277390,647430,1551,0,18,9709,8,10,9709,0,20006563,44790808,4977482,15029081,16572799,28218009,n36815,false,0.08183649569603786,0.6243803966963882,0,2059,false,505,11,0.5350714622078656,0.9513246721535338,null
14851574,66055636,603926,13562456,685192,310195,293731,10139459,0,334148,351044,98268,211927,1468700,2248028,4076029,0,107144,227004,102439,248605,1258265,64797371,322167,926371,9727,85160,237007,45670,39490,186216,50791,924820,1551,277390,647430,1551,0,18,9709,8,10,9709,0,20006563,44790808,4977482,15029081,16572799,28218009,n11324,true,0.16089487641141495,0.4118716898563058,8,2246,false,502,7,0.35236768744218594,0.7374414917624228,null
14851574,66055636,603926,13562456,685192,310195,293731,10139459,0,334148,351044,98268,211927,1468700,2248028,4076029,0,107144,227004,102439,248605,1258265,64797371,322167,926371,9727,85160,237007,45670,39490,186216,50791,924820,1551,277390,647430,1551,0,18,9709,8,10,9709,0,20006563,44790808,4977482,15029081,16572799,28218009,n21017,false,0.9118134536255981,0.7634008178480395,0,5510,false,502,6,0.8241429574644332,0.8193043830006865,null
14851574,66055636,603926,13562456,685192,310195,293731,10139459,0,334148,351044,98268,211927,1468700,2248028,4076029,0,107144,227004,102439,248605,1258265,64797371,322167,926371,9727,85160,237007,45670,39490,186216,50791,924820,1551,277390,647430,1551,0,18,9709,8,10,9709,0,20006563,44790808,4977482,15029081,16572799,28218009,n11333,false,0.9999962156740912,0.2932489453088548,0,673,false,504,10,0.4610901782658405,0.5694215820537372,null
14851574,66055636,603926,13562456,685192,310195,293731,10139459,0,334148,351044,98268,211927,1468700,2248028,4076029,0,107144,227004,102439,248605,1258265,64797371,322167,926371,9727,85160,237007,45670,39490,186216,50791,924820,1551,277390,647430,1551,0,18,9709,8,10,9709,0,20006563,44790808,4977482,15029081,16572799,28218009,n36831,false,0.8866367422115908,0.9328064677367255,0,1280,false,504,9,0.6204682339645615,0.6705381436745056,null
14851574,66055636,603926,13562456,685192,310195,293731,10139459,0,334148,351044,98268,211927,1468700,2248028,4076029,0,107144,227004,102439,248605,1258265,64797371,322167,926371,9727,85160,237007,45670,39490,186216,50791,924820,1551,277390,647430,1551,0,18,9709,8,10,9709,0,20006563,44790808,4977482,15029081,16572799,28218009,n11341,false,0.6018948965197465,0.044027895523540916,0,1949,false,504,9,0.5577067568449605,0.5286286506115077,null
14851574,66055636,603926,13562456,685192,310195,293731,10139459,0,334148,351044,98268,211927,1468700,2248028,4076029,0,107144,227004,102439,248605,1258265,64797371,322167,926371,9727,85160,237007,45670,39490,186216,50791,924820,1551,277390,647430,1551,0,18,9709,8,10,9709,0,20006563,44790808,4977482,15029081,16572799,28218009,n6102,true,0.4654973282254439,0.24404912431205666,9,199,false,502,7,0.44568765469543054,0.6088206093226263,null
14851574,66055636,603926,13562456,685192,310195,293731,10139459,0,334148,351044,98268,211927,1468700,2248028,4076029,0,107144,227004,102439,248605,1258265,64797371,322167,926371,9727,85160,237007,45670,39490,186216,50791,924820,1551,277390,647430,1551,0,18,9709,8,10,9709,0,20006563,44790808,4977482,15029081,16572799,28218009,n11353,false,0.9999965441780967,0.4703269198205292,0,28998,false,500,1,0.9261708926818589,0.6007370504589052,null
14851574,66055636,603926,13562456,685192,310195,293731,10139459,0,334148,351044,98268,211927,1468700,2248028,4076029,0,107144,227004,102439,248605,1258265,64797371,322167,926371,9727,85160,237007,45670,39490,186216,50791,924820,1551,277390,647430,1551,0,18,9709,8,10,9709,0,20006563,44790808,4977482,15029081,16572799,28218009,n3611,false,0.5811059792258909,0.06757512159093626,0,18410,false,500,2,0.7708592753138535,0.9107550231328346,null
14851574,66055636,603926,13562456,685192,310195,293731,10139459,0,334148,351044,98268,211927,1468700,2248028,4076029,0,107144,227004,102439,248605,1258265,64797371,322167,926371,9727,85160,237007,45670,39490,186216,50791,924820,1551,277390,647430,1551,0,18,9709,8,10,9709,0,20006563,44790808,4977482,15029081,16572799,28218009,n3605,false,0.25951214748671825,0.06044432442484704,0,27155,false,501,2,0.6070762344080433,0.7275302834877082,null
14851574,66055636,603926,13562456,685192,310195,293731,10139459,0,334148,351044,98268,211927,1468700,2248028,4076029,0,107144,227004,102439,248605,1258265,64797371,322167,926371,9727,85160,237007,45670,39490,186216,50791,924820,1551,277390,647430,1551,0,18,9709,8,10,9709,0,20006563,44790808,4977482,15029081,16572799,28218009,n3601,false,0.4809020435507467,0.11729910150596112,0,15917,false,500,2,0.19932453506980063,0.9578985120018324,null
14851574,66055636,603926,13562456,685192,310195,293731,10139459,0,334148,351044,98268,211927,1468700,2248028,4076029,0,107144,227004,102439,248605,1258265,64797371,322167,926371,9727,85160,237007,45670,39490,186216,50791,924820,1551,277390,647430,1551,0,18,9709,8,10,9709,0,20006563,44790808,4977482,15029081,16572799,28218009,n11308,false,0.7935762853159684,0.1212189895280773,0,7434,false,503,7,0.9951937232734034,0.0528005948544924,null
14851574,66055636,603926,13562456,685192,310195,293731,10139459,0,334148,351044,98268,211927,1468700,2248028,4076029,0,107144,227004,102439,248605,1258265,64797371,322167,926371,9727,85160,237007,45670,39490,186216,50791,924820,1551,277390,647430,1551,0,18,9709,8,10,9709,0,20006563,44790808,4977482,15029081,16572799,28218009,n11307,false,0.28725803545828626,0.13381982936258063,0,4213,false,504,10,0.9429769295382153,0.7430433332145927,null
14851574,66055636,603926,13562456,685192,310195,293731,10139459,0,334148,351044,98268,211927,1468700,2248028,4076029,0,107144,227004,102439,248605,1258265,64797371,322167,926371,9727,85160,237007,45670,39490,186216,50791,924820,1551,277390,647430,1551,0,18,9709,8,10,9709,0,20006563,44790808,4977482,15029081,16572799,28218009,n11312,false,0.999998627830305,0.22393007496783035,0,5706,false,503,7,0.7315446189280366,0.9540034996260588,null
14851574,66055636,603926,13562456,685192,310195,293731,10139459,0,334148,351044,98268,211927,1468700,2248028,4076029,0,107144,227004,102439,248605,1258265,64797371,322167,926371,9727,85160,237007,45670,39490,186216,50791,924820,1551,277390,647430,1551,0,18,9709,8,10,9709,0,20006563,44790808,4977482,15029081,16572799,28218009,n57188,false,0.6065100475634003,0.7483268070617669,0,2238,false,506,12,0.4584845488420137,0.621103069850417,null
14851574,66055636,603926,13562456,685192,310195,293731,10139459,0,334148,351044,98268,211927,1468700,2248028,4076029,0,107144,227004,102439,248605,1258265,64797371,322167,926371,9727,85160,237007,45670,39490,186216,50791,924820,1551,277390,647430,1551,0,18,9709,8,10,9709,0,20006563,44790808,4977482,15029081,16572799,28218009,n14810,true,0.9323436835033321,0.4488844919446271,13,10704,false,0,1,0.5241879937573284,0.6222401187869319,null
14851574,66055636,603926,13562456,685192,310195,293731,10139459,0,334148,351044,98268,211927,1468700,2248028,4076029,0,107144,227004,102439,248605,1258265,64797371,322167,926371,9727,85160,237007,45670,39490,186216,50791,924820,1551,277390,647430,1551,0,18,9709,8,10,9709,0,20006563,44790808,4977482,15029081,16572799,28218009,n5020,false,0.999996988929449,0.8284100059925418,0,1520,false,503,7,0.5124305060110397,0.0317322233391214,null
14851574,66055636,603926,13562456,685192,310195,293731,10139459,0,334148,351044,98268,211927,1468700,2248028,4076029,0,107144,227004,102439,248605,1258265,64797371,322167,926371,9727,85160,237007,45670,39490,186216,50791,924820,1551,277390,647430,1551,0,18,9709,8,10,9709,0,20006563,44790808,4977482,15029081,16572799,28218009,n5025,true,0.9427443644628553,0.7976895040543917,11,28999,false,0,0,0.8451219172506154,0.12392578178912916,null
14851574,66055636,603926,13562456,685192,310195,293731,10139459,0,334148,351044,98268,211927,1468700,2248028,4076029,0,107144,227004,102439,248605,1258265,64797371,322167,926371,9727,85160,237007,45670,39490,186216,50791,924820,1551,277390,647430,1551,0,18,9709,8,10,9709,0,20006563,44790808,4977482,15029081,16572799,28218009,n16959,false,0.0022497050379677312,0.47544145638993185,0,17862,false,503,7,0.7971158473650818,0.018919459850050613,null
14851574,66055636,603926,13562456,685192,310195,293731,10139459,0,334148,351044,98268,211927,1468700,2248028,4076029,0,107144,227004,102439,248605,1258265,64797371,322167,926371,9727,85160,237007,45670,39490,186216,50791,924820,1551,277390,647430,1551,0,18,9709,8,10,9709,0,20006563,44790808,4977482,15029081,16572799,28218009,n5019,false,0.9999978763119334,0.5433862221701604,0,660,false,504,9,0.719278834714361,0.24420664338176434,null
14851574,66055636,603926,13562456,685192,310195,293731,10139459,0,334148,351044,98268,211927,1468700,2248028,4076029,0,107144,227004,102439,248605,1258265,64797371,322167,926371,9727,85160,237007,45670,39490,186216,50791,924820,1551,277390,647430,1551,0,18,9709,8,10,9709,0,20006563,44790808,4977482,15029081,16572799,28218009,n5018,false,0.2523702207461782,0.32709034952670124,0,4081,false,502,6,0.5495559566009552,0.4190356754535704,null
14851574,66055636,603926,13562456,685192,310195,293731,10139459,0,334148,351044,98268,211927,1468700,2248028,4076029,0,107144,227004,102439,248605,1258265,64797371,322167,926371,9727,85160,237007,45670,39490,186216,50791,924820,1551,277390,647430,1551,0,18,9709,8,10,9709,0,20006563,44790808,4977482,15029081,16572799,28218009,n5016,false,0.26325683105253384,0.989133707590863,0,2018,false,505,11,0.9167795526284743,0.5945482293846767,null
14851574,66055636,603926,13562456,685192,310195,293731,10139459,0,334148,351044,98268,211927,1468700,2248028,4076029,0,107144,227004,102439,248605,1258265,64797371,322167,926371,9727,85160,237007,45670,39490,186216,50791,924820,1551,277390,647430,1551,0,18,9709,8,10,9709,0,20006563,44790808,4977482,15029081,16572799,28218009,n5030,true,0.030403973929017187,0.916583883122137,13,121,false,501,3,0.9461049610679508,0.0710337186748684,null
14851574,66055636,603926,13562456,685192,310195,293731,10139459,0,334148,351044,98268,211927,1468700,2248028,4076029,0,107144,227004,102439,248605,1258265,64797371,322167,926371,9727,85160,237007,45670,39490,186216,50791,924820,1551,277390,647430,1551,0,18,9709,8,10,9709,0,20006563,44790808,4977482,15029081,16572799,28218009,n5031,false,0.3598266461714764,0.7883626997542611,0,5229,false,502,6,0.38531891121397055,0.07502579044254776,null
14851574,66055636,603926,13562456,685192,310195,293731,10139459,0,334148,351044,98268,211927,1468700,2248028,4076029,0,107144,227004,102439,248605,1258265,64797371,322167,926371,9727,85160,237007,45670,39490,186216,50791,924820,1551,277390,647430,1551,0,18,9709,8,10,9709,0,20006563,44790808,4977482,15029081,16572799,28218009,n5034,false,0.8182821617616337,0.2898493703955039,0,19014,false,502,8,0.2526618590411004,0.015713936580466048,null
14851574,66055636,603926,13562456,685192,310195,293731,10139459,0,334148,351044,98268,211927,1468700,2248028,4076029,0,107144,227004,102439,248605,1258265,64797371,322167,926371,9727,85160,237007,45670,39490,186216,50791,924820,1551,277390,647430,1551,0,18,9709,8,10,9709,0,20006563,44790808,4977482,15029081,16572799,28218009,n5035,false,0.9999979754338731,0.9729665980107568,0,4702,false,502,5,0.9641717277549529,0.3939405980582557,null
14851574,66055636,603926,13562456,685192,310195,293731,10139459,0,334148,351044,98268,211927,1468700,2248028,4076029,0,107144,227004,102439,248605,1258265,64797371,322167,926371,9727,85160,237007,45670,39490,186216,50791,924820,1551,277390,647430,1551,0,18,9709,8,10,9709,0,20006563,44790808,4977482,15029081,16572799,28218009,n17918,false,0.3070022517963487,0.9137103829931479,0,6318,false,502,4,0.8488378935431348,0.7930308691309874,null
14851574,66055636,603926,13562456,685192,310195,293731,10139459,0,334148,351044,98268,211927,1468700,2248028,4076029,0,107144,227004,102439,248605,1258265,64797371,322167,926371,9727,85160,237007,45670,39490,186216,50791,924820,1551,277390,647430,1551,0,18,9709,8,10,9709,0,20006563,44790808,4977482,15029081,16572799,28218009,n16939,false,0.49796903974942935,0.7179580258552546,0,944,false,503,6,0.6351507749826915,0.6544581600518465,null
14851574,66055636,603926,13562456,685192,310195,293731,10139459,0,334148,351044,98268,211927,1468700,2248028,4076029,0,107144,227004,102439,248605,1258265,64797371,322167,926371,9727,85160,237007,45670,39490,186216,50791,924820,1551,277390,647430,1551,0,18,9709,8,10,9709,0,20006563,44790808,4977482,15029081,16572799,28218009,n5041,false,0.4778110683641997,0.3720697192587623,0,5280,false,505,11,0.9894869537143557,0.012458101199527283,null
14851574,66055636,603926,13562456,685192,310195,293731,10139459,0,334148,351044,98268,211927,1468700,2248028,4076029,0,107144,227004,102439,248605,1258265,64797371,322167,926371,9727,85160,237007,45670,39490,186216,50791,924820,1551,277390,647430,1551,0,18,9709,8,10,9709,0,20006563,44790808,4977482,15029081,16572799,28218009,n30939,true,0.05464930872869009,0.8586610827041796,12,14200,false,501,4,0.03389107926189727,0.8897877235613789,null
14851574,66055636,603926,13562456,685192,310195,293731,10139459,0,334148,351044,98268,211927,1468700,2248028,4076029,0,107144,227004,102439,248605,1258265,64797371,322167,926371,9727,85160,237007,45670,39490,186216,50791,924820,1551,277390,647430,1551,0,18,9709,8,10,9709,0,20006563,44790808,4977482,15029081,16572799,28218009,n5039,false,0.9999998385930616,0.1286022904152776,0,12501,false,502,4,0.6207797521765033,0.3939892311185131,null
14851574,66055636,603926,13562456,685192,310195,293731,10139459,0,334148,351044,98268,211927,1468700,2248028,4076029,0,107144,227004,102439,248605,1258265,64797371,322167,926371,9727,85160,237007,45670,39490,186216,50791,924820,1551,277390,647430,1551,0,18,9709,8,10,9709,0,20006563,44790808,4977482,15029081,16572799,28218009,n14801,true,0.7474486131514437,0.6250291249751059,1,28999,false,0,0,0.728888025319167,0.31960058157437843,null
14851574,66055636,603926,13562456,685192,310195,293731,10139459,0,334148,351044,98268,211927,1468700,2248028,4076029,0,107144,227004,102439,248605,1258265,64797371,322167,926371,9727,85160,237007,45670,39490,186216,50791,924820,1551,277390,647430,1551,0,18,9709,8,10,9709,0,20006563,44790808,4977482,15029081,16572799,28218009,n14800,false,0.344360086444088,0.17413404953281042,0,7090,false,503,7,0.9233584003019586,0.7681203712792155,null
14851574,66055636,603926,13562456,685192,310195,293731,10139459,0,334148,351044,98268,211927,1468700,2248028,4076029,0,107144,227004,102439,248605,1258265,64797371,322167,926371,9727,85160,237007,45670,39490,186216,50791,924820,1551,277390,647430,1551,0,18,9709,8,10,9709,0,20006563,44790808,4977482,15029081,16572799,28218009,n5050,false,0.1626525459591095,0.1270378602727681,0,1295,false,503,7,0.7585055861885405,0.6384330080542865,null
14851574,66055636,603926,13562456,685192,310195,293731,10139459,0,334148,351044,98268,211927,1468700,2248028,4076029,0,107144,227004,102439,248605,1258265,64797371,322167,926371,9727,85160,237007,45670,39490,186216,50791,924820,1551,277390,647430,1551,0,18,9709,8,10,9709,0,20006563,44790808,4977482,15029081,16572799,28218009,n16944,false,0.27852331995384616,0.5847267172569702,0,10678,false,501,3,0.6395041793751066,0.39120483770381825,null
14851574,66055636,603926,13562456,685192,310195,293731,10139459,0,334148,351044,98268,211927,1468700,2248028,4076029,0,107144,227004,102439,248605,1258265,64797371,322167,926371,9727,85160,237007,45670,39490,186216,50791,924820,1551,277390,647430,1551,0,18,9709,8,10,9709,0,20006563,44790808,4977482,15029081,16572799,28218009,n5057,true,0.7992787298009832,0.6219588880595188,13,28999,false,0,0,0.5774855690498498,0.18079131105562318,null
14851574,66055636,603926,13562456,685192,310195,293731,10139459,0,334148,351044,98268,211927,1468700,2248028,4076029,0,107144,227004,102439,248605,1258265,64797371,322167,926371,9727,85160,237007,45670,39490,186216,50791,924820,1551,277390,647430,1551,0,18,9709,8,10,9709,0,20006563,44790808,4977482,15029081,16572799,28218009,n5058,false,0.3799800394987389,0.14092694735640765,0,5232,false,504,11,0.16100046982959226,0.11487915801838633,null
14851574,66055636,603926,13562456,685192,310195,293731,10139459,0,334148,351044,98268,211927,1468700,2248028,4076029,0,107144,227004,102439,248605,1258265,64797371,322167,926371,9727,85160,237007,45670,39490,186216,50791,924820,1551,277390,647430,1551,0,18,9709,8,10,9709,0,20006563,44790808,4977482,15029081,16572799,28218009,n5053,true,0.18457056784233183,0.4691383443589659,10,22315,false,500,1,0.8324088238369619,0.8970519336736147,null
14851574,66055636,603926,13562456,685192,310195,293731,10139459,0,334148,351044,98268,211927,1468700,2248028,4076029,0,107144,227004,102439,248605,1258265,64797371,322167,926371,9727,85160,237007,45670,39490,186216,50791,924820,1551,277390,647430,1551,0,18,9709,8,10,9709,0,20006563,44790808,4977482,15029081,16572799,28218009,n5049,false,0.7045472787131996,0.723360587515252,0,1237,false,500,1,0.7465677558006736,0.139242779305497,null
14851574,66055636,603926,13562456,685192,310195,293731,10139459,0,334148,351044,98268,211927,1468700,2248028,4076029,0,107144,227004,102439,248605,1258265,64797371,322167,926371,9727,85160,237007,45670,39490,186216,50791,924820,1551,277390,647430,1551,0,18,9709,8,10,9709,0,20006563,44790808,4977482,15029081,16572799,28218009,n17938,false,0.6744955568526316,0.7072760010948279,0,14964,false,504,8,0.9377754616347319,0.1425240713358743,null
14851574,66055636,603926,13562456,685192,310195,293731,10139459,0,334148,351044,98268,211927,1468700,2248028,4076029,0,107144,227004,102439,248605,1258265,64797371,322167,926371,9727,85160,237007,45670,39490,186216,50791,924820,1551,277390,647430,1551,0,18,9709,8,10,9709,0,20006563,44790808,4977482,15029081,16572799,28218009,n5065,false,0.936765251801575,0.789589453099085,0,12197,false,502,5,0.7747142953325763,0.5565407346212492,null
14851574,66055636,603926,13562456,685192,310195,293731,10139459,0,334148,351044,98268,211927,1468700,2248028,4076029,0,107144,227004,102439,248605,1258265,64797371,322167,926371,9727,85160,237007,45670,39490,186216,50791,924820,1551,277390,647430,1551,0,18,9709,8,10,9709,0,20006563,44790808,4977482,15029081,16572799,28218009,n5064,false,0.5066749269572854,0.04857264547066786,0,28999,false,0,0,0.6498304765536611,0.3170488088590687,null
14851574,66055636,603926,13562456,685192,310195,293731,10139459,0,334148,351044,98268,211927,1468700,2248028,4076029,0,107144,227004,102439,248605,1258265,64797371,322167,926371,9727,85160,237007,45670,39490,186216,50791,924820,1551,277390,647430,1551,0,18,9709,8,10,9709,0,20006563,44790808,4977482,15029081,16572799,28218009,n5063,false,0.1961170209010502,0.8573653532599769,0,7003,false,501,3,0.7238652159970204,0.7438229442972981,null
14851574,66055636,603926,13562456,685192,310195,293731,10139459,0,334148,351044,98268,211927,1468700,2248028,4076029,0,107144,227004,102439,248605,1258265,64797371,322167,926371,9727,85160,237007,45670,39490,186216,50791,924820,1551,277390,647430,1551,0,18,9709,8,10,9709,0,20006563,44790808,4977482,15029081,16572799,28218009,n5062,false,0.4086067531258876,0.7741594314682846,0,2041,false,505,12,0.9738808558755506,0.7373107298743337,null
14851574,66055636,603926,13562456,685192,310195,293731,10139459,0,334148,351044,98268,211927,1468700,2248028,4076029,0,107144,227004,102439,248605,1258265,64797371,322167,926371,9727,85160,237007,45670,39490,186216,50791,924820,1551,277390,647430,1551,0,18,9709,8,10,9709,0,20006563,44790808,4977482,15029081,16572799,28218009,n17945,false,0.5378794642531007,0.22052779774513764,0,15219,false,502,5,0.6351670312373995,0.4187058497637363,null
14851574,66055636,603926,13562456,685192,310195,293731,10139459,0,334148,351044,98268,211927,1468700,2248028,4076029,0,107144,227004,102439,248605,1258265,64797371,322167,926371,9727,85160,237007,45670,39490,186216,50791,924820,1551,277390,647430,1551,0,18,9709,8,10,9709,0,20006563,44790808,4977482,15029081,16572799,28218009,n5076,false,0.2361826157913143,0.7689107425353108,0,5677,false,504,10,0.6895264782625873,0.8397204462678065,null
14851574,66055636,603926,13562456,685192,310195,293731,10139459,0,334148,351044,98268,211927,1468700,2248028,4076029,0,107144,227004,102439,248605,1258265,64797371,322167,926371,9727,85160,237007,45670,39490,186216,50791,924820,1551,277390,647430,1551,0,18,9709,8,10,9709,0,20006563,44790808,4977482,15029081,16572799,28218009,n5079,false,0.8564004737736901,0.9329176712900102,0,17017,false,501,6,0.6126900484869657,0.4592622127059814,null
14851574,66055636,603926,13562456,685192,310195,293731,10139459,0,334148,351044,98268,211927,1468700,2248028,4076029,0,107144,227004,102439,248605,1258265,64797371,322167,926371,9727,85160,237007,45670,39490,186216,50791,924820,1551,277390,647430,1551,0,18,9709,8,10,9709,0,20006563,44790808,4977482,15029081,16572799,28218009,n5072,false,0.93785736689731,0.3971692215539026,0,699,false,503,7,0.3646741348586324,0.0368570452684428,null
14851574,66055636,603926,13562456,685192,310195,293731,10139459,0,334148,351044,98268,211927,1468700,2248028,4076029,0,107144,227004,102439,248605,1258265,64797371,322167,926371,9727,85160,237007,45670,39490,186216,50791,924820,1551,277390,647430,1551,0,18,9709,8,10,9709,0,20006563,44790808,4977482,15029081,16572799,28218009,n14834,false,0.9999991808776476,0.1673970783573442,0,10376,false,502,6,0.687966177561972,0.37185988508477524,null
14851574,66055636,603926,13562456,685192,310195,293731,10139459,0,334148,351044,98268,211927,1468700,2248028,4076029,0,107144,227004,102439,248605,1258265,64797371,322167,926371,9727,85160,237007,45670,39490,186216,50791,924820,1551,277390,647430,1551,0,18,9709,8,10,9709,0,20006563,44790808,4977482,15029081,16572799,28218009,n16974,false,0.9999990684171406,0.03972753813372687,0,1803,false,505,11,0.7418801145373298,0.8631394809854477,null
14851574,66055636,603926,13562456,685192,310195,293731,10139459,0,334148,351044,98268,211927,1468700,2248028,4076029,0,107144,227004,102439,248605,1258265,64797371,322167,926371,9727,85160,237007,45670,39490,186216,50791,924820,1551,277390,647430,1551,0,18,9709,8,10,9709,0,20006563,44790808,4977482,15029081,16572799,28218009,n5080,false,0.6855399031200419,0.3521183787994619,0,5785,false,505,10,0.5080444099383992,0.14950723874100713,null
14851574,66055636,603926,13562456,685192,310195,293731,10139459,0,334148,351044,98268,211927,1468700,2248028,4076029,0,107144,227004,102439,248605,1258265,64797371,322167,926371,9727,85160,237007,45670,39490,186216,50791,924820,1551,277390,647430,1551,0,18,9709,8,10,9709,0,20006563,44790808,4977482,15029081,16572799,28218009,n28501,false,0.7821816511854705,0.09950606917499383,0,120,false,503,7,0.7063719503700492,0.9359284643256486,null
14851574,66055636,603926,13562456,685192,310195,293731,10139459,0,334148,351044,98268,211927,1468700,2248028,4076029,0,107144,227004,102439,248605,1258265,64797371,322167,926371,9727,85160,237007,45670,39490,186216,50791,924820,1551,277390,647430,1551,0,18,9709,8,10,9709,0,20006563,44790808,4977482,15029081,16572799,28218009,n14846,false,0.36231024484035834,0.22291848372821998,0,7199,false,502,6,0.6642340746060253,0.9648319730855779,null
14851574,66055636,603926,13562456,685192,310195,293731,10139459,0,334148,351044,98268,211927,1468700,2248028,4076029,0,107144,227004,102439,248605,1258265,64797371,322167,926371,9727,85160,237007,45670,39490,186216,50791,924820,1551,277390,647430,1551,0,18,9709,8,10,9709,0,20006563,44790808,4977482,15029081,16572799,28218009,n5095,true,0.3906967808891318,0.013973180524612827,11,5650,false,502,6,0.605932360722581,0.20185489712356142,null
14851574,66055636,603926,13562456,685192,310195,293731,10139459,0,334148,351044,98268,211927,1468700,2248028,4076029,0,107144,227004,102439,248605,1258265,64797371,322167,926371,9727,85160,237007,45670,39490,186216,50791,924820,1551,277390,647430,1551,0,18,9709,8,10,9709,0,20006563,44790808,4977482,15029081,16572799,28218009,n36804,false,0.1489551136463267,0.42174271028022353,0,6979,false,504,8,0.7007561222337673,0.04762350046521158,null
14851574,66055636,603926,13562456,685192,310195,293731,10139459,0,334148,351044,98268,211927,1468700,2248028,4076029,0,107144,227004,102439,248605,1258265,64797371,322167,926371,9727,85160,237007,45670,39490,186216,50791,924820,1551,277390,647430,1551,0,18,9709,8,10,9709,0,20006563,44790808,4977482,15029081,16572799,28218009,n14842,false,0.3402903356617402,0.5519840785900665,0,4666,false,503,10,0.9219435060226886,0.5711672728398075,null
14851574,66055636,603926,13562456,685192,310195,293731,10139459,0,334148,351044,98268,211927,1468700,2248028,4076029,0,107144,227004,102439,248605,1258265,64797371,322167,926371,9727,85160,237007,45670,39490,186216,50791,924820,1551,277390,647430,1551,0,18,9709,8,10,9709,0,20006563,44790808,4977482,15029081,16572799,28218009,n5090,false,0.7620005959272086,0.9813174502987014,0,12942,false,503,7,0.8811440592128911,0.9503778310027204,null
14851574,66055636,603926,13562456,685192,310195,293731,10139459,0,334148,351044,98268,211927,1468700,2248028,4076029,0,107144,227004,102439,248605,1258265,64797371,322167,926371,9727,85160,237007,45670,39490,186216,50791,924820,1551,277390,647430,1551,0,18,9709,8,10,9709,0,20006563,44790808,4977482,15029081,16572799,28218009,n57101,true,0.0036853613110469207,0.3555279504541885,13,11250,false,9,2,0.8706110100536757,0.8008180147991497,null
14851574,66055636,603926,13562456,685192,310195,293731,10139459,0,334148,351044,98268,211927,1468700,2248028,4076029,0,107144,227004,102439,248605,1258265,64797371,322167,926371,9727,85160,237007,45670,39490,186216,50791,924820,1551,277390,647430,1551,0,18,9709,8,10,9709,0,20006563,44790808,4977482,15029081,16572799,28218009,n20915,false,0.33878907569267924,0.18231108388678308,0,454,false,501,3,0.6253030209455577,0.2738888005411463,null
14851574,66055636,603926,13562456,685192,310195,293731,10139459,0,334148,351044,98268,211927,1468700,2248028,4076029,0,107144,227004,102439,248605,1258265,64797371,322167,926371,9727,85160,237007,45670,39490,186216,50791,924820,1551,277390,647430,1551,0,18,9709,8,10,9709,0,20006563,44790808,4977482,15029081,16572799,28218009,n17289,false,0.0828663481552555,0.9604831470217368,0,4559,false,502,5,0.7240410607708928,0.9522869408742674,null
14851574,66055636,603926,13562456,685192,310195,293731,10139459,0,334148,351044,98268,211927,1468700,2248028,4076029,0,107144,227004,102439,248605,1258265,64797371,322167,926371,9727,85160,237007,45670,39490,186216,50791,924820,1551,277390,647430,1551,0,18,9709,8,10,9709,0,20006563,44790808,4977482,15029081,16572799,28218009,n14285,false,0.9999997635079627,0.9050486675876341,0,12158,false,502,6,0.9313546563833558,0.12496950520062255,null
14851574,66055636,603926,13562456,685192,310195,293731,10139459,0,334148,351044,98268,211927,1468700,2248028,4076029,0,107144,227004,102439,248605,1258265,64797371,322167,926371,9727,85160,237007,45670,39490,186216,50791,924820,1551,277390,647430,1551,0,18,9709,8,10,9709,0,20006563,44790808,4977482,15029081,16572799,28218009,n43496,false,0.09210388422765588,0.015607999647642368,0,816,false,504,9,0.9188282461820899,0.005242256836226145,null
14851574,66055636,603926,13562456,685192,310195,293731,10139459,0,334148,351044,98268,211927,1468700,2248028,4076029,0,107144,227004,102439,248605,1258265,64797371,322167,926371,9727,85160,237007,45670,39490,186216,50791,924820,1551,277390,647430,1551,0,18,9709,8,10,9709,0,20006563,44790808,4977482,15029081,16572799,28218009,n6468,true,0.8770244672330054,0.001673069160723073,12,28999,false,0,0,0.49260742734172724,0.845027785778561,null
14851574,66055636,603926,13562456,685192,310195,293731,10139459,0,334148,351044,98268,211927,1468700,2248028,4076029,0,107144,227004,102439,248605,1258265,64797371,322167,926371,9727,85160,237007,45670,39490,186216,50791,924820,1551,277390,647430,1551,0,18,9709,8,10,9709,0,20006563,44790808,4977482,15029081,16572799,28218009,n36692,false,0.9999982199352645,0.07525428841612791,0,14964,false,506,13,0.880031816781715,0.8949844174779535,null
14851574,66055636,603926,13562456,685192,310195,293731,10139459,0,334148,351044,98268,211927,1468700,2248028,4076029,0,107144,227004,102439,248605,1258265,64797371,322167,926371,9727,85160,237007,45670,39490,186216,50791,924820,1551,277390,647430,1551,0,18,9709,8,10,9709,0,20006563,44790808,4977482,15029081,16572799,28218009,n22926,false,0.6294499926651194,0.013902353786378496,0,3130,false,503,7,0.624206327086215,0.15618044265298658,null
14851574,66055636,603926,13562456,685192,310195,293731,10139459,0,334148,351044,98268,211927,1468700,2248028,4076029,0,107144,227004,102439,248605,1258265,64797371,322167,926371,9727,85160,237007,45670,39490,186216,50791,924820,1551,277390,647430,1551,0,18,9709,8,10,9709,0,20006563,44790808,4977482,15029081,16572799,28218009,n6476,false,0.9490704645997786,0.23936185709263674,0,9892,false,503,8,0.48003842903111726,0.926564500988978,null
14851574,66055636,603926,13562456,685192,310195,293731,10139459,0,334148,351044,98268,211927,1468700,2248028,4076029,0,107144,227004,102439,248605,1258265,64797371,322167,926371,9727,85160,237007,45670,39490,186216,50791,924820,1551,277390,647430,1551,0,18,9709,8,10,9709,0,20006563,44790808,4977482,15029081,16572799,28218009,n6489,false,0.27741895174494846,0.09347129223870998,0,6131,false,501,3,0.4498240765496308,0.9680310279938144,null
14851574,66055636,603926,13562456,685192,310195,293731,10139459,0,334148,351044,98268,211927,1468700,2248028,4076029,0,107144,227004,102439,248605,1258265,64797371,322167,926371,9727,85160,237007,45670,39490,186216,50791,924820,1551,277390,647430,1551,0,18,9709,8,10,9709,0,20006563,44790808,4977482,15029081,16572799,28218009,n41023,true,0.6343036424962107,0.5737842441803219,6,28999,false,0,0,0.8427394612916478,0.8556927997234975,null
14851574,66055636,603926,13562456,685192,310195,293731,10139459,0,334148,351044,98268,211927,1468700,2248028,4076029,0,107144,227004,102439,248605,1258265,64797371,322167,926371,9727,85160,237007,45670,39490,186216,50791,924820,1551,277390,647430,1551,0,18,9709,8,10,9709,0,20006563,44790808,4977482,15029081,16572799,28218009,n13109,true,0.22160643798967694,0.1970304481432168,11,28999,false,0,0,0.5224281857684699,0.32679031758321514,null
14851574,66055636,603926,13562456,685192,310195,293731,10139459,0,334148,351044,98268,211927,1468700,2248028,4076029,0,107144,227004,102439,248605,1258265,64797371,322167,926371,9727,85160,237007,45670,39490,186216,50791,924820,1551,277390,647430,1551,0,18,9709,8,10,9709,0,20006563,44790808,4977482,15029081,16572799,28218009,n9303,false,0.3248749160181372,0.5831835562884354,0,6941,false,505,12,0.39096423800903024,0.6473154075165416,null
14851574,66055636,603926,13562456,685192,310195,293731,10139459,0,334148,351044,98268,211927,1468700,2248028,4076029,0,107144,227004,102439,248605,1258265,64797371,322167,926371,9727,85160,237007,45670,39490,186216,50791,924820,1551,277390,647430,1551,0,18,9709,8,10,9709,0,20006563,44790808,4977482,15029081,16572799,28218009,n29953,false,0.14249899118588408,0.7759997917936753,0,3381,false,501,2,0.7185646195090568,0.21569486870013088,null
14851574,66055636,603926,13562456,685192,310195,293731,10139459,0,334148,351044,98268,211927,1468700,2248028,4076029,0,107144,227004,102439,248605,1258265,64797371,322167,926371,9727,85160,237007,45670,39490,186216,50791,924820,1551,277390,647430,1551,0,18,9709,8,10,9709,0,20006563,44790808,4977482,15029081,16572799,28218009,n9316,false,0.06639020847609821,0.3559335641994061,0,8286,false,502,5,0.7144532111643083,0.5958173241175553,null
14851574,66055636,603926,13562456,685192,310195,293731,10139459,0,334148,351044,98268,211927,1468700,2248028,4076029,0,107144,227004,102439,248605,1258265,64797371,322167,926371,9727,85160,237007,45670,39490,186216,50791,924820,1551,277390,647430,1551,0,18,9709,8,10,9709,0,20006563,44790808,4977482,15029081,16572799,28218009,n14249,false,0.19043071246602095,0.4955792599250615,0,1424,false,504,9,0.8090625088632935,0.6319839111223879,null
14851574,66055636,603926,13562456,685192,310195,293731,10139459,0,334148,351044,98268,211927,1468700,2248028,4076029,0,107144,227004,102439,248605,1258265,64797371,322167,926371,9727,85160,237007,45670,39490,186216,50791,924820,1551,277390,647430,1551,0,18,9709,8,10,9709,0,20006563,44790808,4977482,15029081,16572799,28218009,n9311,true,0.999989069991035,0.4595653932206281,4,2780,false,500,3,0.4467012060066053,0.37001062529138695,null
14851574,66055636,603926,13562456,685192,310195,293731,10139459,0,334148,351044,98268,211927,1468700,2248028,4076029,0,107144,227004,102439,248605,1258265,64797371,322167,926371,9727,85160,237007,45670,39490,186216,50791,924820,1551,277390,647430,1551,0,18,9709,8,10,9709,0,20006563,44790808,4977482,15029081,16572799,28218009,n36650,false,0.932109941339291,0.9421346203853149,0,11567,false,501,4,0.87615523855291,0.017591488663218025,null
14851574,66055636,603926,13562456,685192,310195,293731,10139459,0,334148,351044,98268,211927,1468700,2248028,4076029,0,107144,227004,102439,248605,1258265,64797371,322167,926371,9727,85160,237007,45670,39490,186216,50791,924820,1551,277390,647430,1551,0,18,9709,8,10,9709,0,20006563,44790808,4977482,15029081,16572799,28218009,n32487,true,0.9749423086787944,0.5415506580388623,11,4567,false,500,2,0.5549041756399021,0.9365736794686691,null
14851574,66055636,603926,13562456,685192,310195,293731,10139459,0,334148,351044,98268,211927,1468700,2248028,4076029,0,107144,227004,102439,248605,1258265,64797371,322167,926371,9727,85160,237007,45670,39490,186216,50791,924820,1551,277390,647430,1551,0,18,9709,8,10,9709,0,20006563,44790808,4977482,15029081,16572799,28218009,n9320,false,0.9999964584629907,0.16654819023856515,0,1177,false,505,11,0.8085796021829107,0.40131897206253075,null
14851574,66055636,603926,13562456,685192,310195,293731,10139459,0,334148,351044,98268,211927,1468700,2248028,4076029,0,107144,227004,102439,248605,1258265,64797371,322167,926371,9727,85160,237007,45670,39490,186216,50791,924820,1551,277390,647430,1551,0,18,9709,8,10,9709,0,20006563,44790808,4977482,15029081,16572799,28218009,n14265,false,0.38089564413008753,0.22753809766025845,0,28999,false,500,0,0.8278282716823563,0.06833204714923002,null
14851574,66055636,603926,13562456,685192,310195,293731,10139459,0,334148,351044,98268,211927,1468700,2248028,4076029,0,107144,227004,102439,248605,1258265,64797371,322167,926371,9727,85160,237007,45670,39490,186216,50791,924820,1551,277390,647430,1551,0,18,9709,8,10,9709,0,20006563,44790808,4977482,15029081,16572799,28218009,n13132,false,0.19565311356801046,0.6633254788905161,0,2695,false,506,13,0.4562945795022384,0.2592225756492317,null
14851574,66055636,603926,13562456,685192,310195,293731,10139459,0,334148,351044,98268,211927,1468700,2248028,4076029,0,107144,227004,102439,248605,1258265,64797371,322167,926371,9727,85160,237007,45670,39490,186216,50791,924820,1551,277390,647430,1551,0,18,9709,8,10,9709,0,20006563,44790808,4977482,15029081,16572799,28218009,n46100,false,0.39893381284446,0.6552120807100823,0,120,true,120,2,0.7401695158259842,0.9053637047310968,null
14851574,66055636,603926,13562456,685192,310195,293731,10139459,0,334148,351044,98268,211927,1468700,2248028,4076029,0,107144,227004,102439,248605,1258265,64797371,322167,926371,9727,85160,237007,45670,39490,186216,50791,924820,1551,277390,647430,1551,0,18,9709,8,10,9709,0,20006563,44790808,4977482,15029081,16572799,28218009,n32470,false,0.9999956146808087,0.035031642639074656,0,1509,false,503,8,0.8628183781750218,0.8711774743606855,null
14851574,66055636,603926,13562456,685192,310195,293731,10139459,0,334148,351044,98268,211927,1468700,2248028,4076029,0,107144,227004,102439,248605,1258265,64797371,322167,926371,9727,85160,237007,45670,39490,186216,50791,924820,1551,277390,647430,1551,0,18,9709,8,10,9709,0,20006563,44790808,4977482,15029081,16572799,28218009,n9344,true,0.5594573088885391,0.6216286244949563,6,28996,false,0,1,0.3537447079303776,0.04507513898292448,null
14851574,66055636,603926,13562456,685192,310195,293731,10139459,0,334148,351044,98268,211927,1468700,2248028,4076029,0,107144,227004,102439,248605,1258265,64797371,322167,926371,9727,85160,237007,45670,39490,186216,50791,924820,1551,277390,647430,1551,0,18,9709,8,10,9709,0,20006563,44790808,4977482,15029081,16572799,28218009,n13143,false,0.1943077129242156,0.08157428174881864,0,24198,false,502,4,0.43395192209024874,0.39776281832095195,null
14851574,66055636,603926,13562456,685192,310195,293731,10139459,0,334148,351044,98268,211927,1468700,2248028,4076029,0,107144,227004,102439,248605,1258265,64797371,322167,926371,9727,85160,237007,45670,39490,186216,50791,924820,1551,277390,647430,1551,0,18,9709,8,10,9709,0,20006563,44790808,4977482,15029081,16572799,28218009,n9351,true,0.07700352528841359,0.7694194582611277,12,28999,false,0,0,0.7166926049083561,0.42166948656020126,null
14851574,66055636,603926,13562456,685192,310195,293731,10139459,0,334148,351044,98268,211927,1468700,2248028,4076029,0,107144,227004,102439,248605,1258265,64797371,322167,926371,9727,85160,237007,45670,39490,186216,50791,924820,1551,277390,647430,1551,0,18,9709,8,10,9709,0,20006563,44790808,4977482,15029081,16572799,28218009,n41078,false,0.18096462541355404,0.8033087718970479,0,1027,false,503,7,0.7532269288729565,0.001851494035082002,null
14851574,66055636,603926,13562456,685192,310195,293731,10139459,0,334148,351044,98268,211927,1468700,2248028,4076029,0,107144,227004,102439,248605,1258265,64797371,322167,926371,9727,85160,237007,45670,39490,186216,50791,924820,1551,277390,647430,1551,0,18,9709,8,10,9709,0,20006563,44790808,4977482,15029081,16572799,28218009,n3689,false,0.8591257025752059,0.2360010501640714,0,10695,false,503,6,0.6600474921792139,0.06352830639478879,null
14851574,66055636,603926,13562456,685192,310195,293731,10139459,0,334148,351044,98268,211927,1468700,2248028,4076029,0,107144,227004,102439,248605,1258265,64797371,322167,926371,9727,85160,237007,45670,39490,186216,50791,924820,1551,277390,647430,1551,0,18,9709,8,10,9709,0,20006563,44790808,4977482,15029081,16572799,28218009,n29977,false,0.7602007736163313,0.5207560971208973,0,5726,false,502,5,0.8055977785725539,0.7758237695641541,null
14851574,66055636,603926,13562456,685192,310195,293731,10139459,0,334148,351044,98268,211927,1468700,2248028,4076029,0,107144,227004,102439,248605,1258265,64797371,322167,926371,9727,85160,237007,45670,39490,186216,50791,924820,1551,277390,647430,1551,0,18,9709,8,10,9709,0,20006563,44790808,4977482,15029081,16572799,28218009,n13167,false,0.8331706154131755,0.5393777555384252,0,735,false,506,13,0.11777879021451343,0.008860404444080539,null
14851574,66055636,603926,13562456,685192,310195,293731,10139459,0,334148,351044,98268,211927,1468700,2248028,4076029,0,107144,227004,102439,248605,1258265,64797371,322167,926371,9727,85160,237007,45670,39490,186216,50791,924820,1551,277390,647430,1551,0,18,9709,8,10,9709,0,20006563,44790808,4977482,15029081,16572799,28218009,n9360,false,0.4340371218573999,0.8171718928413033,0,6779,false,501,4,0.10975066042376158,0.7436094360586617,null
14851574,66055636,603926,13562456,685192,310195,293731,10139459,0,334148,351044,98268,211927,1468700,2248028,4076029,0,107144,227004,102439,248605,1258265,64797371,322167,926371,9727,85160,237007,45670,39490,186216,50791,924820,1551,277390,647430,1551,0,18,9709,8,10,9709,0,20006563,44790808,4977482,15029081,16572799,28218009,n9376,false,0.6387801315515869,0.19808028513935017,0,28498,false,500,1,0.9737917125388996,0.17535710731571508,null
14851574,66055636,603926,13562456,685192,310195,293731,10139459,0,334148,351044,98268,211927,1468700,2248028,4076029,0,107144,227004,102439,248605,1258265,64797371,322167,926371,9727,85160,237007,45670,39490,186216,50791,924820,1551,277390,647430,1551,0,18,9709,8,10,9709,0,20006563,44790808,4977482,15029081,16572799,28218009,n14229,false,0.9999969033019789,0.6868812720468187,0,6098,false,502,4,0.2071954444487346,0.4305621726909718,null
14851574,66055636,603926,13562456,685192,310195,293731,10139459,0,334148,351044,98268,211927,1468700,2248028,4076029,0,107144,227004,102439,248605,1258265,64797371,322167,926371,9727,85160,237007,45670,39490,186216,50791,924820,1551,277390,647430,1551,0,18,9709,8,10,9709,0,20006563,44790808,4977482,15029081,16572799,28218009,n13176,false,0.9999984280683809,0.6360593729019705,0,9064,false,504,10,0.537578708218337,0.4063745633424355,null
14851574,66055636,603926,13562456,685192,310195,293731,10139459,0,334148,351044,98268,211927,1468700,2248028,4076029,0,107144,227004,102439,248605,1258265,64797371,322167,926371,9727,85160,237007,45670,39490,186216,50791,924820,1551,277390,647430,1551,0,18,9709,8,10,9709,0,20006563,44790808,4977482,15029081,16572799,28218009,n9380,true,0.7312847105793873,0.906985798972068,13,28999,false,0,0,0.8636571203848752,0.1575160612843557,null
14851574,66055636,603926,13562456,685192,310195,293731,10139459,0,334148,351044,98268,211927,1468700,2248028,4076029,0,107144,227004,102439,248605,1258265,64797371,322167,926371,9727,85160,237007,45670,39490,186216,50791,924820,1551,277390,647430,1551,0,18,9709,8,10,9709,0,20006563,44790808,4977482,15029081,16572799,28218009,n9386,false,0.7199039285807614,0.6211306087997405,0,24901,false,501,3,0.8281264438154057,0.8123598154093458,null
14851574,66055636,603926,13562456,685192,310195,293731,10139459,0,334148,351044,98268,211927,1468700,2248028,4076029,0,107144,227004,102439,248605,1258265,64797371,322167,926371,9727,85160,237007,45670,39490,186216,50791,924820,1551,277390,647430,1551,0,18,9709,8,10,9709,0,20006563,44790808,4977482,15029081,16572799,28218009,n3633,false,0.92513127453879,0.6138247757600215,0,5257,false,505,11,0.8101423409208566,0.4371270709023595,null
14851574,66055636,603926,13562456,685192,310195,293731,10139459,0,334148,351044,98268,211927,1468700,2248028,4076029,0,107144,227004,102439,248605,1258265,64797371,322167,926371,9727,85160,237007,45670,39490,186216,50791,924820,1551,277390,647430,1551,0,18,9709,8,10,9709,0,20006563,44790808,4977482,15029081,16572799,28218009,n9396,false,0.9214130089587669,0.7366090393015353,0,807,false,503,8,0.534600468760655,0.7088185450388818,null
14851574,66055636,603926,13562456,685192,310195,293731,10139459,0,334148,351044,98268,211927,1468700,2248028,4076029,0,107144,227004,102439,248605,1258265,64797371,322167,926371,9727,85160,237007,45670,39490,186216,50791,924820,1551,277390,647430,1551,0,18,9709,8,10,9709,0,20006563,44790808,4977482,15029081,16572799,28218009,n9391,true,0.9999956411322058,0.6025560078003855,6,2524,false,503,7,0.18998206984112898,0.09576663143564546,null
14851574,66055636,603926,13562456,685192,310195,293731,10139459,0,334148,351044,98268,211927,1468700,2248028,4076029,0,107144,227004,102439,248605,1258265,64797371,322167,926371,9727,85160,237007,45670,39490,186216,50791,924820,1551,277390,647430,1551,0,18,9709,8,10,9709,0,20006563,44790808,4977482,15029081,16572799,28218009,n3651,false,0.8080943443896483,0.8948304231339537,0,6773,false,503,7,0.6884633874872557,0.7543069669989932,null
14851574,66055636,603926,13562456,685192,310195,293731,10139459,0,334148,351044,98268,211927,1468700,2248028,4076029,0,107144,227004,102439,248605,1258265,64797371,322167,926371,9727,85160,237007,45670,39490,186216,50791,924820,1551,277390,647430,1551,0,18,9709,8,10,9709,0,20006563,44790808,4977482,15029081,16572799,28218009,n44067,false,0.7526854240105789,0.8738866802726634,0,14452,false,502,4,0.1812322050961711,0.5009878463275819,null
14851574,66055636,603926,13562456,685192,310195,293731,10139459,0,334148,351044,98268,211927,1468700,2248028,4076029,0,107144,227004,102439,248605,1258265,64797371,322167,926371,9727,85160,237007,45670,39490,186216,50791,924820,1551,277390,647430,1551,0,18,9709,8,10,9709,0,20006563,44790808,4977482,15029081,16572799,28218009,n13193,false,0.14543644329698885,0.6588465702512518,0,24760,false,501,3,0.8200281419598311,0.140061316959338,null
14851574,66055636,603926,13562456,685192,310195,293731,10139459,0,334148,351044,98268,211927,1468700,2248028,4076029,0,107144,227004,102439,248605,1258265,64797371,322167,926371,9727,85160,237007,45670,39490,186216,50791,924820,1551,277390,647430,1551,0,18,9709,8,10,9709,0,20006563,44790808,4977482,15029081,16572799,28218009,n13197,false,0.9999959030896572,0.04386115076991681,0,6715,false,503,6,0.6218574135977284,0.639169132695161,null
14851574,66055636,603926,13562456,685192,310195,293731,10139459,0,334148,351044,98268,211927,1468700,2248028,4076029,0,107144,227004,102439,248605,1258265,64797371,322167,926371,9727,85160,237007,45670,39490,186216,50791,924820,1551,277390,647430,1551,0,18,9709,8,10,9709,0,20006563,44790808,4977482,15029081,16572799,28218009,n13190,false,0.8876523366314707,0.6422592640440807,0,155,false,504,9,0.9607108197845918,0.6626353735154458,null
14851574,66055636,603926,13562456,685192,310195,293731,10139459,0,334148,351044,98268,211927,1468700,2248028,4076029,0,107144,227004,102439,248605,1258265,64797371,322167,926371,9727,85160,237007,45670,39490,186216,50791,924820,1551,277390,647430,1551,0,18,9709,8,10,9709,0,20006563,44790808,4977482,15029081,16572799,28218009,n3662,false,0.9787257532247513,0.5127321335373106,0,17881,false,501,4,0.83126737335633,0.5583085651265277,null
14851574,66055636,603926,13562456,685192,310195,293731,10139459,0,334148,351044,98268,211927,1468700,2248028,4076029,0,107144,227004,102439,248605,1258265,64797371,322167,926371,9727,85160,237007,45670,39490,186216,50791,924820,1551,277390,647430,1551,0,18,9709,8,10,9709,0,20006563,44790808,4977482,15029081,16572799,28218009,n3660,false,0.14261961049507849,0.9674392341238145,0,28497,false,500,1,0.7110786643563651,0.035520091092309136,null
14851574,66055636,603926,13562456,685192,310195,293731,10139459,0,334148,351044,98268,211927,1468700,2248028,4076029,0,107144,227004,102439,248605,1258265,64797371,322167,926371,9727,85160,237007,45670,39490,186216,50791,924820,1551,277390,647430,1551,0,18,9709,8,10,9709,0,20006563,44790808,4977482,15029081,16572799,28218009,n3658,false,0.29193353249607923,0.1616608800686491,0,2539,false,500,2,0.7341187765486852,0.30211154775456867,null
14851574,66055636,603926,13562456,685192,310195,293731,10139459,0,334148,351044,98268,211927,1468700,2248028,4076029,0,107144,227004,102439,248605,1258265,64797371,322167,926371,9727,85160,237007,45670,39490,186216,50791,924820,1551,277390,647430,1551,0,18,9709,8,10,9709,0,20006563,44790808,4977482,15029081,16572799,28218009,n3656,false,0.5794030411413411,0.11415218878532629,0,3743,false,505,11,0.8354798698120589,0.5244825646706267,null
14851574,66055636,603926,13562456,685192,310195,293731,10139459,0,334148,351044,98268,211927,1468700,2248028,4076029,0,107144,227004,102439,248605,1258265,64797371,322167,926371,9727,85160,237007,45670,39490,186216,50791,924820,1551,277390,647430,1551,0,18,9709,8,10,9709,0,20006563,44790808,4977482,15029081,16572799,28218009,n3655,false,0.26156544300488027,0.5972195058229572,0,14534,false,501,4,0.9083281434720382,0.9559374880192224,null
14851574,66055636,603926,13562456,685192,310195,293731,10139459,0,334148,351044,98268,211927,1468700,2248028,4076029,0,107144,227004,102439,248605,1258265,64797371,322167,926371,9727,85160,237007,45670,39490,186216,50791,924820,1551,277390,647430,1551,0,18,9709,8,10,9709,0,20006563,44790808,4977482,15029081,16572799,28218009,n3672,true,0.03817822234407145,0.5464102053890929,9,23327,false,0,1,0.5550183224211738,0.27551551547032305,null
14851574,66055636,603926,13562456,685192,310195,293731,10139459,0,334148,351044,98268,211927,1468700,2248028,4076029,0,107144,227004,102439,248605,1258265,64797371,322167,926371,9727,85160,237007,45670,39490,186216,50791,924820,1551,277390,647430,1551,0,18,9709,8,10,9709,0,20006563,44790808,4977482,15029081,16572799,28218009,n3720,false,0.1338953941222296,0.001894034347481921,0,10365,false,501,4,0.9373537739133091,0.10212168080785167,null
14851574,66055636,603926,13562456,685192,310195,293731,10139459,0,334148,351044,98268,211927,1468700,2248028,4076029,0,107144,227004,102439,248605,1258265,64797371,322167,926371,9727,85160,237007,45670,39490,186216,50791,924820,1551,277390,647430,1551,0,18,9709,8,10,9709,0,20006563,44790808,4977482,15029081,16572799,28218009,n3729,true,0.12722958154132957,0.03767772744957698,13,1339,false,501,5,0.09712083540229888,0.702642312178874,null
14851574,66055636,603926,13562456,685192,310195,293731,10139459,0,334148,351044,98268,211927,1468700,2248028,4076029,0,107144,227004,102439,248605,1258265,64797371,322167,926371,9727,85160,237007,45670,39490,186216,50791,924820,1551,277390,647430,1551,0,18,9709,8,10,9709,0,20006563,44790808,4977482,15029081,16572799,28218009,n3728,false,0.9724601143950644,0.6463195047353152,0,4090,false,503,8,0.38126254282589644,0.9020975941376514,null
14851574,66055636,603926,13562456,685192,310195,293731,10139459,0,334148,351044,98268,211927,1468700,2248028,4076029,0,107144,227004,102439,248605,1258265,64797371,322167,926371,9727,85160,237007,45670,39490,186216,50791,924820,1551,277390,647430,1551,0,18,9709,8,10,9709,0,20006563,44790808,4977482,15029081,16572799,28218009,n3726,false,0.19376919325310626,0.4573719174474067,0,1924,false,502,5,0.1897731298938342,0.7031790434607155,null
14851574,66055636,603926,13562456,685192,310195,293731,10139459,0,334148,351044,98268,211927,1468700,2248028,4076029,0,107144,227004,102439,248605,1258265,64797371,322167,926371,9727,85160,237007,45670,39490,186216,50791,924820,1551,277390,647430,1551,0,18,9709,8,10,9709,0,20006563,44790808,4977482,15029081,16572799,28218009,n3717,false,0.09166622508594875,0.8952685165132193,0,3272,false,503,7,0.8697834002888272,0.46557000921584046,null
14851574,66055636,603926,13562456,685192,310195,293731,10139459,0,334148,351044,98268,211927,1468700,2248028,4076029,0,107144,227004,102439,248605,1258265,64797371,322167,926371,9727,85160,237007,45670,39490,186216,50791,924820,1551,277390,647430,1551,0,18,9709,8,10,9709,0,20006563,44790808,4977482,15029081,16572799,28218009,n3743,true,0.31767839042526114,0.10964418668608722,13,1597,false,17,15,0.46273646899233095,0.27249084146287406,null
14851574,66055636,603926,13562456,685192,310195,293731,10139459,0,334148,351044,98268,211927,1468700,2248028,4076029,0,107144,227004,102439,248605,1258265,64797371,322167,926371,9727,85160,237007,45670,39490,186216,50791,924820,1551,277390,647430,1551,0,18,9709,8,10,9709,0,20006563,44790808,4977482,15029081,16572799,28218009,n3742,false,0.9190372934331399,0.0018116853699347013,0,2292,false,501,4,0.7900652641115391,0.8959938174816343,null
14851574,66055636,603926,13562456,685192,310195,293731,10139459,0,334148,351044,98268,211927,1468700,2248028,4076029,0,107144,227004,102439,248605,1258265,64797371,322167,926371,9727,85160,237007,45670,39490,186216,50791,924820,1551,277390,647430,1551,0,18,9709,8,10,9709,0,20006563,44790808,4977482,15029081,16572799,28218009,n3741,false,0.3069512705840074,0.5726085409633618,0,6326,false,502,5,0.366423461273892,0.9380027706173724,null
14851574,66055636,603926,13562456,685192,310195,293731,10139459,0,334148,351044,98268,211927,1468700,2248028,4076029,0,107144,227004,102439,248605,1258265,64797371,322167,926371,9727,85160,237007,45670,39490,186216,50791,924820,1551,277390,647430,1551,0,18,9709,8,10,9709,0,20006563,44790808,4977482,15029081,16572799,28218009,n3750,false,0.6826633842754137,0.15063660646745958,0,1812,false,504,8,0.5320769943702802,0.7017474125959348,null
14851574,66055636,603926,13562456,685192,310195,293731,10139459,0,334148,351044,98268,211927,1468700,2248028,4076029,0,107144,227004,102439,248605,1258265,64797371,322167,926371,9727,85160,237007,45670,39490,186216,50791,924820,1551,277390,647430,1551,0,18,9709,8,10,9709,0,20006563,44790808,4977482,15029081,16572799,28218009,n3730,false,0.9999950102380784,0.5332176055814564,0,8823,false,502,5,0.457490098448955,0.42088262075209026,null
14851574,66055636,603926,13562456,685192,310195,293731,10139459,0,334148,351044,98268,211927,1468700,2248028,4076029,0,107144,227004,102439,248605,1258265,64797371,322167,926371,9727,85160,237007,45670,39490,186216,50791,924820,1551,277390,647430,1551,0,18,9709,8,10,9709,0,20006563,44790808,4977482,15029081,16572799,28218009,n3733,false,0.6717665822959409,0.5518908855930018,0,518,false,502,5,0.7579518823872571,0.21567370657203444,null
14851574,66055636,603926,13562456,685192,310195,293731,10139459,0,334148,351044,98268,211927,1468700,2248028,4076029,0,107144,227004,102439,248605,1258265,64797371,322167,926371,9727,85160,237007,45670,39490,186216,50791,924820,1551,277390,647430,1551,0,18,9709,8,10,9709,0,20006563,44790808,4977482,15029081,16572799,28218009,n3736,false,0.7716503750447263,0.8626189725010756,0,2327,false,503,7,0.10400441311861497,0.4816082717466358,null
14851574,66055636,603926,13562456,685192,310195,293731,10139459,0,334148,351044,98268,211927,1468700,2248028,4076029,0,107144,227004,102439,248605,1258265,64797371,322167,926371,9727,85160,237007,45670,39490,186216,50791,924820,1551,277390,647430,1551,0,18,9709,8,10,9709,0,20006563,44790808,4977482,15029081,16572799,28218009,n3735,false,0.3315829343563325,0.7461630200211468,0,5626,false,500,1,0.6156761936603158,0.947152421905891,null
14851574,66055636,603926,13562456,685192,310195,293731,10139459,0,334148,351044,98268,211927,1468700,2248028,4076029,0,107144,227004,102439,248605,1258265,64797371,322167,926371,9727,85160,237007,45670,39490,186216,50791,924820,1551,277390,647430,1551,0,18,9709,8,10,9709,0,20006563,44790808,4977482,15029081,16572799,28218009,n10596,false,0.5300535390629086,0.27492595171626594,0,1288,false,504,8,0.6752768023829326,0.9864128267580581,null
14851574,66055636,603926,13562456,685192,310195,293731,10139459,0,334148,351044,98268,211927,1468700,2248028,4076029,0,107144,227004,102439,248605,1258265,64797371,322167,926371,9727,85160,237007,45670,39490,186216,50791,924820,1551,277390,647430,1551,0,18,9709,8,10,9709,0,20006563,44790808,4977482,15029081,16572799,28218009,n10589,false,0.6573788813432999,0.18968587964942873,0,27873,false,501,2,0.35028195030910736,0.44819295138169796,null
14851574,66055636,603926,13562456,685192,310195,293731,10139459,0,334148,351044,98268,211927,1468700,2248028,4076029,0,107144,227004,102439,248605,1258265,64797371,322167,926371,9727,85160,237007,45670,39490,186216,50791,924820,1551,277390,647430,1551,0,18,9709,8,10,9709,0,20006563,44790808,4977482,15029081,16572799,28218009,n11633,false,0.2604010293432216,0.5129060558552957,0,14581,false,504,8,0.7881270126853743,0.16588375083458162,null
14851574,66055636,603926,13562456,685192,310195,293731,10139459,0,334148,351044,98268,211927,1468700,2248028,4076029,0,107144,227004,102439,248605,1258265,64797371,322167,926371,9727,85160,237007,45670,39490,186216,50791,924820,1551,277390,647430,1551,0,18,9709,8,10,9709,0,20006563,44790808,4977482,15029081,16572799,28218009,n10584,true,0.18806942011268565,0.21371167176652772,13,8560,false,502,6,0.3374212505205072,0.46547889924228514,null
14851574,66055636,603926,13562456,685192,310195,293731,10139459,0,334148,351044,98268,211927,1468700,2248028,4076029,0,107144,227004,102439,248605,1258265,64797371,322167,926371,9727,85160,237007,45670,39490,186216,50791,924820,1551,277390,647430,1551,0,18,9709,8,10,9709,0,20006563,44790808,4977482,15029081,16572799,28218009,n10582,false,0.2385684697332032,0.46912729773504214,0,1480,false,503,6,0.5223388369505944,0.7096764509046697,null
14851574,66055636,603926,13562456,685192,310195,293731,10139459,0,334148,351044,98268,211927,1468700,2248028,4076029,0,107144,227004,102439,248605,1258265,64797371,322167,926371,9727,85160,237007,45670,39490,186216,50791,924820,1551,277390,647430,1551,0,18,9709,8,10,9709,0,20006563,44790808,4977482,15029081,16572799,28218009,n7994,true,0.6295773638294322,0.9534559036081187,14,5084,false,502,5,0.9095301161910965,0.8943326985334571,null
14851574,66055636,603926,13562456,685192,310195,293731,10139459,0,334148,351044,98268,211927,1468700,2248028,4076029,0,107144,227004,102439,248605,1258265,64797371,322167,926371,9727,85160,237007,45670,39490,186216,50791,924820,1551,277390,647430,1551,0,18,9709,8,10,9709,0,20006563,44790808,4977482,15029081,16572799,28218009,n10583,false,0.851332215108689,0.3972597977610353,0,698,false,501,2,0.49348542717319815,0.20326229390981587,null
14851574,66055636,603926,13562456,685192,310195,293731,10139459,0,334148,351044,98268,211927,1468700,2248028,4076029,0,107144,227004,102439,248605,1258265,64797371,322167,926371,9727,85160,237007,45670,39490,186216,50791,924820,1551,277390,647430,1551,0,18,9709,8,10,9709,0,20006563,44790808,4977482,15029081,16572799,28218009,n7978,false,0.7796593986663042,0.9525421560334426,0,3695,false,505,11,0.4288950473345808,0.03215344323730418,null
14851574,66055636,603926,13562456,685192,310195,293731,10139459,0,334148,351044,98268,211927,1468700,2248028,4076029,0,107144,227004,102439,248605,1258265,64797371,322167,926371,9727,85160,237007,45670,39490,186216,50791,924820,1551,277390,647430,1551,0,18,9709,8,10,9709,0,20006563,44790808,4977482,15029081,16572799,28218009,n10571,true,0.5235207666860778,0.6745493306746277,13,28999,false,0,0,0.25095382369278574,0.964795917882301,null
14851574,66055636,603926,13562456,685192,310195,293731,10139459,0,334148,351044,98268,211927,1468700,2248028,4076029,0,107144,227004,102439,248605,1258265,64797371,322167,926371,9727,85160,237007,45670,39490,186216,50791,924820,1551,277390,647430,1551,0,18,9709,8,10,9709,0,20006563,44790808,4977482,15029081,16572799,28218009,n11624,false,0.7279499993948618,0.781559346520567,0,28998,false,500,1,0.5159096145057567,0.24418965895166655,null
14851574,66055636,603926,13562456,685192,310195,293731,10139459,0,334148,351044,98268,211927,1468700,2248028,4076029,0,107144,227004,102439,248605,1258265,64797371,322167,926371,9727,85160,237007,45670,39490,186216,50791,924820,1551,277390,647430,1551,0,18,9709,8,10,9709,0,20006563,44790808,4977482,15029081,16572799,28218009,n7966,false,0.9739153269705844,0.9702839396311704,0,6657,false,501,3,0.6482865455814029,0.38721739279735,null
14851574,66055636,603926,13562456,685192,310195,293731,10139459,0,334148,351044,98268,211927,1468700,2248028,4076029,0,107144,227004,102439,248605,1258265,64797371,322167,926371,9727,85160,237007,45670,39490,186216,50791,924820,1551,277390,647430,1551,0,18,9709,8,10,9709,0,20006563,44790808,4977482,15029081,16572799,28218009,n7974,false,0.9999960509393959,0.2096665256154529,0,7815,false,503,7,0.7448853930573504,0.9436428661272164,null
14851574,66055636,603926,13562456,685192,310195,293731,10139459,0,334148,351044,98268,211927,1468700,2248028,4076029,0,107144,227004,102439,248605,1258265,64797371,322167,926371,9727,85160,237007,45670,39490,186216,50791,924820,1551,277390,647430,1551,0,18,9709,8,10,9709,0,20006563,44790808,4977482,15029081,16572799,28218009,n7971,true,0.6857790832790325,0.6338910563396437,12,6011,false,500,2,0.7986347306238201,0.09968409786439114,null
14851574,66055636,603926,13562456,685192,310195,293731,10139459,0,334148,351044,98268,211927,1468700,2248028,4076029,0,107144,227004,102439,248605,1258265,64797371,322167,926371,9727,85160,237007,45670,39490,186216,50791,924820,1551,277390,647430,1551,0,18,9709,8,10,9709,0,20006563,44790808,4977482,15029081,16572799,28218009,n10561,true,0.15935204272098547,0.9194533306879715,13,28999,false,0,0,0.6783089124650128,0.4744609359169902,null
14851574,66055636,603926,13562456,685192,310195,293731,10139459,0,334148,351044,98268,211927,1468700,2248028,4076029,0,107144,227004,102439,248605,1258265,64797371,322167,926371,9727,85160,237007,45670,39490,186216,50791,924820,1551,277390,647430,1551,0,18,9709,8,10,9709,0,20006563,44790808,4977482,15029081,16572799,28218009,n11614,false,0.4767257743870431,0.31867142726492975,0,2454,false,502,5,0.423095698341747,0.5638388954969136,null
14851574,66055636,603926,13562456,685192,310195,293731,10139459,0,334148,351044,98268,211927,1468700,2248028,4076029,0,107144,227004,102439,248605,1258265,64797371,322167,926371,9727,85160,237007,45670,39490,186216,50791,924820,1551,277390,647430,1551,0,18,9709,8,10,9709,0,20006563,44790808,4977482,15029081,16572799,28218009,n7955,false,0.23272040818495776,0.1327699952050705,0,12012,false,502,5,0.021916920941099094,0.9180558879914651,null
14851574,66055636,603926,13562456,685192,310195,293731,10139459,0,334148,351044,98268,211927,1468700,2248028,4076029,0,107144,227004,102439,248605,1258265,64797371,322167,926371,9727,85160,237007,45670,39490,186216,50791,924820,1551,277390,647430,1551,0,18,9709,8,10,9709,0,20006563,44790808,4977482,15029081,16572799,28218009,n18751,false,0.22291568683373483,0.13824217691787233,0,15622,false,502,4,0.9582472898210923,0.9908992746323333,null
14851574,66055636,603926,13562456,685192,310195,293731,10139459,0,334148,351044,98268,211927,1468700,2248028,4076029,0,107144,227004,102439,248605,1258265,64797371,322167,926371,9727,85160,237007,45670,39490,186216,50791,924820,1551,277390,647430,1551,0,18,9709,8,10,9709,0,20006563,44790808,4977482,15029081,16572799,28218009,n7962,false,0.4159511159962305,0.6240239466460323,0,21320,false,503,7,0.48896038017927906,0.9357301725268588,null
14851574,66055636,603926,13562456,685192,310195,293731,10139459,0,334148,351044,98268,211927,1468700,2248028,4076029,0,107144,227004,102439,248605,1258265,64797371,322167,926371,9727,85160,237007,45670,39490,186216,50791,924820,1551,277390,647430,1551,0,18,9709,8,10,9709,0,20006563,44790808,4977482,15029081,16572799,28218009,n10548,false,0.3813065432289619,0.38014681417927093,0,5883,false,502,6,0.9235901049367506,0.36886475140608016,null
14851574,66055636,603926,13562456,685192,310195,293731,10139459,0,334148,351044,98268,211927,1468700,2248028,4076029,0,107144,227004,102439,248605,1258265,64797371,322167,926371,9727,85160,237007,45670,39490,186216,50791,924820,1551,277390,647430,1551,0,18,9709,8,10,9709,0,20006563,44790808,4977482,15029081,16572799,28218009,n17212,false,0.9999996969163016,0.0662846108960824,0,3947,false,501,4,0.7345622148698043,0.9349351822171158,null
14851574,66055636,603926,13562456,685192,310195,293731,10139459,0,334148,351044,98268,211927,1468700,2248028,4076029,0,107144,227004,102439,248605,1258265,64797371,322167,926371,9727,85160,237007,45670,39490,186216,50791,924820,1551,277390,647430,1551,0,18,9709,8,10,9709,0,20006563,44790808,4977482,15029081,16572799,28218009,n7942,false,0.35417856532205594,0.38021401286001205,0,1007,false,501,3,0.3878364875871725,0.1378649832149461,null
14851574,66055636,603926,13562456,685192,310195,293731,10139459,0,334148,351044,98268,211927,1468700,2248028,4076029,0,107144,227004,102439,248605,1258265,64797371,322167,926371,9727,85160,237007,45670,39490,186216,50791,924820,1551,277390,647430,1551,0,18,9709,8,10,9709,0,20006563,44790808,4977482,15029081,16572799,28218009,n10537,false,0.4827013950815129,0.5871320601769037,0,7222,false,503,6,0.9316742015351306,0.3226101499278729,null
14851574,66055636,603926,13562456,685192,310195,293731,10139459,0,334148,351044,98268,211927,1468700,2248028,4076029,0,107144,227004,102439,248605,1258265,64797371,322167,926371,9727,85160,237007,45670,39490,186216,50791,924820,1551,277390,647430,1551,0,18,9709,8,10,9709,0,20006563,44790808,4977482,15029081,16572799,28218009,n10531,true,0.8434336474366382,0.6080472678452624,13,28999,false,0,0,0.8428159144787172,0.49601752326945175,null
14851574,66055636,603926,13562456,685192,310195,293731,10139459,0,334148,351044,98268,211927,1468700,2248028,4076029,0,107144,227004,102439,248605,1258265,64797371,322167,926371,9727,85160,237007,45670,39490,186216,50791,924820,1551,277390,647430,1551,0,18,9709,8,10,9709,0,20006563,44790808,4977482,15029081,16572799,28218009,n11661,false,0.9999950161527831,0.9252815540680007,0,88,false,503,8,0.7408115850588107,0.6630109362290207,null
14851574,66055636,603926,13562456,685192,310195,293731,10139459,0,334148,351044,98268,211927,1468700,2248028,4076029,0,107144,227004,102439,248605,1258265,64797371,322167,926371,9727,85160,237007,45670,39490,186216,50791,924820,1551,277390,647430,1551,0,18,9709,8,10,9709,0,20006563,44790808,4977482,15029081,16572799,28218009,n6412,false,0.372248093851047,0.40608633163204116,0,4129,false,502,4,0.558757710445262,0.8958067858895387,null
14851574,66055636,603926,13562456,685192,310195,293731,10139459,0,334148,351044,98268,211927,1468700,2248028,4076029,0,107144,227004,102439,248605,1258265,64797371,322167,926371,9727,85160,237007,45670,39490,186216,50791,924820,1551,277390,647430,1551,0,18,9709,8,10,9709,0,20006563,44790808,4977482,15029081,16572799,28218009,n7936,false,0.06459658271561862,0.7842019202934389,0,14045,false,502,5,0.4071420689609215,0.33560405851162084,null
14851574,66055636,603926,13562456,685192,310195,293731,10139459,0,334148,351044,98268,211927,1468700,2248028,4076029,0,107144,227004,102439,248605,1258265,64797371,322167,926371,9727,85160,237007,45670,39490,186216,50791,924820,1551,277390,647430,1551,0,18,9709,8,10,9709,0,20006563,44790808,4977482,15029081,16572799,28218009,n10513,false,0.3870093451114597,0.8984656253361639,0,808,false,504,8,0.7306760874050716,0.41461497273481945,null
14851574,66055636,603926,13562456,685192,310195,293731,10139459,0,334148,351044,98268,211927,1468700,2248028,4076029,0,107144,227004,102439,248605,1258265,64797371,322167,926371,9727,85160,237007,45670,39490,186216,50791,924820,1551,277390,647430,1551,0,18,9709,8,10,9709,0,20006563,44790808,4977482,15029081,16572799,28218009,n11643,false,0.709149210517426,0.47474984668718123,0,20551,false,502,6,0.5830072404439001,0.28024625586285656,null
14851574,66055636,603926,13562456,685192,310195,293731,10139459,0,334148,351044,98268,211927,1468700,2248028,4076029,0,107144,227004,102439,248605,1258265,64797371,322167,926371,9727,85160,237007,45670,39490,186216,50791,924820,1551,277390,647430,1551,0,18,9709,8,10,9709,0,20006563,44790808,4977482,15029081,16572799,28218009,n10502,false,0.5654479985886414,0.49335650972542255,0,1103,false,504,8,0.4591416108343685,0.10197608382594414,null
14851574,66055636,603926,13562456,685192,310195,293731,10139459,0,334148,351044,98268,211927,1468700,2248028,4076029,0,107144,227004,102439,248605,1258265,64797371,322167,926371,9727,85160,237007,45670,39490,186216,50791,924820,1551,277390,647430,1551,0,18,9709,8,10,9709,0,20006563,44790808,4977482,15029081,16572799,28218009,n22953,false,0.42181172768768754,0.49214781986144274,0,13823,false,502,4,0.8503541646702691,0.6994884923503859,null
14851574,66055636,603926,13562456,685192,310195,293731,10139459,0,334148,351044,98268,211927,1468700,2248028,4076029,0,107144,227004,102439,248605,1258265,64797371,322167,926371,9727,85160,237007,45670,39490,186216,50791,924820,1551,277390,647430,1551,0,18,9709,8,10,9709,0,20006563,44790808,4977482,15029081,16572799,28218009,n6440,false,0.5529621048338117,0.7108880803163851,0,8796,false,502,5,0.565706266729558,0.7056962280395226,null
14851574,66055636,603926,13562456,685192,310195,293731,10139459,0,334148,351044,98268,211927,1468700,2248028,4076029,0,107144,227004,102439,248605,1258265,64797371,322167,926371,9727,85160,237007,45670,39490,186216,50791,924820,1551,277390,647430,1551,0,18,9709,8,10,9709,0,20006563,44790808,4977482,15029081,16572799,28218009,n11699,false,0.898844787838973,0.012042083066260867,0,8376,false,503,7,0.05246403220210383,0.4448017747284646,null
14851574,66055636,603926,13562456,685192,310195,293731,10139459,0,334148,351044,98268,211927,1468700,2248028,4076029,0,107144,227004,102439,248605,1258265,64797371,322167,926371,9727,85160,237007,45670,39490,186216,50791,924820,1551,277390,647430,1551,0,18,9709,8,10,9709,0,20006563,44790808,4977482,15029081,16572799,28218009,n11689,false,0.8370451652530273,0.06365121743431645,0,5886,false,503,7,0.7000515131478757,0.3080156669004532,null
14851574,66055636,603926,13562456,685192,310195,293731,10139459,0,334148,351044,98268,211927,1468700,2248028,4076029,0,107144,227004,102439,248605,1258265,64797371,322167,926371,9727,85160,237007,45670,39490,186216,50791,924820,1551,277390,647430,1551,0,18,9709,8,10,9709,0,20006563,44790808,4977482,15029081,16572799,28218009,n26505,false,0.8822582542214594,0.006348432009034788,0,13017,false,501,5,0.17931025002396217,0.18446480269971255,null
14851574,66055636,603926,13562456,685192,310195,293731,10139459,0,334148,351044,98268,211927,1468700,2248028,4076029,0,107144,227004,102439,248605,1258265,64797371,322167,926371,9727,85160,237007,45670,39490,186216,50791,924820,1551,277390,647430,1551,0,18,9709,8,10,9709,0,20006563,44790808,4977482,15029081,16572799,28218009,n22965,false,0.346848401895953,0.7183905737542168,0,1379,false,506,13,0.4350900625118287,0.7951336195964692,null
14851574,66055636,603926,13562456,685192,310195,293731,10139459,0,334148,351044,98268,211927,1468700,2248028,4076029,0,107144,227004,102439,248605,1258265,64797371,322167,926371,9727,85160,237007,45670,39490,186216,50791,924820,1551,277390,647430,1551,0,18,9709,8,10,9709,0,20006563,44790808,4977482,15029081,16572799,28218009,n11681,false,0.4432596020831367,0.506838307932134,0,28999,false,500,0,0.9478057937775692,0.2935682078350724,null
14851574,66055636,603926,13562456,685192,310195,293731,10139459,0,334148,351044,98268,211927,1468700,2248028,4076029,0,107144,227004,102439,248605,1258265,64797371,322167,926371,9727,85160,237007,45670,39490,186216,50791,924820,1551,277390,647430,1551,0,18,9709,8,10,9709,0,20006563,44790808,4977482,15029081,16572799,28218009,n158,false,0.2521978306363344,0.33352133794052824,0,26713,false,502,5,0.7776789599165581,0.5877771706977051,null
14851574,66055636,603926,13562456,685192,310195,293731,10139459,0,334148,351044,98268,211927,1468700,2248028,4076029,0,107144,227004,102439,248605,1258265,64797371,322167,926371,9727,85160,237007,45670,39490,186216,50791,924820,1551,277390,647430,1551,0,18,9709,8,10,9709,0,20006563,44790808,4977482,15029081,16572799,28218009,n6348,false,0.8515203786561363,0.14085699537959318,0,4774,false,501,4,0.5124766659950865,0.5752862947477037,null
14851574,66055636,603926,13562456,685192,310195,293731,10139459,0,334148,351044,98268,211927,1468700,2248028,4076029,0,107144,227004,102439,248605,1258265,64797371,322167,926371,9727,85160,237007,45670,39490,186216,50791,924820,1551,277390,647430,1551,0,18,9709,8,10,9709,0,20006563,44790808,4977482,15029081,16572799,28218009,n157,false,0.9999959362664438,0.10541492596609425,0,9420,false,502,5,0.6276602586492487,0.09315025296605173,null
14851574,66055636,603926,13562456,685192,310195,293731,10139459,0,334148,351044,98268,211927,1468700,2248028,4076029,0,107144,227004,102439,248605,1258265,64797371,322167,926371,9727,85160,237007,45670,39490,186216,50791,924820,1551,277390,647430,1551,0,18,9709,8,10,9709,0,20006563,44790808,4977482,15029081,16572799,28218009,n155,false,0.9999980017114055,0.49286987975943963,0,8166,false,502,5,0.707670931923729,0.4343689209319346,null
14851574,66055636,603926,13562456,685192,310195,293731,10139459,0,334148,351044,98268,211927,1468700,2248028,4076029,0,107144,227004,102439,248605,1258265,64797371,322167,926371,9727,85160,237007,45670,39490,186216,50791,924820,1551,277390,647430,1551,0,18,9709,8,10,9709,0,20006563,44790808,4977482,15029081,16572799,28218009,n152,false,0.9999973897143225,0.8727686981242008,0,13157,false,502,5,0.6065566538054983,0.3295105600079616,null
14851574,66055636,603926,13562456,685192,310195,293731,10139459,0,334148,351044,98268,211927,1468700,2248028,4076029,0,107144,227004,102439,248605,1258265,64797371,322167,926371,9727,85160,237007,45670,39490,186216,50791,924820,1551,277390,647430,1551,0,18,9709,8,10,9709,0,20006563,44790808,4977482,15029081,16572799,28218009,n6352,true,0.31566720021225186,0.7670690732119597,7,1301,false,500,2,0.40085828462592693,0.7402506506599138,null
14851574,66055636,603926,13562456,685192,310195,293731,10139459,0,334148,351044,98268,211927,1468700,2248028,4076029,0,107144,227004,102439,248605,1258265,64797371,322167,926371,9727,85160,237007,45670,39490,186216,50791,924820,1551,277390,647430,1551,0,18,9709,8,10,9709,0,20006563,44790808,4977482,15029081,16572799,28218009,n150,true,0.11247576741822533,0.5901889694647231,19,4821,false,505,13,0.5708711331258436,0.7926658205953533,null
14851574,66055636,603926,13562456,685192,310195,293731,10139459,0,334148,351044,98268,211927,1468700,2248028,4076029,0,107144,227004,102439,248605,1258265,64797371,322167,926371,9727,85160,237007,45670,39490,186216,50791,924820,1551,277390,647430,1551,0,18,9709,8,10,9709,0,20006563,44790808,4977482,15029081,16572799,28218009,n151,true,0.3021503766592797,0.6789742211763038,10,18499,false,500,1,0.6385911033210759,0.6756492850416232,null
14851574,66055636,603926,13562456,685192,310195,293731,10139459,0,334148,351044,98268,211927,1468700,2248028,4076029,0,107144,227004,102439,248605,1258265,64797371,322167,926371,9727,85160,237007,45670,39490,186216,50791,924820,1551,277390,647430,1551,0,18,9709,8,10,9709,0,20006563,44790808,4977482,15029081,16572799,28218009,n6357,false,0.051509040216473685,0.6287504124922368,0,610,false,504,8,0.6052847654318425,0.31645608819655796,null
14851574,66055636,603926,13562456,685192,310195,293731,10139459,0,334148,351044,98268,211927,1468700,2248028,4076029,0,107144,227004,102439,248605,1258265,64797371,322167,926371,9727,85160,237007,45670,39490,186216,50791,924820,1551,277390,647430,1551,0,18,9709,8,10,9709,0,20006563,44790808,4977482,15029081,16572799,28218009,n6354,false,3.735789798069716E-4,0.68133128989156,0,10239,false,504,8,0.6239486900887076,0.7325058776189766,null
14851574,66055636,603926,13562456,685192,310195,293731,10139459,0,334148,351044,98268,211927,1468700,2248028,4076029,0,107144,227004,102439,248605,1258265,64797371,322167,926371,9727,85160,237007,45670,39490,186216,50791,924820,1551,277390,647430,1551,0,18,9709,8,10,9709,0,20006563,44790808,4977482,15029081,16572799,28218009,n14188,false,0.6766616348527397,0.7564078146792093,0,8311,false,501,3,0.6219118733031199,0.7399473482038905,null
14851574,66055636,603926,13562456,685192,310195,293731,10139459,0,334148,351044,98268,211927,1468700,2248028,4076029,0,107144,227004,102439,248605,1258265,64797371,322167,926371,9727,85160,237007,45670,39490,186216,50791,924820,1551,277390,647430,1551,0,18,9709,8,10,9709,0,20006563,44790808,4977482,15029081,16572799,28218009,n166,false,0.6838343160292542,0.08658648442331862,0,10259,false,503,6,0.8942220882121656,0.4183733574490715,null
14851574,66055636,603926,13562456,685192,310195,293731,10139459,0,334148,351044,98268,211927,1468700,2248028,4076029,0,107144,227004,102439,248605,1258265,64797371,322167,926371,9727,85160,237007,45670,39490,186216,50791,924820,1551,277390,647430,1551,0,18,9709,8,10,9709,0,20006563,44790808,4977482,15029081,16572799,28218009,n165,false,0.816264201922955,0.2629042580254994,0,13859,false,504,9,0.7052482471575577,0.9134970403997469,null
14851574,66055636,603926,13562456,685192,310195,293731,10139459,0,334148,351044,98268,211927,1468700,2248028,4076029,0,107144,227004,102439,248605,1258265,64797371,322167,926371,9727,85160,237007,45670,39490,186216,50791,924820,1551,277390,647430,1551,0,18,9709,8,10,9709,0,20006563,44790808,4977482,15029081,16572799,28218009,n6361,true,0.14506331525308053,0.6768824749196898,8,28708,false,285,2,0.4311951687003163,0.5793694515799584,null
14851574,66055636,603926,13562456,685192,310195,293731,10139459,0,334148,351044,98268,211927,1468700,2248028,4076029,0,107144,227004,102439,248605,1258265,64797371,322167,926371,9727,85160,237007,45670,39490,186216,50791,924820,1551,277390,647430,1551,0,18,9709,8,10,9709,0,20006563,44790808,4977482,15029081,16572799,28218009,n163,false,0.2841337240299358,0.8397750737383269,0,17179,false,502,6,0.8691721883105064,0.08849729141755691,null
14851574,66055636,603926,13562456,685192,310195,293731,10139459,0,334148,351044,98268,211927,1468700,2248028,4076029,0,107144,227004,102439,248605,1258265,64797371,322167,926371,9727,85160,237007,45670,39490,186216,50791,924820,1551,277390,647430,1551,0,18,9709,8,10,9709,0,20006563,44790808,4977482,15029081,16572799,28218009,n6364,false,0.5578383291895026,0.9583398574795277,0,5197,false,504,9,0.23652429811015774,0.7759758999427313,null
14851574,66055636,603926,13562456,685192,310195,293731,10139459,0,334148,351044,98268,211927,1468700,2248028,4076029,0,107144,227004,102439,248605,1258265,64797371,322167,926371,9727,85160,237007,45670,39490,186216,50791,924820,1551,277390,647430,1551,0,18,9709,8,10,9709,0,20006563,44790808,4977482,15029081,16572799,28218009,n30314,false,0.9999967178987486,0.07233320343065164,0,4204,false,505,11,0.9891959296322533,0.9883588027643015,null
14851574,66055636,603926,13562456,685192,310195,293731,10139459,0,334148,351044,98268,211927,1468700,2248028,4076029,0,107144,227004,102439,248605,1258265,64797371,322167,926371,9727,85160,237007,45670,39490,186216,50791,924820,1551,277390,647430,1551,0,18,9709,8,10,9709,0,20006563,44790808,4977482,15029081,16572799,28218009,n160,false,0.9999988899269098,0.33547438036617394,0,4261,false,501,3,0.8182459756752697,0.48006291264989437,null
14851574,66055636,603926,13562456,685192,310195,293731,10139459,0,334148,351044,98268,211927,1468700,2248028,4076029,0,107144,227004,102439,248605,1258265,64797371,322167,926371,9727,85160,237007,45670,39490,186216,50791,924820,1551,277390,647430,1551,0,18,9709,8,10,9709,0,20006563,44790808,4977482,15029081,16572799,28218009,n177,false,0.7215288311473762,0.5343938812193043,0,121,false,503,7,0.9641092408733998,0.11740264120325672,null
14851574,66055636,603926,13562456,685192,310195,293731,10139459,0,334148,351044,98268,211927,1468700,2248028,4076029,0,107144,227004,102439,248605,1258265,64797371,322167,926371,9727,85160,237007,45670,39490,186216,50791,924820,1551,277390,647430,1551,0,18,9709,8,10,9709,0,20006563,44790808,4977482,15029081,16572799,28218009,n36596,false,0.9622144700934112,0.31313055860754846,0,14356,false,505,11,0.5049887703072363,0.6766713672044145,null
14851574,66055636,603926,13562456,685192,310195,293731,10139459,0,334148,351044,98268,211927,1468700,2248028,4076029,0,107144,227004,102439,248605,1258265,64797371,322167,926371,9727,85160,237007,45670,39490,186216,50791,924820,1551,277390,647430,1551,0,18,9709,8,10,9709,0,20006563,44790808,4977482,15029081,16572799,28218009,n176,false,0.4171161758589203,0.8389886087503697,0,440,false,501,5,0.8986520789260835,0.007802411503976425,null
14851574,66055636,603926,13562456,685192,310195,293731,10139459,0,334148,351044,98268,211927,1468700,2248028,4076029,0,107144,227004,102439,248605,1258265,64797371,322167,926371,9727,85160,237007,45670,39490,186216,50791,924820,1551,277390,647430,1551,0,18,9709,8,10,9709,0,20006563,44790808,4977482,15029081,16572799,28218009,n6379,false,0.48548280326408644,0.5882892142251792,0,16980,false,501,4,0.9437009128932936,0.6936972106777491,null
14851574,66055636,603926,13562456,685192,310195,293731,10139459,0,334148,351044,98268,211927,1468700,2248028,4076029,0,107144,227004,102439,248605,1258265,64797371,322167,926371,9727,85160,237007,45670,39490,186216,50791,924820,1551,277390,647430,1551,0,18,9709,8,10,9709,0,20006563,44790808,4977482,15029081,16572799,28218009,n171,false,0.7341448923500008,0.8477560423268335,0,384,false,505,10,0.9245254410038857,0.20437356890235525,null
14851574,66055636,603926,13562456,685192,310195,293731,10139459,0,334148,351044,98268,211927,1468700,2248028,4076029,0,107144,227004,102439,248605,1258265,64797371,322167,926371,9727,85160,237007,45670,39490,186216,50791,924820,1551,277390,647430,1551,0,18,9709,8,10,9709,0,20006563,44790808,4977482,15029081,16572799,28218009,n6376,false,0.40484534627083885,0.8817580315759237,0,15745,false,503,7,0.6204074038219155,0.23334884567415393,null
14851574,66055636,603926,13562456,685192,310195,293731,10139459,0,334148,351044,98268,211927,1468700,2248028,4076029,0,107144,227004,102439,248605,1258265,64797371,322167,926371,9727,85160,237007,45670,39490,186216,50791,924820,1551,277390,647430,1551,0,18,9709,8,10,9709,0,20006563,44790808,4977482,15029081,16572799,28218009,n174,false,0.886715620375526,0.16711705336874239,0,13336,false,502,6,0.8906203589869103,0.18235205853196212,null
14851574,66055636,603926,13562456,685192,310195,293731,10139459,0,334148,351044,98268,211927,1468700,2248028,4076029,0,107144,227004,102439,248605,1258265,64797371,322167,926371,9727,85160,237007,45670,39490,186216,50791,924820,1551,277390,647430,1551,0,18,9709,8,10,9709,0,20006563,44790808,4977482,15029081,16572799,28218009,n175,false,0.8101122293818734,0.5881820909481686,0,12313,false,501,4,0.8505406749596075,0.05253103196866882,null
14851574,66055636,603926,13562456,685192,310195,293731,10139459,0,334148,351044,98268,211927,1468700,2248028,4076029,0,107144,227004,102439,248605,1258265,64797371,322167,926371,9727,85160,237007,45670,39490,186216,50791,924820,1551,277390,647430,1551,0,18,9709,8,10,9709,0,20006563,44790808,4977482,15029081,16572799,28218009,n26729,false,0.11274679055260375,0.6109334210627578,0,9405,false,500,2,0.88464558992916,0.5031859303220876,null
14851574,66055636,603926,13562456,685192,310195,293731,10139459,0,334148,351044,98268,211927,1468700,2248028,4076029,0,107144,227004,102439,248605,1258265,64797371,322167,926371,9727,85160,237007,45670,39490,186216,50791,924820,1551,277390,647430,1551,0,18,9709,8,10,9709,0,20006563,44790808,4977482,15029081,16572799,28218009,n14159,false,0.5993492137259252,0.6272840723208867,0,24275,false,501,3,0.7854569352351544,0.15885623514372982,null
14851574,66055636,603926,13562456,685192,310195,293731,10139459,0,334148,351044,98268,211927,1468700,2248028,4076029,0,107144,227004,102439,248605,1258265,64797371,322167,926371,9727,85160,237007,45670,39490,186216,50791,924820,1551,277390,647430,1551,0,18,9709,8,10,9709,0,20006563,44790808,4977482,15029081,16572799,28218009,n184,false,0.305878934180854,0.7113956467014534,0,5298,false,501,3,0.8681308415007626,0.41064646171902375,null
14851574,66055636,603926,13562456,685192,310195,293731,10139459,0,334148,351044,98268,211927,1468700,2248028,4076029,0,107144,227004,102439,248605,1258265,64797371,322167,926371,9727,85160,237007,45670,39490,186216,50791,924820,1551,277390,647430,1551,0,18,9709,8,10,9709,0,20006563,44790808,4977482,15029081,16572799,28218009,n6383,false,0.08262616299955151,0.41365855234960075,0,201,false,501,6,0.43618347281591385,0.5606646666461997,null
14851574,66055636,603926,13562456,685192,310195,293731,10139459,0,334148,351044,98268,211927,1468700,2248028,4076029,0,107144,227004,102439,248605,1258265,64797371,322167,926371,9727,85160,237007,45670,39490,186216,50791,924820,1551,277390,647430,1551,0,18,9709,8,10,9709,0,20006563,44790808,4977482,15029081,16572799,28218009,n185,false,0.49956342010778443,0.5548677256715479,0,809,false,501,2,0.9663306460555962,0.6058002324458562,null
14851574,66055636,603926,13562456,685192,310195,293731,10139459,0,334148,351044,98268,211927,1468700,2248028,4076029,0,107144,227004,102439,248605,1258265,64797371,322167,926371,9727,85160,237007,45670,39490,186216,50791,924820,1551,277390,647430,1551,0,18,9709,8,10,9709,0,20006563,44790808,4977482,15029081,16572799,28218009,n116,true,0.21447573119129526,0.22786017274712494,12,28999,false,0,0,0.9199442504757346,0.8568428154524592,null
14851574,66055636,603926,13562456,685192,310195,293731,10139459,0,334148,351044,98268,211927,1468700,2248028,4076029,0,107144,227004,102439,248605,1258265,64797371,322167,926371,9727,85160,237007,45670,39490,186216,50791,924820,1551,277390,647430,1551,0,18,9709,8,10,9709,0,20006563,44790808,4977482,15029081,16572799,28218009,n115,true,0.8542508300362348,0.7337171185381133,13,17151,false,501,3,0.4432520301100089,0.24703054816825964,null
14851574,66055636,603926,13562456,685192,310195,293731,10139459,0,334148,351044,98268,211927,1468700,2248028,4076029,0,107144,227004,102439,248605,1258265,64797371,322167,926371,9727,85160,237007,45670,39490,186216,50791,924820,1551,277390,647430,1551,0,18,9709,8,10,9709,0,20006563,44790808,4977482,15029081,16572799,28218009,n112,false,0.6526015279763858,0.998548743535604,0,5876,false,504,10,0.39483017204627946,0.07798737238898612,null
14851574,66055636,603926,13562456,685192,310195,293731,10139459,0,334148,351044,98268,211927,1468700,2248028,4076029,0,107144,227004,102439,248605,1258265,64797371,322167,926371,9727,85160,237007,45670,39490,186216,50791,924820,1551,277390,647430,1551,0,18,9709,8,10,9709,0,20006563,44790808,4977482,15029081,16572799,28218009,n113,false,0.4480710453353836,0.8199364321441279,0,17198,false,501,3,0.9304424471120835,0.3055349439705907,null
14851574,66055636,603926,13562456,685192,310195,293731,10139459,0,334148,351044,98268,211927,1468700,2248028,4076029,0,107144,227004,102439,248605,1258265,64797371,322167,926371,9727,85160,237007,45670,39490,186216,50791,924820,1551,277390,647430,1551,0,18,9709,8,10,9709,0,20006563,44790808,4977482,15029081,16572799,28218009,n111,false,0.018983087572798985,0.04798638800178667,0,9502,false,503,7,0.46820280524903957,0.23137674970757793,null
14851574,66055636,603926,13562456,685192,310195,293731,10139459,0,334148,351044,98268,211927,1468700,2248028,4076029,0,107144,227004,102439,248605,1258265,64797371,322167,926371,9727,85160,237007,45670,39490,186216,50791,924820,1551,277390,647430,1551,0,18,9709,8,10,9709,0,20006563,44790808,4977482,15029081,16572799,28218009,n14134,false,0.8634169009754121,0.8109447207997226,0,1857,false,504,8,0.5473367325832172,0.21682606360642454,null
14851574,66055636,603926,13562456,685192,310195,293731,10139459,0,334148,351044,98268,211927,1468700,2248028,4076029,0,107144,227004,102439,248605,1258265,64797371,322167,926371,9727,85160,237007,45670,39490,186216,50791,924820,1551,277390,647430,1551,0,18,9709,8,10,9709,0,20006563,44790808,4977482,15029081,16572799,28218009,n20853,false,0.5223432093896944,0.057115836943659404,0,5337,false,503,6,0.017346074985836957,0.4425107295403996,null
14851574,66055636,603926,13562456,685192,310195,293731,10139459,0,334148,351044,98268,211927,1468700,2248028,4076029,0,107144,227004,102439,248605,1258265,64797371,322167,926371,9727,85160,237007,45670,39490,186216,50791,924820,1551,277390,647430,1551,0,18,9709,8,10,9709,0,20006563,44790808,4977482,15029081,16572799,28218009,n29812,false,0.9999954406261148,0.026444260519836615,0,10948,false,502,6,0.9619654399702248,0.21999794726885236,null
14851574,66055636,603926,13562456,685192,310195,293731,10139459,0,334148,351044,98268,211927,1468700,2248028,4076029,0,107144,227004,102439,248605,1258265,64797371,322167,926371,9727,85160,237007,45670,39490,186216,50791,924820,1551,277390,647430,1551,0,18,9709,8,10,9709,0,20006563,44790808,4977482,15029081,16572799,28218009,n29814,true,0.9999875300894395,0.8434833241124282,12,26661,false,0,1,0.5877751150839652,0.7370896828400458,null
14851574,66055636,603926,13562456,685192,310195,293731,10139459,0,334148,351044,98268,211927,1468700,2248028,4076029,0,107144,227004,102439,248605,1258265,64797371,322167,926371,9727,85160,237007,45670,39490,186216,50791,924820,1551,277390,647430,1551,0,18,9709,8,10,9709,0,20006563,44790808,4977482,15029081,16572799,28218009,n29816,false,0.13743810380369023,0.5149015832843933,0,1616,false,502,6,0.9058291206636536,0.6701378373537312,null
14851574,66055636,603926,13562456,685192,310195,293731,10139459,0,334148,351044,98268,211927,1468700,2248028,4076029,0,107144,227004,102439,248605,1258265,64797371,322167,926371,9727,85160,237007,45670,39490,186216,50791,924820,1551,277390,647430,1551,0,18,9709,8,10,9709,0,20006563,44790808,4977482,15029081,16572799,28218009,n29817,false,0.7151403442865788,0.0668590809505627,0,1368,false,504,9,0.9661867458811124,0.032196097697405945,null
14851574,66055636,603926,13562456,685192,310195,293731,10139459,0,334148,351044,98268,211927,1468700,2248028,4076029,0,107144,227004,102439,248605,1258265,64797371,322167,926371,9727,85160,237007,45670,39490,186216,50791,924820,1551,277390,647430,1551,0,18,9709,8,10,9709,0,20006563,44790808,4977482,15029081,16572799,28218009,n29818,false,0.8388004688969593,0.8250605978373755,0,607,false,502,5,0.7221472276415667,0.1651041571423757,null
14851574,66055636,603926,13562456,685192,310195,293731,10139459,0,334148,351044,98268,211927,1468700,2248028,4076029,0,107144,227004,102439,248605,1258265,64797371,322167,926371,9727,85160,237007,45670,39490,186216,50791,924820,1551,277390,647430,1551,0,18,9709,8,10,9709,0,20006563,44790808,4977482,15029081,16572799,28218009,n6395,true,0.7942579983576287,0.9349017192538239,10,16591,false,1,2,0.7803992162084741,0.8232343536333276,null
14851574,66055636,603926,13562456,685192,310195,293731,10139459,0,334148,351044,98268,211927,1468700,2248028,4076029,0,107144,227004,102439,248605,1258265,64797371,322167,926371,9727,85160,237007,45670,39490,186216,50791,924820,1551,277390,647430,1551,0,18,9709,8,10,9709,0,20006563,44790808,4977482,15029081,16572799,28218009,n20851,true,0.11095797052284673,0.633333098651019,11,28999,false,0,0,0.950059355880027,0.8197181787986111,null
14851574,66055636,603926,13562456,685192,310195,293731,10139459,0,334148,351044,98268,211927,1468700,2248028,4076029,0,107144,227004,102439,248605,1258265,64797371,322167,926371,9727,85160,237007,45670,39490,186216,50791,924820,1551,277390,647430,1551,0,18,9709,8,10,9709,0,20006563,44790808,4977482,15029081,16572799,28218009,n125,false,0.6051847242740882,0.6456718237928618,0,20000,false,502,5,0.6495885168491442,0.10952276804583716,null
14851574,66055636,603926,13562456,685192,310195,293731,10139459,0,334148,351044,98268,211927,1468700,2248028,4076029,0,107144,227004,102439,248605,1258265,64797371,322167,926371,9727,85160,237007,45670,39490,186216,50791,924820,1551,277390,647430,1551,0,18,9709,8,10,9709,0,20006563,44790808,4977482,15029081,16572799,28218009,n128,true,0.17771338756090915,0.9750183153673548,11,10821,false,500,3,0.39772067015643153,0.5088972819111023,null
14851574,66055636,603926,13562456,685192,310195,293731,10139459,0,334148,351044,98268,211927,1468700,2248028,4076029,0,107144,227004,102439,248605,1258265,64797371,322167,926371,9727,85160,237007,45670,39490,186216,50791,924820,1551,277390,647430,1551,0,18,9709,8,10,9709,0,20006563,44790808,4977482,15029081,16572799,28218009,n122,false,0.8944651180948117,0.3438677791171656,0,915,false,504,9,0.876766185210463,0.5523715184287654,null
14851574,66055636,603926,13562456,685192,310195,293731,10139459,0,334148,351044,98268,211927,1468700,2248028,4076029,0,107144,227004,102439,248605,1258265,64797371,322167,926371,9727,85160,237007,45670,39490,186216,50791,924820,1551,277390,647430,1551,0,18,9709,8,10,9709,0,20006563,44790808,4977482,15029081,16572799,28218009,n124,true,0.8111525142922992,0.8422683346187259,10,9275,false,501,5,0.6372562693630714,0.05341039845471374,null
14851574,66055636,603926,13562456,685192,310195,293731,10139459,0,334148,351044,98268,211927,1468700,2248028,4076029,0,107144,227004,102439,248605,1258265,64797371,322167,926371,9727,85160,237007,45670,39490,186216,50791,924820,1551,277390,647430,1551,0,18,9709,8,10,9709,0,20006563,44790808,4977482,15029081,16572799,28218009,n13012,false,0.9999983541906627,0.06800893359364679,0,19435,false,500,2,0.7916896828932853,0.828770297655987,null
14851574,66055636,603926,13562456,685192,310195,293731,10139459,0,334148,351044,98268,211927,1468700,2248028,4076029,0,107144,227004,102439,248605,1258265,64797371,322167,926371,9727,85160,237007,45670,39490,186216,50791,924820,1551,277390,647430,1551,0,18,9709,8,10,9709,0,20006563,44790808,4977482,15029081,16572799,28218009,n14140,false,0.4697773683241676,0.260689240382614,0,2029,false,501,4,0.5649831257219915,0.302608875305468,null
14851574,66055636,603926,13562456,685192,310195,293731,10139459,0,334148,351044,98268,211927,1468700,2248028,4076029,0,107144,227004,102439,248605,1258265,64797371,322167,926371,9727,85160,237007,45670,39490,186216,50791,924820,1551,277390,647430,1551,0,18,9709,8,10,9709,0,20006563,44790808,4977482,15029081,16572799,28218009,n9210,false,0.4958199973746989,0.13155209913099486,0,25598,false,501,3,0.5482316741463943,0.10937178365275324,null
14851574,66055636,603926,13562456,685192,310195,293731,10139459,0,334148,351044,98268,211927,1468700,2248028,4076029,0,107144,227004,102439,248605,1258265,64797371,322167,926371,9727,85160,237007,45670,39490,186216,50791,924820,1551,277390,647430,1551,0,18,9709,8,10,9709,0,20006563,44790808,4977482,15029081,16572799,28218009,n17352,false,0.8447282585838872,0.7148174162420046,0,2812,false,502,5,0.7492955012019072,0.8974973601878263,null
14851574,66055636,603926,13562456,685192,310195,293731,10139459,0,334148,351044,98268,211927,1468700,2248028,4076029,0,107144,227004,102439,248605,1258265,64797371,322167,926371,9727,85160,237007,45670,39490,186216,50791,924820,1551,277390,647430,1551,0,18,9709,8,10,9709,0,20006563,44790808,4977482,15029081,16572799,28218009,n17355,false,0.5617380362705524,0.9763192246163725,0,5826,false,506,12,0.8484730519638706,0.9120566623244443,null
14851574,66055636,603926,13562456,685192,310195,293731,10139459,0,334148,351044,98268,211927,1468700,2248028,4076029,0,107144,227004,102439,248605,1258265,64797371,322167,926371,9727,85160,237007,45670,39490,186216,50791,924820,1551,277390,647430,1551,0,18,9709,8,10,9709,0,20006563,44790808,4977482,15029081,16572799,28218009,n30359,false,0.8019145367792151,0.13021180714700564,0,13331,false,503,6,0.5232321705669803,0.7686251322876451,null
14851574,66055636,603926,13562456,685192,310195,293731,10139459,0,334148,351044,98268,211927,1468700,2248028,4076029,0,107144,227004,102439,248605,1258265,64797371,322167,926371,9727,85160,237007,45670,39490,186216,50791,924820,1551,277390,647430,1551,0,18,9709,8,10,9709,0,20006563,44790808,4977482,15029081,16572799,28218009,n134,false,0.7366109888749671,0.7349357857412772,0,16797,false,502,4,0.7517920155211946,0.2055163629138398,null
14851574,66055636,603926,13562456,685192,310195,293731,10139459,0,334148,351044,98268,211927,1468700,2248028,4076029,0,107144,227004,102439,248605,1258265,64797371,322167,926371,9727,85160,237007,45670,39490,186216,50791,924820,1551,277390,647430,1551,0,18,9709,8,10,9709,0,20006563,44790808,4977482,15029081,16572799,28218009,n135,true,0.312824468076352,0.2757047501262223,6,28999,false,0,0,0.8537986072967534,0.3959794964080961,null
14851574,66055636,603926,13562456,685192,310195,293731,10139459,0,334148,351044,98268,211927,1468700,2248028,4076029,0,107144,227004,102439,248605,1258265,64797371,322167,926371,9727,85160,237007,45670,39490,186216,50791,924820,1551,277390,647430,1551,0,18,9709,8,10,9709,0,20006563,44790808,4977482,15029081,16572799,28218009,n132,false,0.9999989041878048,0.4088638980209763,0,28995,false,500,1,0.967212710768928,0.7396691236602501,null
14851574,66055636,603926,13562456,685192,310195,293731,10139459,0,334148,351044,98268,211927,1468700,2248028,4076029,0,107144,227004,102439,248605,1258265,64797371,322167,926371,9727,85160,237007,45670,39490,186216,50791,924820,1551,277390,647430,1551,0,18,9709,8,10,9709,0,20006563,44790808,4977482,15029081,16572799,28218009,n136,false,0.7679855683198813,0.7308932234564284,0,1755,false,505,11,0.2792844511600825,0.623321077403688,null
14851574,66055636,603926,13562456,685192,310195,293731,10139459,0,334148,351044,98268,211927,1468700,2248028,4076029,0,107144,227004,102439,248605,1258265,64797371,322167,926371,9727,85160,237007,45670,39490,186216,50791,924820,1551,277390,647430,1551,0,18,9709,8,10,9709,0,20006563,44790808,4977482,15029081,16572799,28218009,n137,false,0.5980253606123054,0.7113221396487727,0,6355,false,504,9,0.8554242279966022,0.9904623265502053,null
14851574,66055636,603926,13562456,685192,310195,293731,10139459,0,334148,351044,98268,211927,1468700,2248028,4076029,0,107144,227004,102439,248605,1258265,64797371,322167,926371,9727,85160,237007,45670,39490,186216,50791,924820,1551,277390,647430,1551,0,18,9709,8,10,9709,0,20006563,44790808,4977482,15029081,16572799,28218009,n29831,false,0.6240845955860156,0.5418804006933772,0,3866,false,501,3,0.7906121718540281,0.6465147442868792,null
14851574,66055636,603926,13562456,685192,310195,293731,10139459,0,334148,351044,98268,211927,1468700,2248028,4076029,0,107144,227004,102439,248605,1258265,64797371,322167,926371,9727,85160,237007,45670,39490,186216,50791,924820,1551,277390,647430,1551,0,18,9709,8,10,9709,0,20006563,44790808,4977482,15029081,16572799,28218009,n14112,false,0.9142232454767463,0.2077898208357845,0,6785,false,503,7,0.2912363888547075,0.7558191041669714,null
14851574,66055636,603926,13562456,685192,310195,293731,10139459,0,334148,351044,98268,211927,1468700,2248028,4076029,0,107144,227004,102439,248605,1258265,64797371,322167,926371,9727,85160,237007,45670,39490,186216,50791,924820,1551,277390,647430,1551,0,18,9709,8,10,9709,0,20006563,44790808,4977482,15029081,16572799,28218009,n29837,false,0.7484239901561238,0.6227065181616059,0,1875,false,504,8,0.395279728292685,0.9914806121094188,null
14851574,66055636,603926,13562456,685192,310195,293731,10139459,0,334148,351044,98268,211927,1468700,2248028,4076029,0,107144,227004,102439,248605,1258265,64797371,322167,926371,9727,85160,237007,45670,39490,186216,50791,924820,1551,277390,647430,1551,0,18,9709,8,10,9709,0,20006563,44790808,4977482,15029081,16572799,28218009,n29834,false,0.9222929603007922,0.41587356421434424,0,16737,false,501,4,0.27513397972012055,0.06483914411129776,null
14851574,66055636,603926,13562456,685192,310195,293731,10139459,0,334148,351044,98268,211927,1468700,2248028,4076029,0,107144,227004,102439,248605,1258265,64797371,322167,926371,9727,85160,237007,45670,39490,186216,50791,924820,1551,277390,647430,1551,0,18,9709,8,10,9709,0,20006563,44790808,4977482,15029081,16572799,28218009,n143,true,0.24482450822296187,0.48763015131866916,10,2912,false,0,1,0.7837253594133152,0.15538421704516026,null
14851574,66055636,603926,13562456,685192,310195,293731,10139459,0,334148,351044,98268,211927,1468700,2248028,4076029,0,107144,227004,102439,248605,1258265,64797371,322167,926371,9727,85160,237007,45670,39490,186216,50791,924820,1551,277390,647430,1551,0,18,9709,8,10,9709,0,20006563,44790808,4977482,15029081,16572799,28218009,n145,false,0.3407191050387173,0.463830530361103,0,28999,false,500,0,0.762272210330888,0.9751258230425764,null
14851574,66055636,603926,13562456,685192,310195,293731,10139459,0,334148,351044,98268,211927,1468700,2248028,4076029,0,107144,227004,102439,248605,1258265,64797371,322167,926371,9727,85160,237007,45670,39490,186216,50791,924820,1551,277390,647430,1551,0,18,9709,8,10,9709,0,20006563,44790808,4977482,15029081,16572799,28218009,n146,true,0.7234643410197219,0.006574319027828013,11,28999,false,0,0,0.554696556919098,0.7092875764590321,null
14851574,66055636,603926,13562456,685192,310195,293731,10139459,0,334148,351044,98268,211927,1468700,2248028,4076029,0,107144,227004,102439,248605,1258265,64797371,322167,926371,9727,85160,237007,45670,39490,186216,50791,924820,1551,277390,647430,1551,0,18,9709,8,10,9709,0,20006563,44790808,4977482,15029081,16572799,28218009,n147,false,0.16659395404812363,0.3919750575093069,0,1866,false,502,5,0.7019642281402247,0.8264248955000021,null
14851574,66055636,603926,13562456,685192,310195,293731,10139459,0,334148,351044,98268,211927,1468700,2248028,4076029,0,107144,227004,102439,248605,1258265,64797371,322167,926371,9727,85160,237007,45670,39490,186216,50791,924820,1551,277390,647430,1551,0,18,9709,8,10,9709,0,20006563,44790808,4977482,15029081,16572799,28218009,n29820,false,0.9618060100762301,0.2811563144429904,0,10456,false,500,2,0.6952879808415007,0.35935703120253615,null
14851574,66055636,603926,13562456,685192,310195,293731,10139459,0,334148,351044,98268,211927,1468700,2248028,4076029,0,107144,227004,102439,248605,1258265,64797371,322167,926371,9727,85160,237007,45670,39490,186216,50791,924820,1551,277390,647430,1551,0,18,9709,8,10,9709,0,20006563,44790808,4977482,15029081,16572799,28218009,n29827,false,0.21276806957952493,0.43292832780936713,0,2618,false,500,2,0.943010847214483,0.516244352467241,null
14851574,66055636,603926,13562456,685192,310195,293731,10139459,0,334148,351044,98268,211927,1468700,2248028,4076029,0,107144,227004,102439,248605,1258265,64797371,322167,926371,9727,85160,237007,45670,39490,186216,50791,924820,1551,277390,647430,1551,0,18,9709,8,10,9709,0,20006563,44790808,4977482,15029081,16572799,28218009,n29825,false,0.8474495547136621,0.8284116119701845,0,4987,false,502,4,0.7941246768519918,0.44391901913611953,null
14851574,66055636,603926,13562456,685192,310195,293731,10139459,0,334148,351044,98268,211927,1468700,2248028,4076029,0,107144,227004,102439,248605,1258265,64797371,322167,926371,9727,85160,237007,45670,39490,186216,50791,924820,1551,277390,647430,1551,0,18,9709,8,10,9709,0,20006563,44790808,4977482,15029081,16572799,28218009,n29824,true,0.36652358279113106,0.9415012376122274,10,21036,false,500,1,0.6786467973682038,0.7715868598589044,null
14851574,66055636,603926,13562456,685192,310195,293731,10139459,0,334148,351044,98268,211927,1468700,2248028,4076029,0,107144,227004,102439,248605,1258265,64797371,322167,926371,9727,85160,237007,45670,39490,186216,50791,924820,1551,277390,647430,1551,0,18,9709,8,10,9709,0,20006563,44790808,4977482,15029081,16572799,28218009,n29821,false,0.7787209383632488,0.5009346718022872,0,2761,false,503,7,0.6574125295138051,0.9425038481899565,null
14851574,66055636,603926,13562456,685192,310195,293731,10139459,0,334148,351044,98268,211927,1468700,2248028,4076029,0,107144,227004,102439,248605,1258265,64797371,322167,926371,9727,85160,237007,45670,39490,186216,50791,924820,1551,277390,647430,1551,0,18,9709,8,10,9709,0,20006563,44790808,4977482,15029081,16572799,28218009,n17377,false,0.11721445217220679,0.913889080639154,0,10466,false,502,5,0.2511322780180243,0.08007569917731083,null
14851574,66055636,603926,13562456,685192,310195,293731,10139459,0,334148,351044,98268,211927,1468700,2248028,4076029,0,107144,227004,102439,248605,1258265,64797371,322167,926371,9727,85160,237007,45670,39490,186216,50791,924820,1551,277390,647430,1551,0,18,9709,8,10,9709,0,20006563,44790808,4977482,15029081,16572799,28218009,n140,false,0.6997695543571779,0.0030388686887700134,0,4050,false,503,6,0.7185185563880369,0.07382565931248763,null
14851574,66055636,603926,13562456,685192,310195,293731,10139459,0,334148,351044,98268,211927,1468700,2248028,4076029,0,107144,227004,102439,248605,1258265,64797371,322167,926371,9727,85160,237007,45670,39490,186216,50791,924820,1551,277390,647430,1551,0,18,9709,8,10,9709,0,20006563,44790808,4977482,15029081,16572799,28218009,n9244,false,0.28370761252484616,0.07381529204871395,0,2794,false,507,15,0.9039226827769717,0.9986894210111954,null
14851574,66055636,603926,13562456,685192,310195,293731,10139459,0,334148,351044,98268,211927,1468700,2248028,4076029,0,107144,227004,102439,248605,1258265,64797371,322167,926371,9727,85160,237007,45670,39490,186216,50791,924820,1551,277390,647430,1551,0,18,9709,8,10,9709,0,20006563,44790808,4977482,15029081,16572799,28218009,n9245,true,0.09325055607815001,0.45385974648362204,9,4354,false,501,5,0.9384108172748152,0.4837301626093401,null
14851574,66055636,603926,13562456,685192,310195,293731,10139459,0,334148,351044,98268,211927,1468700,2248028,4076029,0,107144,227004,102439,248605,1258265,64797371,322167,926371,9727,85160,237007,45670,39490,186216,50791,924820,1551,277390,647430,1551,0,18,9709,8,10,9709,0,20006563,44790808,4977482,15029081,16572799,28218009,n9247,false,0.9999991336868179,0.9998552284702695,0,126,false,504,9,0.9476765971131679,0.0672062096188969,null
14851574,66055636,603926,13562456,685192,310195,293731,10139459,0,334148,351044,98268,211927,1468700,2248028,4076029,0,107144,227004,102439,248605,1258265,64797371,322167,926371,9727,85160,237007,45670,39490,186216,50791,924820,1551,277390,647430,1551,0,18,9709,8,10,9709,0,20006563,44790808,4977482,15029081,16572799,28218009,n29844,false,0.6832960256214573,0.052585556180418935,0,1669,false,501,3,0.9373906230848106,0.9087611911614751,null
14851574,66055636,603926,13562456,685192,310195,293731,10139459,0,334148,351044,98268,211927,1468700,2248028,4076029,0,107144,227004,102439,248605,1258265,64797371,322167,926371,9727,85160,237007,45670,39490,186216,50791,924820,1551,277390,647430,1551,0,18,9709,8,10,9709,0,20006563,44790808,4977482,15029081,16572799,28218009,n29846,false,0.10134306097074774,0.9260095437151644,0,4580,false,501,3,0.21707620508681047,0.8742395144233984,null
14851574,66055636,603926,13562456,685192,310195,293731,10139459,0,334148,351044,98268,211927,1468700,2248028,4076029,0,107144,227004,102439,248605,1258265,64797371,322167,926371,9727,85160,237007,45670,39490,186216,50791,924820,1551,277390,647430,1551,0,18,9709,8,10,9709,0,20006563,44790808,4977482,15029081,16572799,28218009,n29845,true,0.9999873981342392,0.17927997528419348,11,1670,false,501,3,0.6493345546622286,0.6073604977260663,null
14851574,66055636,603926,13562456,685192,310195,293731,10139459,0,334148,351044,98268,211927,1468700,2248028,4076029,0,107144,227004,102439,248605,1258265,64797371,322167,926371,9727,85160,237007,45670,39490,186216,50791,924820,1551,277390,647430,1551,0,18,9709,8,10,9709,0,20006563,44790808,4977482,15029081,16572799,28218009,n13057,false,0.8689241349019328,0.18414900557428238,0,1132,false,501,4,0.7885274806683685,0.051048672038087606,null
14851574,66055636,603926,13562456,685192,310195,293731,10139459,0,334148,351044,98268,211927,1468700,2248028,4076029,0,107144,227004,102439,248605,1258265,64797371,322167,926371,9727,85160,237007,45670,39490,186216,50791,924820,1551,277390,647430,1551,0,18,9709,8,10,9709,0,20006563,44790808,4977482,15029081,16572799,28218009,n13055,false,0.9999956235422195,0.13730316586847047,0,280,true,280,2,0.9672337003687255,0.8160084260881877,null
14851574,66055636,603926,13562456,685192,310195,293731,10139459,0,334148,351044,98268,211927,1468700,2248028,4076029,0,107144,227004,102439,248605,1258265,64797371,322167,926371,9727,85160,237007,45670,39490,186216,50791,924820,1551,277390,647430,1551,0,18,9709,8,10,9709,0,20006563,44790808,4977482,15029081,16572799,28218009,n13053,false,0.46023091814648803,0.38827727597809675,0,18415,false,501,3,0.7928075583796925,0.32538732154629196,null
14851574,66055636,603926,13562456,685192,310195,293731,10139459,0,334148,351044,98268,211927,1468700,2248028,4076029,0,107144,227004,102439,248605,1258265,64797371,322167,926371,9727,85160,237007,45670,39490,186216,50791,924820,1551,277390,647430,1551,0,18,9709,8,10,9709,0,20006563,44790808,4977482,15029081,16572799,28218009,n29841,true,0.7858765295496181,0.7124188017731778,7,28999,false,0,0,0.42894784585562284,0.8704367387159933,null
14851574,66055636,603926,13562456,685192,310195,293731,10139459,0,334148,351044,98268,211927,1468700,2248028,4076029,0,107144,227004,102439,248605,1258265,64797371,322167,926371,9727,85160,237007,45670,39490,186216,50791,924820,1551,277390,647430,1551,0,18,9709,8,10,9709,0,20006563,44790808,4977482,15029081,16572799,28218009,n13026,false,0.4815731616964076,0.8986210351897695,0,4573,false,502,5,0.2400421113234864,0.4858668001543986,null
14851574,66055636,603926,13562456,685192,310195,293731,10139459,0,334148,351044,98268,211927,1468700,2248028,4076029,0,107144,227004,102439,248605,1258265,64797371,322167,926371,9727,85160,237007,45670,39490,186216,50791,924820,1551,277390,647430,1551,0,18,9709,8,10,9709,0,20006563,44790808,4977482,15029081,16572799,28218009,n9228,false,0.25273642124100354,0.9924209546603897,0,6161,false,500,2,0.8813866020309626,0.5261236480688476,null
14851574,66055636,603926,13562456,685192,310195,293731,10139459,0,334148,351044,98268,211927,1468700,2248028,4076029,0,107144,227004,102439,248605,1258265,64797371,322167,926371,9727,85160,237007,45670,39490,186216,50791,924820,1551,277390,647430,1551,0,18,9709,8,10,9709,0,20006563,44790808,4977482,15029081,16572799,28218009,n13022,false,0.49760953733228014,0.2658862269012733,0,671,false,506,12,0.46320436168415613,0.005085511612182181,null
14851574,66055636,603926,13562456,685192,310195,293731,10139459,0,334148,351044,98268,211927,1468700,2248028,4076029,0,107144,227004,102439,248605,1258265,64797371,322167,926371,9727,85160,237007,45670,39490,186216,50791,924820,1551,277390,647430,1551,0,18,9709,8,10,9709,0,20006563,44790808,4977482,15029081,16572799,28218009,n3795,false,0.33955412582621775,0.763983242302352,0,192,false,503,8,0.9073628395361678,0.6822081468781727,null
14851574,66055636,603926,13562456,685192,310195,293731,10139459,0,334148,351044,98268,211927,1468700,2248028,4076029,0,107144,227004,102439,248605,1258265,64797371,322167,926371,9727,85160,237007,45670,39490,186216,50791,924820,1551,277390,647430,1551,0,18,9709,8,10,9709,0,20006563,44790808,4977482,15029081,16572799,28218009,n39368,false,0.7398895895885874,0.4411664626832813,0,5714,false,500,2,0.9458113771834304,0.3658990531185712,null
14851574,66055636,603926,13562456,685192,310195,293731,10139459,0,334148,351044,98268,211927,1468700,2248028,4076029,0,107144,227004,102439,248605,1258265,64797371,322167,926371,9727,85160,237007,45670,39490,186216,50791,924820,1551,277390,647430,1551,0,18,9709,8,10,9709,0,20006563,44790808,4977482,15029081,16572799,28218009,n9229,false,0.6777473080941756,0.8055451221759375,0,3267,false,502,4,0.2750038062472179,0.9616394530405394,null
14851574,66055636,603926,13562456,685192,310195,293731,10139459,0,334148,351044,98268,211927,1468700,2248028,4076029,0,107144,227004,102439,248605,1258265,64797371,322167,926371,9727,85160,237007,45670,39490,186216,50791,924820,1551,277390,647430,1551,0,18,9709,8,10,9709,0,20006563,44790808,4977482,15029081,16572799,28218009,n13031,false,0.12086158017326153,0.2875742600738699,0,9743,false,501,3,0.947083047923624,0.9816942485394791,null
14851574,66055636,603926,13562456,685192,310195,293731,10139459,0,334148,351044,98268,211927,1468700,2248028,4076029,0,107144,227004,102439,248605,1258265,64797371,322167,926371,9727,85160,237007,45670,39490,186216,50791,924820,1551,277390,647430,1551,0,18,9709,8,10,9709,0,20006563,44790808,4977482,15029081,16572799,28218009,n32528,false,0.5933561032159169,0.21733092270094484,0,10332,false,503,7,0.9504785133131799,0.22982926753833777,null
14851574,66055636,603926,13562456,685192,310195,293731,10139459,0,334148,351044,98268,211927,1468700,2248028,4076029,0,107144,227004,102439,248605,1258265,64797371,322167,926371,9727,85160,237007,45670,39490,186216,50791,924820,1551,277390,647430,1551,0,18,9709,8,10,9709,0,20006563,44790808,4977482,15029081,16572799,28218009,n194,false,0.35023562268265207,0.008402899744102577,0,12601,false,502,6,0.927948311089433,0.6116778296530787,null
14851574,66055636,603926,13562456,685192,310195,293731,10139459,0,334148,351044,98268,211927,1468700,2248028,4076029,0,107144,227004,102439,248605,1258265,64797371,322167,926371,9727,85160,237007,45670,39490,186216,50791,924820,1551,277390,647430,1551,0,18,9709,8,10,9709,0,20006563,44790808,4977482,15029081,16572799,28218009,n191,false,0.9999952914935857,0.6108266219127685,0,23944,false,502,5,0.1835450555471937,0.41449436675236273,null
14851574,66055636,603926,13562456,685192,310195,293731,10139459,0,334148,351044,98268,211927,1468700,2248028,4076029,0,107144,227004,102439,248605,1258265,64797371,322167,926371,9727,85160,237007,45670,39490,186216,50791,924820,1551,277390,647430,1551,0,18,9709,8,10,9709,0,20006563,44790808,4977482,15029081,16572799,28218009,n9284,false,0.24296708394872682,0.1549461777912382,0,10326,false,501,3,0.9151903642375284,0.8078778302846993,null
14851574,66055636,603926,13562456,685192,310195,293731,10139459,0,334148,351044,98268,211927,1468700,2248028,4076029,0,107144,227004,102439,248605,1258265,64797371,322167,926371,9727,85160,237007,45670,39490,186216,50791,924820,1551,277390,647430,1551,0,18,9709,8,10,9709,0,20006563,44790808,4977482,15029081,16572799,28218009,n192,false,0.7278021445984246,0.3665419892253593,0,2777,false,502,5,0.026145869202717442,0.4948678385194888,null
14851574,66055636,603926,13562456,685192,310195,293731,10139459,0,334148,351044,98268,211927,1468700,2248028,4076029,0,107144,227004,102439,248605,1258265,64797371,322167,926371,9727,85160,237007,45670,39490,186216,50791,924820,1551,277390,647430,1551,0,18,9709,8,10,9709,0,20006563,44790808,4977482,15029081,16572799,28218009,n198,false,0.9590807189284574,0.5309554181261908,0,11591,false,501,2,0.698585583973156,0.8945529730666103,null
14851574,66055636,603926,13562456,685192,310195,293731,10139459,0,334148,351044,98268,211927,1468700,2248028,4076029,0,107144,227004,102439,248605,1258265,64797371,322167,926371,9727,85160,237007,45670,39490,186216,50791,924820,1551,277390,647430,1551,0,18,9709,8,10,9709,0,20006563,44790808,4977482,15029081,16572799,28218009,n43314,true,0.10811379775570462,0.21775656164959822,6,28999,false,0,0,0.996754078551616,0.8137235737872192,null
14851574,66055636,603926,13562456,685192,310195,293731,10139459,0,334148,351044,98268,211927,1468700,2248028,4076029,0,107144,227004,102439,248605,1258265,64797371,322167,926371,9727,85160,237007,45670,39490,186216,50791,924820,1551,277390,647430,1551,0,18,9709,8,10,9709,0,20006563,44790808,4977482,15029081,16572799,28218009,n13097,false,0.2032576987078134,0.6750462949486242,0,11969,false,501,2,0.6303201791207467,0.865718178033765,null
14851574,66055636,603926,13562456,685192,310195,293731,10139459,0,334148,351044,98268,211927,1468700,2248028,4076029,0,107144,227004,102439,248605,1258265,64797371,322167,926371,9727,85160,237007,45670,39490,186216,50791,924820,1551,277390,647430,1551,0,18,9709,8,10,9709,0,20006563,44790808,4977482,15029081,16572799,28218009,n13095,false,0.6089732629588803,0.8523790767090662,0,4685,false,503,7,0.9136377536654953,0.24309280348122697,null
14851574,66055636,603926,13562456,685192,310195,293731,10139459,0,334148,351044,98268,211927,1468700,2248028,4076029,0,107144,227004,102439,248605,1258265,64797371,322167,926371,9727,85160,237007,45670,39490,186216,50791,924820,1551,277390,647430,1551,0,18,9709,8,10,9709,0,20006563,44790808,4977482,15029081,16572799,28218009,n32503,false,0.5289919582246188,0.5407255658868166,0,4276,false,500,8,0.8237355097786963,0.2595937776675613,null
14851574,66055636,603926,13562456,685192,310195,293731,10139459,0,334148,351044,98268,211927,1468700,2248028,4076029,0,107144,227004,102439,248605,1258265,64797371,322167,926371,9727,85160,237007,45670,39490,186216,50791,924820,1551,277390,647430,1551,0,18,9709,8,10,9709,0,20006563,44790808,4977482,15029081,16572799,28218009,n3751,false,0.9926833666653532,0.5407249564237141,0,1650,false,501,4,0.31049838417852826,0.47835750652544473,null
14851574,66055636,603926,13562456,685192,310195,293731,10139459,0,334148,351044,98268,211927,1468700,2248028,4076029,0,107144,227004,102439,248605,1258265,64797371,322167,926371,9727,85160,237007,45670,39490,186216,50791,924820,1551,277390,647430,1551,0,18,9709,8,10,9709,0,20006563,44790808,4977482,15029081,16572799,28218009,n37681,true,0.8810358338317192,0.3283706604126427,14,17383,false,4,2,0.636433101609325,0.44620575330476303,null
14851574,66055636,603926,13562456,685192,310195,293731,10139459,0,334148,351044,98268,211927,1468700,2248028,4076029,0,107144,227004,102439,248605,1258265,64797371,322167,926371,9727,85160,237007,45670,39490,186216,50791,924820,1551,277390,647430,1551,0,18,9709,8,10,9709,0,20006563,44790808,4977482,15029081,16572799,28218009,n9271,false,0.22472324121441908,0.9373317905450985,0,2791,false,505,10,0.6944163667892633,0.13994622410338897,null
14851574,66055636,603926,13562456,685192,310195,293731,10139459,0,334148,351044,98268,211927,1468700,2248028,4076029,0,107144,227004,102439,248605,1258265,64797371,322167,926371,9727,85160,237007,45670,39490,186216,50791,924820,1551,277390,647430,1551,0,18,9709,8,10,9709,0,20006563,44790808,4977482,15029081,16572799,28218009,n18847,false,0.295584974806221,0.13435463586672747,0,7915,false,504,8,0.6606859455397491,0.07665701188700469,null
14851574,66055636,603926,13562456,685192,310195,293731,10139459,0,334148,351044,98268,211927,1468700,2248028,4076029,0,107144,227004,102439,248605,1258265,64797371,322167,926371,9727,85160,237007,45670,39490,186216,50791,924820,1551,277390,647430,1551,0,18,9709,8,10,9709,0,20006563,44790808,4977482,15029081,16572799,28218009,n3868,false,0.9999957393691319,0.36584560655053533,0,9887,false,503,7,0.9224825270838029,0.9533326050404681,null
14851574,66055636,603926,13562456,685192,310195,293731,10139459,0,334148,351044,98268,211927,1468700,2248028,4076029,0,107144,227004,102439,248605,1258265,64797371,322167,926371,9727,85160,237007,45670,39490,186216,50791,924820,1551,277390,647430,1551,0,18,9709,8,10,9709,0,20006563,44790808,4977482,15029081,16572799,28218009,n10485,false,0.9654648014094239,0.30741364212311656,0,15852,false,501,4,0.7670165123215579,0.31327172065534115,null
14851574,66055636,603926,13562456,685192,310195,293731,10139459,0,334148,351044,98268,211927,1468700,2248028,4076029,0,107144,227004,102439,248605,1258265,64797371,322167,926371,9727,85160,237007,45670,39490,186216,50791,924820,1551,277390,647430,1551,0,18,9709,8,10,9709,0,20006563,44790808,4977482,15029081,16572799,28218009,n7895,false,0.5657960757635377,0.7320582429912692,0,947,false,501,4,0.7091635518739982,0.2880089244908173,null
14851574,66055636,603926,13562456,685192,310195,293731,10139459,0,334148,351044,98268,211927,1468700,2248028,4076029,0,107144,227004,102439,248605,1258265,64797371,322167,926371,9727,85160,237007,45670,39490,186216,50791,924820,1551,277390,647430,1551,0,18,9709,8,10,9709,0,20006563,44790808,4977482,15029081,16572799,28218009,n31842,false,0.5486714304663727,0.6786893626921559,0,5332,false,506,13,0.7769896608092449,0.17208348793139205,null
14851574,66055636,603926,13562456,685192,310195,293731,10139459,0,334148,351044,98268,211927,1468700,2248028,4076029,0,107144,227004,102439,248605,1258265,64797371,322167,926371,9727,85160,237007,45670,39490,186216,50791,924820,1551,277390,647430,1551,0,18,9709,8,10,9709,0,20006563,44790808,4977482,15029081,16572799,28218009,n18836,false,0.6610168402364842,0.34715223531726547,0,1738,false,502,5,0.3600321314390885,0.020028418247357238,null
14851574,66055636,603926,13562456,685192,310195,293731,10139459,0,334148,351044,98268,211927,1468700,2248028,4076029,0,107144,227004,102439,248605,1258265,64797371,322167,926371,9727,85160,237007,45670,39490,186216,50791,924820,1551,277390,647430,1551,0,18,9709,8,10,9709,0,20006563,44790808,4977482,15029081,16572799,28218009,n3856,false,0.7951888866521236,0.7156610249077763,0,4207,false,502,4,0.7414520068027755,0.27627973597331534,null
14851574,66055636,603926,13562456,685192,310195,293731,10139459,0,334148,351044,98268,211927,1468700,2248028,4076029,0,107144,227004,102439,248605,1258265,64797371,322167,926371,9727,85160,237007,45670,39490,186216,50791,924820,1551,277390,647430,1551,0,18,9709,8,10,9709,0,20006563,44790808,4977482,15029081,16572799,28218009,n7883,false,0.021762490774890397,0.0875854229475278,0,14602,false,501,4,0.9195119487496187,0.9979942260385002,null
14851574,66055636,603926,13562456,685192,310195,293731,10139459,0,334148,351044,98268,211927,1468700,2248028,4076029,0,107144,227004,102439,248605,1258265,64797371,322167,926371,9727,85160,237007,45670,39490,186216,50791,924820,1551,277390,647430,1551,0,18,9709,8,10,9709,0,20006563,44790808,4977482,15029081,16572799,28218009,n10475,false,0.9999968937225335,0.4743069230657754,0,2538,false,502,4,0.7825369682411987,0.07065176788988847,null
14851574,66055636,603926,13562456,685192,310195,293731,10139459,0,334148,351044,98268,211927,1468700,2248028,4076029,0,107144,227004,102439,248605,1258265,64797371,322167,926371,9727,85160,237007,45670,39490,186216,50791,924820,1551,277390,647430,1551,0,18,9709,8,10,9709,0,20006563,44790808,4977482,15029081,16572799,28218009,n10477,true,0.7862866989379866,0.8342016674638224,13,4885,false,506,14,0.9193010358412347,0.21722798798008203,null
14851574,66055636,603926,13562456,685192,310195,293731,10139459,0,334148,351044,98268,211927,1468700,2248028,4076029,0,107144,227004,102439,248605,1258265,64797371,322167,926371,9727,85160,237007,45670,39490,186216,50791,924820,1551,277390,647430,1551,0,18,9709,8,10,9709,0,20006563,44790808,4977482,15029081,16572799,28218009,n7880,false,0.5457152281449288,0.7148185028296169,0,2505,false,502,5,0.6777565584937395,0.9951063523201547,null
14851574,66055636,603926,13562456,685192,310195,293731,10139459,0,334148,351044,98268,211927,1468700,2248028,4076029,0,107144,227004,102439,248605,1258265,64797371,322167,926371,9727,85160,237007,45670,39490,186216,50791,924820,1551,277390,647430,1551,0,18,9709,8,10,9709,0,20006563,44790808,4977482,15029081,16572799,28218009,n31859,false,0.3177645975427007,0.9063141906299403,0,4,false,508,17,0.7933706504632473,0.3806440538032026,null
14851574,66055636,603926,13562456,685192,310195,293731,10139459,0,334148,351044,98268,211927,1468700,2248028,4076029,0,107144,227004,102439,248605,1258265,64797371,322167,926371,9727,85160,237007,45670,39490,186216,50791,924820,1551,277390,647430,1551,0,18,9709,8,10,9709,0,20006563,44790808,4977482,15029081,16572799,28218009,n3847,false,0.4143293520960756,0.7329220730505729,0,7991,false,503,6,0.7899658647363922,0.2567851552579844,null
14851574,66055636,603926,13562456,685192,310195,293731,10139459,0,334148,351044,98268,211927,1468700,2248028,4076029,0,107144,227004,102439,248605,1258265,64797371,322167,926371,9727,85160,237007,45670,39490,186216,50791,924820,1551,277390,647430,1551,0,18,9709,8,10,9709,0,20006563,44790808,4977482,15029081,16572799,28218009,n3844,true,0.5875945998282383,0.45828681644868974,11,28999,false,0,0,0.2318893196988877,0.5623140327119137,null
14851574,66055636,603926,13562456,685192,310195,293731,10139459,0,334148,351044,98268,211927,1468700,2248028,4076029,0,107144,227004,102439,248605,1258265,64797371,322167,926371,9727,85160,237007,45670,39490,186216,50791,924820,1551,277390,647430,1551,0,18,9709,8,10,9709,0,20006563,44790808,4977482,15029081,16572799,28218009,n25547,false,0.9999990754196201,0.34628823758086186,0,1944,false,502,5,0.9338394583518784,0.5517736360522854,null
14851574,66055636,603926,13562456,685192,310195,293731,10139459,0,334148,351044,98268,211927,1468700,2248028,4076029,0,107144,227004,102439,248605,1258265,64797371,322167,926371,9727,85160,237007,45670,39490,186216,50791,924820,1551,277390,647430,1551,0,18,9709,8,10,9709,0,20006563,44790808,4977482,15029081,16572799,28218009,n10490,false,0.9165578054448447,0.9695307995502471,0,5796,false,504,8,0.8913499454715593,0.9643917659781696,null
14851574,66055636,603926,13562456,685192,310195,293731,10139459,0,334148,351044,98268,211927,1468700,2248028,4076029,0,107144,227004,102439,248605,1258265,64797371,322167,926371,9727,85160,237007,45670,39490,186216,50791,924820,1551,277390,647430,1551,0,18,9709,8,10,9709,0,20006563,44790808,4977482,15029081,16572799,28218009,n10491,false,0.44326285076536664,0.5983972844279523,0,3354,false,501,4,0.37592445385246465,0.8167102702306626,null
14851574,66055636,603926,13562456,685192,310195,293731,10139459,0,334148,351044,98268,211927,1468700,2248028,4076029,0,107144,227004,102439,248605,1258265,64797371,322167,926371,9727,85160,237007,45670,39490,186216,50791,924820,1551,277390,647430,1551,0,18,9709,8,10,9709,0,20006563,44790808,4977482,15029081,16572799,28218009,n7898,false,0.9999984999388517,0.24431229081828543,0,4263,false,504,8,0.6041067047365614,0.7345730495022876,null
14851574,66055636,603926,13562456,685192,310195,293731,10139459,0,334148,351044,98268,211927,1468700,2248028,4076029,0,107144,227004,102439,248605,1258265,64797371,322167,926371,9727,85160,237007,45670,39490,186216,50791,924820,1551,277390,647430,1551,0,18,9709,8,10,9709,0,20006563,44790808,4977482,15029081,16572799,28218009,n3834,false,0.9999980720792344,0.40842302344476067,0,224,false,505,13,0.7150352733252592,0.15689235124875156,null
14851574,66055636,603926,13562456,685192,310195,293731,10139459,0,334148,351044,98268,211927,1468700,2248028,4076029,0,107144,227004,102439,248605,1258265,64797371,322167,926371,9727,85160,237007,45670,39490,186216,50791,924820,1551,277390,647430,1551,0,18,9709,8,10,9709,0,20006563,44790808,4977482,15029081,16572799,28218009,n9184,true,0.38825760883065047,0.6341939806660151,11,6961,false,500,3,0.2774519712805239,0.19146303040789203,null
14851574,66055636,603926,13562456,685192,310195,293731,10139459,0,334148,351044,98268,211927,1468700,2248028,4076029,0,107144,227004,102439,248605,1258265,64797371,322167,926371,9727,85160,237007,45670,39490,186216,50791,924820,1551,277390,647430,1551,0,18,9709,8,10,9709,0,20006563,44790808,4977482,15029081,16572799,28218009,n10496,false,0.9999976493122806,0.04406284693198825,0,15445,false,506,13,0.9367048885521317,0.19191140772870885,null
14851574,66055636,603926,13562456,685192,310195,293731,10139459,0,334148,351044,98268,211927,1468700,2248028,4076029,0,107144,227004,102439,248605,1258265,64797371,322167,926371,9727,85160,237007,45670,39490,186216,50791,924820,1551,277390,647430,1551,0,18,9709,8,10,9709,0,20006563,44790808,4977482,15029081,16572799,28218009,n7847,false,0.9507311866054109,0.4226530848792588,0,8911,false,505,11,0.9610736855703772,0.20611214920562515,null
14851574,66055636,603926,13562456,685192,310195,293731,10139459,0,334148,351044,98268,211927,1468700,2248028,4076029,0,107144,227004,102439,248605,1258265,64797371,322167,926371,9727,85160,237007,45670,39490,186216,50791,924820,1551,277390,647430,1551,0,18,9709,8,10,9709,0,20006563,44790808,4977482,15029081,16572799,28218009,n7843,true,0.464567980209426,0.9644511282136172,13,5281,false,500,1,0.37436055626977227,0.8908227631278276,null
14851574,66055636,603926,13562456,685192,310195,293731,10139459,0,334148,351044,98268,211927,1468700,2248028,4076029,0,107144,227004,102439,248605,1258265,64797371,322167,926371,9727,85160,237007,45670,39490,186216,50791,924820,1551,277390,647430,1551,0,18,9709,8,10,9709,0,20006563,44790808,4977482,15029081,16572799,28218009,n3827,false,0.27486891030374505,0.738036839878474,0,1548,false,503,7,0.7808454423150328,0.11308231381665379,null
14851574,66055636,603926,13562456,685192,310195,293731,10139459,0,334148,351044,98268,211927,1468700,2248028,4076029,0,107144,227004,102439,248605,1258265,64797371,322167,926371,9727,85160,237007,45670,39490,186216,50791,924820,1551,277390,647430,1551,0,18,9709,8,10,9709,0,20006563,44790808,4977482,15029081,16572799,28218009,n10448,true,0.29295036176289657,0.832362253072223,10,28999,false,0,0,0.4251437937733047,0.689947722535569,null
14851574,66055636,603926,13562456,685192,310195,293731,10139459,0,334148,351044,98268,211927,1468700,2248028,4076029,0,107144,227004,102439,248605,1258265,64797371,322167,926371,9727,85160,237007,45670,39490,186216,50791,924820,1551,277390,647430,1551,0,18,9709,8,10,9709,0,20006563,44790808,4977482,15029081,16572799,28218009,n7851,true,0.8900040224090755,0.3767450468604444,9,340,false,501,5,0.8881473422585452,0.6616655375629433,null
14851574,66055636,603926,13562456,685192,310195,293731,10139459,0,334148,351044,98268,211927,1468700,2248028,4076029,0,107144,227004,102439,248605,1258265,64797371,322167,926371,9727,85160,237007,45670,39490,186216,50791,924820,1551,277390,647430,1551,0,18,9709,8,10,9709,0,20006563,44790808,4977482,15029081,16572799,28218009,n10440,true,0.6708055770150901,0.8104103521688967,12,144,false,503,8,0.5684050289195148,0.4794249156429246,null
14851574,66055636,603926,13562456,685192,310195,293731,10139459,0,334148,351044,98268,211927,1468700,2248028,4076029,0,107144,227004,102439,248605,1258265,64797371,322167,926371,9727,85160,237007,45670,39490,186216,50791,924820,1551,277390,647430,1551,0,18,9709,8,10,9709,0,20006563,44790808,4977482,15029081,16572799,28218009,n7837,false,0.9999997832388783,0.7595815589420764,0,28999,false,0,0,0.6821971696680335,0.028216780284591847,null
14851574,66055636,603926,13562456,685192,310195,293731,10139459,0,334148,351044,98268,211927,1468700,2248028,4076029,0,107144,227004,102439,248605,1258265,64797371,322167,926371,9727,85160,237007,45670,39490,186216,50791,924820,1551,277390,647430,1551,0,18,9709,8,10,9709,0,20006563,44790808,4977482,15029081,16572799,28218009,n7839,false,0.13528574121857453,0.8401179332861733,0,16227,false,504,9,0.28265928606127433,0.46517945363663615,null
14851574,66055636,603926,13562456,685192,310195,293731,10139459,0,334148,351044,98268,211927,1468700,2248028,4076029,0,107144,227004,102439,248605,1258265,64797371,322167,926371,9727,85160,237007,45670,39490,186216,50791,924820,1551,277390,647430,1551,0,18,9709,8,10,9709,0,20006563,44790808,4977482,15029081,16572799,28218009,n7835,true,0.047434471981567514,0.8203286418118447,16,28988,false,11,1,0.9550946694286018,0.7238921959821972,null
14851574,66055636,603926,13562456,685192,310195,293731,10139459,0,334148,351044,98268,211927,1468700,2248028,4076029,0,107144,227004,102439,248605,1258265,64797371,322167,926371,9727,85160,237007,45670,39490,186216,50791,924820,1551,277390,647430,1551,0,18,9709,8,10,9709,0,20006563,44790808,4977482,15029081,16572799,28218009,n10437,false,0.7303532582480189,0.9441020348504251,0,5993,false,502,6,0.9383398410201269,0.31927289012264787,null
14851574,66055636,603926,13562456,685192,310195,293731,10139459,0,334148,351044,98268,211927,1468700,2248028,4076029,0,107144,227004,102439,248605,1258265,64797371,322167,926371,9727,85160,237007,45670,39490,186216,50791,924820,1551,277390,647430,1551,0,18,9709,8,10,9709,0,20006563,44790808,4977482,15029081,16572799,28218009,n10431,false,0.9999960220489322,0.02360649262779746,0,28999,false,500,0,0.7265437646935391,0.6557013123779192,null
14851574,66055636,603926,13562456,685192,310195,293731,10139459,0,334148,351044,98268,211927,1468700,2248028,4076029,0,107144,227004,102439,248605,1258265,64797371,322167,926371,9727,85160,237007,45670,39490,186216,50791,924820,1551,277390,647430,1551,0,18,9709,8,10,9709,0,20006563,44790808,4977482,15029081,16572799,28218009,n7841,false,0.6542885690639022,0.32928119901373476,0,510,false,500,2,0.8704638697494566,0.07448218412405982,null
14851574,66055636,603926,13562456,685192,310195,293731,10139459,0,334148,351044,98268,211927,1468700,2248028,4076029,0,107144,227004,102439,248605,1258265,64797371,322167,926371,9727,85160,237007,45670,39490,186216,50791,924820,1551,277390,647430,1551,0,18,9709,8,10,9709,0,20006563,44790808,4977482,15029081,16572799,28218009,n3805,false,0.43766253635393865,0.14682689807697602,0,213,false,504,10,0.8918470651407024,0.06813894764162098,null
14851574,66055636,603926,13562456,685192,310195,293731,10139459,0,334148,351044,98268,211927,1468700,2248028,4076029,0,107144,227004,102439,248605,1258265,64797371,322167,926371,9727,85160,237007,45670,39490,186216,50791,924820,1551,277390,647430,1551,0,18,9709,8,10,9709,0,20006563,44790808,4977482,15029081,16572799,28218009,n3806,true,0.08333233411668517,0.729343690452892,11,28999,false,0,0,0.9613440084127605,0.3076924714812304,null
14851574,66055636,603926,13562456,685192,310195,293731,10139459,0,334148,351044,98268,211927,1468700,2248028,4076029,0,107144,227004,102439,248605,1258265,64797371,322167,926371,9727,85160,237007,45670,39490,186216,50791,924820,1551,277390,647430,1551,0,18,9709,8,10,9709,0,20006563,44790808,4977482,15029081,16572799,28218009,n10469,false,0.3962969270130264,0.24049023113474427,0,15147,false,502,5,0.7207739483595732,0.12697635428940612,null
14851574,66055636,603926,13562456,685192,310195,293731,10139459,0,334148,351044,98268,211927,1468700,2248028,4076029,0,107144,227004,102439,248605,1258265,64797371,322167,926371,9727,85160,237007,45670,39490,186216,50791,924820,1551,277390,647430,1551,0,18,9709,8,10,9709,0,20006563,44790808,4977482,15029081,16572799,28218009,n23940,true,0.8900159686418535,0.2752525711478626,12,28999,false,0,0,0.8200200274952985,0.33116244849956356,null
14851574,66055636,603926,13562456,685192,310195,293731,10139459,0,334148,351044,98268,211927,1468700,2248028,4076029,0,107144,227004,102439,248605,1258265,64797371,322167,926371,9727,85160,237007,45670,39490,186216,50791,924820,1551,277390,647430,1551,0,18,9709,8,10,9709,0,20006563,44790808,4977482,15029081,16572799,28218009,n7872,false,0.870837166833522,0.21757511647262673,0,124,false,502,5,0.9292232960920014,0.6437501061854136,null
14851574,66055636,603926,13562456,685192,310195,293731,10139459,0,334148,351044,98268,211927,1468700,2248028,4076029,0,107144,227004,102439,248605,1258265,64797371,322167,926371,9727,85160,237007,45670,39490,186216,50791,924820,1551,277390,647430,1551,0,18,9709,8,10,9709,0,20006563,44790808,4977482,15029081,16572799,28218009,n7854,false,0.9999978370291984,0.8393046173948349,0,18757,false,501,3,0.8993424619047355,0.3220012738200831,null
14851574,66055636,603926,13562456,685192,310195,293731,10139459,0,334148,351044,98268,211927,1468700,2248028,4076029,0,107144,227004,102439,248605,1258265,64797371,322167,926371,9727,85160,237007,45670,39490,186216,50791,924820,1551,277390,647430,1551,0,18,9709,8,10,9709,0,20006563,44790808,4977482,15029081,16572799,28218009,n7856,false,0.062059672619567297,0.4808065302267571,0,5043,false,501,4,0.9416695735355269,0.23671923547315932,null
14851574,66055636,603926,13562456,685192,310195,293731,10139459,0,334148,351044,98268,211927,1468700,2248028,4076029,0,107144,227004,102439,248605,1258265,64797371,322167,926371,9727,85160,237007,45670,39490,186216,50791,924820,1551,277390,647430,1551,0,18,9709,8,10,9709,0,20006563,44790808,4977482,15029081,16572799,28218009,n7857,true,0.8904520572623229,0.01964843862670218,21,3901,false,500,3,0.5949156064992196,0.7076268802391631,null
14851574,66055636,603926,13562456,685192,310195,293731,10139459,0,334148,351044,98268,211927,1468700,2248028,4076029,0,107144,227004,102439,248605,1258265,64797371,322167,926371,9727,85160,237007,45670,39490,186216,50791,924820,1551,277390,647430,1551,0,18,9709,8,10,9709,0,20006563,44790808,4977482,15029081,16572799,28218009,n7859,false,0.5374664339995772,0.8610892697602774,0,11196,false,502,5,0.6034143603412023,0.22973218215432234,null
14851574,66055636,603926,13562456,685192,310195,293731,10139459,0,334148,351044,98268,211927,1468700,2248028,4076029,0,107144,227004,102439,248605,1258265,64797371,322167,926371,9727,85160,237007,45670,39490,186216,50791,924820,1551,277390,647430,1551,0,18,9709,8,10,9709,0,20006563,44790808,4977482,15029081,16572799,28218009,n23955,false,0.2596835661693528,0.5211699709941511,0,28999,false,500,0,0.914513090112816,0.7304993779798518,null
14851574,66055636,603926,13562456,685192,310195,293731,10139459,0,334148,351044,98268,211927,1468700,2248028,4076029,0,107144,227004,102439,248605,1258265,64797371,322167,926371,9727,85160,237007,45670,39490,186216,50791,924820,1551,277390,647430,1551,0,18,9709,8,10,9709,0,20006563,44790808,4977482,15029081,16572799,28218009,n10454,false,0.9999977699905533,0.9201383736737464,0,514,false,503,7,0.9971872116531355,0.9339611721171897,null
14851574,66055636,603926,13562456,685192,310195,293731,10139459,0,334148,351044,98268,211927,1468700,2248028,4076029,0,107144,227004,102439,248605,1258265,64797371,322167,926371,9727,85160,237007,45670,39490,186216,50791,924820,1551,277390,647430,1551,0,18,9709,8,10,9709,0,20006563,44790808,4977482,15029081,16572799,28218009,n7860,false,0.04497860413990234,0.4239505965974955,0,9422,false,502,5,0.7549997203478918,0.08803793583289354,null
14851574,66055636,603926,13562456,685192,310195,293731,10139459,0,334148,351044,98268,211927,1468700,2248028,4076029,0,107144,227004,102439,248605,1258265,64797371,322167,926371,9727,85160,237007,45670,39490,186216,50791,924820,1551,277390,647430,1551,0,18,9709,8,10,9709,0,20006563,44790808,4977482,15029081,16572799,28218009,n23950,false,0.16488978482973862,0.966019429490742,0,10560,false,503,8,0.8479579580336075,0.19079026737756777,null
14851574,66055636,603926,13562456,685192,310195,293731,10139459,0,334148,351044,98268,211927,1468700,2248028,4076029,0,107144,227004,102439,248605,1258265,64797371,322167,926371,9727,85160,237007,45670,39490,186216,50791,924820,1551,277390,647430,1551,0,18,9709,8,10,9709,0,20006563,44790808,4977482,15029081,16572799,28218009,n31831,false,0.018853759706865033,0.26099821806459245,0,8797,false,506,13,0.7141996720297074,0.6445662768045561,null
14851574,66055636,603926,13562456,685192,310195,293731,10139459,0,334148,351044,98268,211927,1468700,2248028,4076029,0,107144,227004,102439,248605,1258265,64797371,322167,926371,9727,85160,237007,45670,39490,186216,50791,924820,1551,277390,647430,1551,0,18,9709,8,10,9709,0,20006563,44790808,4977482,15029081,16572799,28218009,n23953,false,0.9999994809198749,0.6593760209637072,0,667,false,503,7,0.8843647088791644,0.37213653278734143,null
14851574,66055636,603926,13562456,685192,310195,293731,10139459,0,334148,351044,98268,211927,1468700,2248028,4076029,0,107144,227004,102439,248605,1258265,64797371,322167,926371,9727,85160,237007,45670,39490,186216,50791,924820,1551,277390,647430,1551,0,18,9709,8,10,9709,0,20006563,44790808,4977482,15029081,16572799,28218009,n10407,false,0.9999965901554525,0.19441133917618514,0,10539,false,502,4,0.8138000162220927,0.5824991586808774,null
14851574,66055636,603926,13562456,685192,310195,293731,10139459,0,334148,351044,98268,211927,1468700,2248028,4076029,0,107144,227004,102439,248605,1258265,64797371,322167,926371,9727,85160,237007,45670,39490,186216,50791,924820,1551,277390,647430,1551,0,18,9709,8,10,9709,0,20006563,44790808,4977482,15029081,16572799,28218009,n7808,false,0.9999983638495201,0.18274404710773862,0,10845,false,501,2,0.7807088267870577,0.855523992851086,null
14851574,66055636,603926,13562456,685192,310195,293731,10139459,0,334148,351044,98268,211927,1468700,2248028,4076029,0,107144,227004,102439,248605,1258265,64797371,322167,926371,9727,85160,237007,45670,39490,186216,50791,924820,1551,277390,647430,1551,0,18,9709,8,10,9709,0,20006563,44790808,4977482,15029081,16572799,28218009,n26650,false,0.3419141155473655,0.623928463470068,0,28996,false,500,1,0.21035469283222707,0.09640397826923996,null
14851574,66055636,603926,13562456,685192,310195,293731,10139459,0,334148,351044,98268,211927,1468700,2248028,4076029,0,107144,227004,102439,248605,1258265,64797371,322167,926371,9727,85160,237007,45670,39490,186216,50791,924820,1551,277390,647430,1551,0,18,9709,8,10,9709,0,20006563,44790808,4977482,15029081,16572799,28218009,n7802,false,0.9999958961111194,0.4412958838007499,0,5426,false,501,4,0.8546756442923078,0.6750452978645523,null
14851574,66055636,603926,13562456,685192,310195,293731,10139459,0,334148,351044,98268,211927,1468700,2248028,4076029,0,107144,227004,102439,248605,1258265,64797371,322167,926371,9727,85160,237007,45670,39490,186216,50791,924820,1551,277390,647430,1551,0,18,9709,8,10,9709,0,20006563,44790808,4977482,15029081,16572799,28218009,n22880,false,0.2418978577934721,0.8728923989305932,0,11014,false,502,4,0.04348283457452251,0.34307634808519427,null
14851574,66055636,603926,13562456,685192,310195,293731,10139459,0,334148,351044,98268,211927,1468700,2248028,4076029,0,107144,227004,102439,248605,1258265,64797371,322167,926371,9727,85160,237007,45670,39490,186216,50791,924820,1551,277390,647430,1551,0,18,9709,8,10,9709,0,20006563,44790808,4977482,15029081,16572799,28218009,n11527,false,0.999995043288833,0.4204498383235787,0,15433,false,502,6,0.7308917785600875,0.08401988192623988,null
14851574,66055636,603926,13562456,685192,310195,293731,10139459,0,334148,351044,98268,211927,1468700,2248028,4076029,0,107144,227004,102439,248605,1258265,64797371,322167,926371,9727,85160,237007,45670,39490,186216,50791,924820,1551,277390,647430,1551,0,18,9709,8,10,9709,0,20006563,44790808,4977482,15029081,16572799,28218009,n26678,true,0.41756326989595227,0.02351543549762536,11,164,false,501,7,0.13004303649165871,0.32087755292457054,null
14851574,66055636,603926,13562456,685192,310195,293731,10139459,0,334148,351044,98268,211927,1468700,2248028,4076029,0,107144,227004,102439,248605,1258265,64797371,322167,926371,9727,85160,237007,45670,39490,186216,50791,924820,1551,277390,647430,1551,0,18,9709,8,10,9709,0,20006563,44790808,4977482,15029081,16572799,28218009,n10420,false,0.9999968207105566,0.0025083490818208487,0,387,false,504,8,0.6622548503188276,0.3722456538489224,null
14851574,66055636,603926,13562456,685192,310195,293731,10139459,0,334148,351044,98268,211927,1468700,2248028,4076029,0,107144,227004,102439,248605,1258265,64797371,322167,926371,9727,85160,237007,45670,39490,186216,50791,924820,1551,277390,647430,1551,0,18,9709,8,10,9709,0,20006563,44790808,4977482,15029081,16572799,28218009,n107,true,0.025194650366646032,0.8040287579410048,12,28999,false,0,0,0.5531537521131136,0.9589744068169963,null
14851574,66055636,603926,13562456,685192,310195,293731,10139459,0,334148,351044,98268,211927,1468700,2248028,4076029,0,107144,227004,102439,248605,1258265,64797371,322167,926371,9727,85160,237007,45670,39490,186216,50791,924820,1551,277390,647430,1551,0,18,9709,8,10,9709,0,20006563,44790808,4977482,15029081,16572799,28218009,n105,false,0.0039699745034753025,0.78650390105207,0,6497,false,504,9,0.8805891412673694,0.6083411047795398,null
14851574,66055636,603926,13562456,685192,310195,293731,10139459,0,334148,351044,98268,211927,1468700,2248028,4076029,0,107144,227004,102439,248605,1258265,64797371,322167,926371,9727,85160,237007,45670,39490,186216,50791,924820,1551,277390,647430,1551,0,18,9709,8,10,9709,0,20006563,44790808,4977482,15029081,16572799,28218009,n104,true,0.10676195522161913,0.6886222074357016,10,28999,false,0,0,0.5482370904715921,0.0438499522616278,null
14851574,66055636,603926,13562456,685192,310195,293731,10139459,0,334148,351044,98268,211927,1468700,2248028,4076029,0,107144,227004,102439,248605,1258265,64797371,322167,926371,9727,85160,237007,45670,39490,186216,50791,924820,1551,277390,647430,1551,0,18,9709,8,10,9709,0,20006563,44790808,4977482,15029081,16572799,28218009,n103,false,0.007828283127256025,0.38880494223469947,0,3522,false,502,6,0.8285000185303486,0.8685096659142412,null
14851574,66055636,603926,13562456,685192,310195,293731,10139459,0,334148,351044,98268,211927,1468700,2248028,4076029,0,107144,227004,102439,248605,1258265,64797371,322167,926371,9727,85160,237007,45670,39490,186216,50791,924820,1551,277390,647430,1551,0,18,9709,8,10,9709,0,20006563,44790808,4977482,15029081,16572799,28218009,n102,false,0.0588204941393207,0.26905683609715186,0,26918,false,501,5,0.7902454752040661,0.10219627418128219,null
14851574,66055636,603926,13562456,685192,310195,293731,10139459,0,334148,351044,98268,211927,1468700,2248028,4076029,0,107144,227004,102439,248605,1258265,64797371,322167,926371,9727,85160,237007,45670,39490,186216,50791,924820,1551,277390,647430,1551,0,18,9709,8,10,9709,0,20006563,44790808,4977482,15029081,16572799,28218009,n7828,false,0.39914238240413347,0.5265655432430381,0,9324,false,500,9,0.794360404156235,0.38726248215863074,null
14851574,66055636,603926,13562456,685192,310195,293731,10139459,0,334148,351044,98268,211927,1468700,2248028,4076029,0,107144,227004,102439,248605,1258265,64797371,322167,926371,9727,85160,237007,45670,39490,186216,50791,924820,1551,277390,647430,1551,0,18,9709,8,10,9709,0,20006563,44790808,4977482,15029081,16572799,28218009,n10412,false,0.9999976247942528,0.18225140637942072,0,345,false,505,10,0.9170335295541167,0.037841677981269584,null
14851574,66055636,603926,13562456,685192,310195,293731,10139459,0,334148,351044,98268,211927,1468700,2248028,4076029,0,107144,227004,102439,248605,1258265,64797371,322167,926371,9727,85160,237007,45670,39490,186216,50791,924820,1551,277390,647430,1551,0,18,9709,8,10,9709,0,20006563,44790808,4977482,15029081,16572799,28218009,n17322,false,0.25340547899711724,0.6991694319628435,0,21429,false,501,4,0.4945376134353573,0.6140060643617266,null
14851574,66055636,603926,13562456,685192,310195,293731,10139459,0,334148,351044,98268,211927,1468700,2248028,4076029,0,107144,227004,102439,248605,1258265,64797371,322167,926371,9727,85160,237007,45670,39490,186216,50791,924820,1551,277390,647430,1551,0,18,9709,8,10,9709,0,20006563,44790808,4977482,15029081,16572799,28218009,n11542,true,0.7322222074145288,0.8946483024735048,10,22441,false,500,2,0.49934004280471206,0.39221013606973665,null
14851574,66055636,603926,13562456,685192,310195,293731,10139459,0,334148,351044,98268,211927,1468700,2248028,4076029,0,107144,227004,102439,248605,1258265,64797371,322167,926371,9727,85160,237007,45670,39490,186216,50791,924820,1551,277390,647430,1551,0,18,9709,8,10,9709,0,20006563,44790808,4977482,15029081,16572799,28218009,n22866,false,0.05157619300237837,0.09194181096997533,0,518,false,505,10,0.4869335143634407,0.6493003810755564,null
14851574,66055636,603926,13562456,685192,310195,293731,10139459,0,334148,351044,98268,211927,1468700,2248028,4076029,0,107144,227004,102439,248605,1258265,64797371,322167,926371,9727,85160,237007,45670,39490,186216,50791,924820,1551,277390,647430,1551,0,18,9709,8,10,9709,0,20006563,44790808,4977482,15029081,16572799,28218009,n7812,false,0.6175219163570925,0.29977812520220387,0,8923,false,505,11,0.2806531779958098,0.5111590198357585,null
14851574,66055636,603926,13562456,685192,310195,293731,10139459,0,334148,351044,98268,211927,1468700,2248028,4076029,0,107144,227004,102439,248605,1258265,64797371,322167,926371,9727,85160,237007,45670,39490,186216,50791,924820,1551,277390,647430,1551,0,18,9709,8,10,9709,0,20006563,44790808,4977482,15029081,16572799,28218009,n7817,false,0.49149941492838445,0.8771558978117685,0,15759,false,501,4,0.44034947035524086,0.20567616312661063,null
14851574,66055636,603926,13562456,685192,310195,293731,10139459,0,334148,351044,98268,211927,1468700,2248028,4076029,0,107144,227004,102439,248605,1258265,64797371,322167,926371,9727,85160,237007,45670,39490,186216,50791,924820,1551,277390,647430,1551,0,18,9709,8,10,9709,0,20006563,44790808,4977482,15029081,16572799,28218009,n23990,true,0.9217491163348273,0.07285384570978648,6,28999,false,0,0,0.6623964823193194,0.1180854377731666,null
14851574,66055636,603926,13562456,685192,310195,293731,10139459,0,334148,351044,98268,211927,1468700,2248028,4076029,0,107144,227004,102439,248605,1258265,64797371,322167,926371,9727,85160,237007,45670,39490,186216,50791,924820,1551,277390,647430,1551,0,18,9709,8,10,9709,0,20006563,44790808,4977482,15029081,16572799,28218009,n22833,false,0.3002549555477323,0.4166664890831146,0,2084,false,505,11,0.9432959308643907,0.19384761497368153,null
14851574,66055636,603926,13562456,685192,310195,293731,10139459,0,334148,351044,98268,211927,1468700,2248028,4076029,0,107144,227004,102439,248605,1258265,64797371,322167,926371,9727,85160,237007,45670,39490,186216,50791,924820,1551,277390,647430,1551,0,18,9709,8,10,9709,0,20006563,44790808,4977482,15029081,16572799,28218009,n11575,false,0.9999957172745231,0.8550931814183096,0,5958,false,505,11,0.8764270389081262,0.8255814732482958,null
14851574,66055636,603926,13562456,685192,310195,293731,10139459,0,334148,351044,98268,211927,1468700,2248028,4076029,0,107144,227004,102439,248605,1258265,64797371,322167,926371,9727,85160,237007,45670,39490,186216,50791,924820,1551,277390,647430,1551,0,18,9709,8,10,9709,0,20006563,44790808,4977482,15029081,16572799,28218009,n18804,true,0.31177357815626255,0.8030056103310836,10,10993,false,500,2,0.404128610644569,0.10980671269453401,null
14851574,66055636,603926,13562456,685192,310195,293731,10139459,0,334148,351044,98268,211927,1468700,2248028,4076029,0,107144,227004,102439,248605,1258265,64797371,322167,926371,9727,85160,237007,45670,39490,186216,50791,924820,1551,277390,647430,1551,0,18,9709,8,10,9709,0,20006563,44790808,4977482,15029081,16572799,28218009,n6311,false,0.2282374776089138,0.4681934998710162,0,6026,false,503,7,0.8279398307114059,0.2927087894617283,null
14851574,66055636,603926,13562456,685192,310195,293731,10139459,0,334148,351044,98268,211927,1468700,2248028,4076029,0,107144,227004,102439,248605,1258265,64797371,322167,926371,9727,85160,237007,45670,39490,186216,50791,924820,1551,277390,647430,1551,0,18,9709,8,10,9709,0,20006563,44790808,4977482,15029081,16572799,28218009,n6309,false,0.3118623432261947,0.18020685718984575,0,7552,false,500,2,0.6500274190641749,0.6106932561914055,null
14851574,66055636,603926,13562456,685192,310195,293731,10139459,0,334148,351044,98268,211927,1468700,2248028,4076029,0,107144,227004,102439,248605,1258265,64797371,322167,926371,9727,85160,237007,45670,39490,186216,50791,924820,1551,277390,647430,1551,0,18,9709,8,10,9709,0,20006563,44790808,4977482,15029081,16572799,28218009,n6306,true,0.13602418295842586,0.005393443073278603,8,1878,false,501,3,0.7728775211636625,0.661248586650779,null
14851574,66055636,603926,13562456,685192,310195,293731,10139459,0,334148,351044,98268,211927,1468700,2248028,4076029,0,107144,227004,102439,248605,1258265,64797371,322167,926371,9727,85160,237007,45670,39490,186216,50791,924820,1551,277390,647430,1551,0,18,9709,8,10,9709,0,20006563,44790808,4977482,15029081,16572799,28218009,n11560,true,0.9999987838530019,0.993002309544196,20,7070,false,502,6,0.9377182275083051,0.6651584245222961,null
14851574,66055636,603926,13562456,685192,310195,293731,10139459,0,334148,351044,98268,211927,1468700,2248028,4076029,0,107144,227004,102439,248605,1258265,64797371,322167,926371,9727,85160,237007,45670,39490,186216,50791,924820,1551,277390,647430,1551,0,18,9709,8,10,9709,0,20006563,44790808,4977482,15029081,16572799,28218009,n22818,false,0.9999950434990574,0.5412804174892378,0,28997,false,500,1,0.5072384438790878,0.7248800029675772,null
14851574,66055636,603926,13562456,685192,310195,293731,10139459,0,334148,351044,98268,211927,1468700,2248028,4076029,0,107144,227004,102439,248605,1258265,64797371,322167,926371,9727,85160,237007,45670,39490,186216,50791,924820,1551,277390,647430,1551,0,18,9709,8,10,9709,0,20006563,44790808,4977482,15029081,16572799,28218009,n6341,true,0.36406295121424287,0.590101471259385,10,8570,false,500,3,0.8994280924309499,0.8218793239496287,null
14851574,66055636,603926,13562456,685192,310195,293731,10139459,0,334148,351044,98268,211927,1468700,2248028,4076029,0,107144,227004,102439,248605,1258265,64797371,322167,926371,9727,85160,237007,45670,39490,186216,50791,924820,1551,277390,647430,1551,0,18,9709,8,10,9709,0,20006563,44790808,4977482,15029081,16572799,28218009,n6339,false,0.010882784145317737,0.9669824340872293,0,4831,false,504,9,0.6804902096882067,0.764147382906563,null
14851574,66055636,603926,13562456,685192,310195,293731,10139459,0,334148,351044,98268,211927,1468700,2248028,4076029,0,107144,227004,102439,248605,1258265,64797371,322167,926371,9727,85160,237007,45670,39490,186216,50791,924820,1551,277390,647430,1551,0,18,9709,8,10,9709,0,20006563,44790808,4977482,15029081,16572799,28218009,n18821,false,0.2686668901308756,0.45764218043591015,0,9307,false,502,6,0.6355084020792474,0.39957080623748653,null
14851574,66055636,603926,13562456,685192,310195,293731,10139459,0,334148,351044,98268,211927,1468700,2248028,4076029,0,107144,227004,102439,248605,1258265,64797371,322167,926371,9727,85160,237007,45670,39490,186216,50791,924820,1551,277390,647430,1551,0,18,9709,8,10,9709,0,20006563,44790808,4977482,15029081,16572799,28218009,n6337,false,0.22581922877848554,0.6102234397975594,0,2459,false,504,9,0.27137812626109636,0.4541315186684047,null
14851574,66055636,603926,13562456,685192,310195,293731,10139459,0,334148,351044,98268,211927,1468700,2248028,4076029,0,107144,227004,102439,248605,1258265,64797371,322167,926371,9727,85160,237007,45670,39490,186216,50791,924820,1551,277390,647430,1551,0,18,9709,8,10,9709,0,20006563,44790808,4977482,15029081,16572799,28218009,n11591,false,0.9999957036107424,0.18932460691013464,0,15850,false,502,5,0.5429954604763049,0.6475350451161523,null
14851574,66055636,603926,13562456,685192,310195,293731,10139459,0,334148,351044,98268,211927,1468700,2248028,4076029,0,107144,227004,102439,248605,1258265,64797371,322167,926371,9727,85160,237007,45670,39490,186216,50791,924820,1551,277390,647430,1551,0,18,9709,8,10,9709,0,20006563,44790808,4977482,15029081,16572799,28218009,n22826,false,0.6490805417557435,0.3632449569996936,0,4772,false,504,9,0.8770184387443257,0.5477877518167841,null
14851574,66055636,603926,13562456,685192,310195,293731,10139459,0,334148,351044,98268,211927,1468700,2248028,4076029,0,107144,227004,102439,248605,1258265,64797371,322167,926371,9727,85160,237007,45670,39490,186216,50791,924820,1551,277390,647430,1551,0,18,9709,8,10,9709,0,20006563,44790808,4977482,15029081,16572799,28218009,n11587,false,0.8033145143804361,0.6788661106919511,0,22732,false,501,3,0.5885385398028741,0.6001606412446793,null
14851574,66055636,603926,13562456,685192,310195,293731,10139459,0,334148,351044,98268,211927,1468700,2248028,4076029,0,107144,227004,102439,248605,1258265,64797371,322167,926371,9727,85160,237007,45670,39490,186216,50791,924820,1551,277390,647430,1551,0,18,9709,8,10,9709,0,20006563,44790808,4977482,15029081,16572799,28218009,n26649,true,0.28520568554327175,0.5404697448087441,6,28999,false,0,0,0.6233033930440197,0.4516806914918287,null
14851574,66055636,603926,13562456,685192,310195,293731,10139459,0,334148,351044,98268,211927,1468700,2248028,4076029,0,107144,227004,102439,248605,1258265,64797371,322167,926371,9727,85160,237007,45670,39490,186216,50791,924820,1551,277390,647430,1551,0,18,9709,8,10,9709,0,20006563,44790808,4977482,15029081,16572799,28218009,n26645,false,0.9111657801779985,0.8971348519153444,0,4761,false,506,13,0.9276827828366796,0.1741673208117377,null
14851574,66055636,603926,13562456,685192,310195,293731,10139459,0,334148,351044,98268,211927,1468700,2248028,4076029,0,107144,227004,102439,248605,1258265,64797371,322167,926371,9727,85160,237007,45670,39490,186216,50791,924820,1551,277390,647430,1551,0,18,9709,8,10,9709,0,20006563,44790808,4977482,15029081,16572799,28218009,n18813,false,0.9305486008586537,0.4073923417654637,0,28997,false,500,1,0.6094176461829294,0.2583210776310494,null
14851574,66055636,603926,13562456,685192,310195,293731,10139459,0,334148,351044,98268,211927,1468700,2248028,4076029,0,107144,227004,102439,248605,1258265,64797371,322167,926371,9727,85160,237007,45670,39490,186216,50791,924820,1551,277390,647430,1551,0,18,9709,8,10,9709,0,20006563,44790808,4977482,15029081,16572799,28218009,n14191,false,0.6216257192178781,0.10698357825173266,0,6586,false,501,4,0.9411070214728455,0.8925963809359276,null
14851574,66055636,603926,13562456,685192,310195,293731,10139459,0,334148,351044,98268,211927,1468700,2248028,4076029,0,107144,227004,102439,248605,1258265,64797371,322167,926371,9727,85160,237007,45670,39490,186216,50791,924820,1551,277390,647430,1551,0,18,9709,8,10,9709,0,20006563,44790808,4977482,15029081,16572799,28218009,n6327,false,0.8972925110472244,0.28897443249415544,0,3537,false,502,4,0.0995898452831826,0.1809530708292555,null
14851574,66055636,603926,13562456,685192,310195,293731,10139459,0,334148,351044,98268,211927,1468700,2248028,4076029,0,107144,227004,102439,248605,1258265,64797371,322167,926371,9727,85160,237007,45670,39490,186216,50791,924820,1551,277390,647430,1551,0,18,9709,8,10,9709,0,20006563,44790808,4977482,15029081,16572799,28218009,n18815,false,0.6948825372961136,0.6526401817481748,0,1169,false,505,10,0.6888643099611831,0.2559489124055623,null
14851574,66055636,603926,13562456,685192,310195,293731,10139459,0,334148,351044,98268,211927,1468700,2248028,4076029,0,107144,227004,102439,248605,1258265,64797371,322167,926371,9727,85160,237007,45670,39490,186216,50791,924820,1551,277390,647430,1551,0,18,9709,8,10,9709,0,20006563,44790808,4977482,15029081,16572799,28218009,n14477,false,0.2308176204187987,0.14537115214712815,0,185,false,503,6,0.5573164327778799,0.5527108190669577,null
14851574,66055636,603926,13562456,685192,310195,293731,10139459,0,334148,351044,98268,211927,1468700,2248028,4076029,0,107144,227004,102439,248605,1258265,64797371,322167,926371,9727,85160,237007,45670,39490,186216,50791,924820,1551,277390,647430,1551,0,18,9709,8,10,9709,0,20006563,44790808,4977482,15029081,16572799,28218009,n8015,false,0.49511477920533253,0.47450330412867237,0,1077,false,501,4,0.9090696656055802,0.9396792332335249,null
14851574,66055636,603926,13562456,685192,310195,293731,10139459,0,334148,351044,98268,211927,1468700,2248028,4076029,0,107144,227004,102439,248605,1258265,64797371,322167,926371,9727,85160,237007,45670,39490,186216,50791,924820,1551,277390,647430,1551,0,18,9709,8,10,9709,0,20006563,44790808,4977482,15029081,16572799,28218009,n8021,false,0.20357962090073103,0.13327895741752582,0,2112,false,501,3,0.24834792920193027,0.11669976353326095,null
14851574,66055636,603926,13562456,685192,310195,293731,10139459,0,334148,351044,98268,211927,1468700,2248028,4076029,0,107144,227004,102439,248605,1258265,64797371,322167,926371,9727,85160,237007,45670,39490,186216,50791,924820,1551,277390,647430,1551,0,18,9709,8,10,9709,0,20006563,44790808,4977482,15029081,16572799,28218009,n8027,false,0.5551011081026994,0.8492556287611635,0,7389,false,503,8,0.26604167781301347,0.992823466913804,null
14851574,66055636,603926,13562456,685192,310195,293731,10139459,0,334148,351044,98268,211927,1468700,2248028,4076029,0,107144,227004,102439,248605,1258265,64797371,322167,926371,9727,85160,237007,45670,39490,186216,50791,924820,1551,277390,647430,1551,0,18,9709,8,10,9709,0,20006563,44790808,4977482,15029081,16572799,28218009,n17492,true,0.33928339784377315,0.1509499029879977,6,28999,false,0,0,0.9605268188222185,0.12387983860826834,null
14851574,66055636,603926,13562456,685192,310195,293731,10139459,0,334148,351044,98268,211927,1468700,2248028,4076029,0,107144,227004,102439,248605,1258265,64797371,322167,926371,9727,85160,237007,45670,39490,186216,50791,924820,1551,277390,647430,1551,0,18,9709,8,10,9709,0,20006563,44790808,4977482,15029081,16572799,28218009,n8026,false,0.9714154478629126,0.8815083336572174,0,10684,false,505,11,0.7257912696684355,0.29120103032420597,null
14851574,66055636,603926,13562456,685192,310195,293731,10139459,0,334148,351044,98268,211927,1468700,2248028,4076029,0,107144,227004,102439,248605,1258265,64797371,322167,926371,9727,85160,237007,45670,39490,186216,50791,924820,1551,277390,647430,1551,0,18,9709,8,10,9709,0,20006563,44790808,4977482,15029081,16572799,28218009,n8031,true,0.17316691562077136,0.15008027399211987,11,416,false,502,14,0.5026168426498265,0.5036862463272709,null
14851574,66055636,603926,13562456,685192,310195,293731,10139459,0,334148,351044,98268,211927,1468700,2248028,4076029,0,107144,227004,102439,248605,1258265,64797371,322167,926371,9727,85160,237007,45670,39490,186216,50791,924820,1551,277390,647430,1551,0,18,9709,8,10,9709,0,20006563,44790808,4977482,15029081,16572799,28218009,n8035,false,0.4608581836687645,0.7453534806689102,0,16669,false,503,7,0.29483351477525477,0.4855099578132078,null
14851574,66055636,603926,13562456,685192,310195,293731,10139459,0,334148,351044,98268,211927,1468700,2248028,4076029,0,107144,227004,102439,248605,1258265,64797371,322167,926371,9727,85160,237007,45670,39490,186216,50791,924820,1551,277390,647430,1551,0,18,9709,8,10,9709,0,20006563,44790808,4977482,15029081,16572799,28218009,n8039,false,0.5037445323301856,0.7174335747672671,0,1241,false,503,8,0.9262169347641649,0.6426148261663158,null
14851574,66055636,603926,13562456,685192,310195,293731,10139459,0,334148,351044,98268,211927,1468700,2248028,4076029,0,107144,227004,102439,248605,1258265,64797371,322167,926371,9727,85160,237007,45670,39490,186216,50791,924820,1551,277390,647430,1551,0,18,9709,8,10,9709,0,20006563,44790808,4977482,15029081,16572799,28218009,n8042,false,0.46522728571498756,0.08246970901947448,0,7312,false,504,8,0.5470786186918909,0.8237721419038005,null
14851574,66055636,603926,13562456,685192,310195,293731,10139459,0,334148,351044,98268,211927,1468700,2248028,4076029,0,107144,227004,102439,248605,1258265,64797371,322167,926371,9727,85160,237007,45670,39490,186216,50791,924820,1551,277390,647430,1551,0,18,9709,8,10,9709,0,20006563,44790808,4977482,15029081,16572799,28218009,n8058,false,0.7096163464376295,0.6086372885464211,0,18391,false,504,9,0.7130569793774415,0.2724870753603037,null
14851574,66055636,603926,13562456,685192,310195,293731,10139459,0,334148,351044,98268,211927,1468700,2248028,4076029,0,107144,227004,102439,248605,1258265,64797371,322167,926371,9727,85160,237007,45670,39490,186216,50791,924820,1551,277390,647430,1551,0,18,9709,8,10,9709,0,20006563,44790808,4977482,15029081,16572799,28218009,n8052,false,0.582707864144791,0.2642577234851824,0,2174,false,503,6,0.07255824562696223,0.5729769718486226,null
14851574,66055636,603926,13562456,685192,310195,293731,10139459,0,334148,351044,98268,211927,1468700,2248028,4076029,0,107144,227004,102439,248605,1258265,64797371,322167,926371,9727,85160,237007,45670,39490,186216,50791,924820,1551,277390,647430,1551,0,18,9709,8,10,9709,0,20006563,44790808,4977482,15029081,16572799,28218009,n4963,false,0.3827572562780709,0.057179537912734446,0,1943,false,504,8,0.7834594546202912,0.6462334231311597,null
14851574,66055636,603926,13562456,685192,310195,293731,10139459,0,334148,351044,98268,211927,1468700,2248028,4076029,0,107144,227004,102439,248605,1258265,64797371,322167,926371,9727,85160,237007,45670,39490,186216,50791,924820,1551,277390,647430,1551,0,18,9709,8,10,9709,0,20006563,44790808,4977482,15029081,16572799,28218009,n46395,true,0.017662909142636574,0.15000074869204705,12,28999,false,0,0,0.6546453168546467,0.07458160026836269,null
14851574,66055636,603926,13562456,685192,310195,293731,10139459,0,334148,351044,98268,211927,1468700,2248028,4076029,0,107144,227004,102439,248605,1258265,64797371,322167,926371,9727,85160,237007,45670,39490,186216,50791,924820,1551,277390,647430,1551,0,18,9709,8,10,9709,0,20006563,44790808,4977482,15029081,16572799,28218009,n4967,false,0.8045479640064661,0.11426203046408756,0,1947,false,502,6,0.8678839053320984,0.8516097173908423,null
14851574,66055636,603926,13562456,685192,310195,293731,10139459,0,334148,351044,98268,211927,1468700,2248028,4076029,0,107144,227004,102439,248605,1258265,64797371,322167,926371,9727,85160,237007,45670,39490,186216,50791,924820,1551,277390,647430,1551,0,18,9709,8,10,9709,0,20006563,44790808,4977482,15029081,16572799,28218009,n4972,false,0.4237716230990892,0.862450039723705,0,28999,false,0,0,0.9538409490136016,0.6601592001853241,null
14851574,66055636,603926,13562456,685192,310195,293731,10139459,0,334148,351044,98268,211927,1468700,2248028,4076029,0,107144,227004,102439,248605,1258265,64797371,322167,926371,9727,85160,237007,45670,39490,186216,50791,924820,1551,277390,647430,1551,0,18,9709,8,10,9709,0,20006563,44790808,4977482,15029081,16572799,28218009,n4991,true,0.1892523254115741,0.7208965736718285,5,22307,false,0,1,0.6838436766285882,0.5534925448201253,null
14851574,66055636,603926,13562456,685192,310195,293731,10139459,0,334148,351044,98268,211927,1468700,2248028,4076029,0,107144,227004,102439,248605,1258265,64797371,322167,926371,9727,85160,237007,45670,39490,186216,50791,924820,1551,277390,647430,1551,0,18,9709,8,10,9709,0,20006563,44790808,4977482,15029081,16572799,28218009,n4990,false,0.8043009816603054,0.3489718633466797,0,15603,false,502,5,0.8078195969177333,0.35435985248623897,null
14851574,66055636,603926,13562456,685192,310195,293731,10139459,0,334148,351044,98268,211927,1468700,2248028,4076029,0,107144,227004,102439,248605,1258265,64797371,322167,926371,9727,85160,237007,45670,39490,186216,50791,924820,1551,277390,647430,1551,0,18,9709,8,10,9709,0,20006563,44790808,4977482,15029081,16572799,28218009,n4985,false,0.23516655968797892,0.20644068890474904,0,641,false,504,9,0.8416217740588908,0.5920818874473723,null
14851574,66055636,603926,13562456,685192,310195,293731,10139459,0,334148,351044,98268,211927,1468700,2248028,4076029,0,107144,227004,102439,248605,1258265,64797371,322167,926371,9727,85160,237007,45670,39490,186216,50791,924820,1551,277390,647430,1551,0,18,9709,8,10,9709,0,20006563,44790808,4977482,15029081,16572799,28218009,n36451,false,0.09559431394766728,0.0891400131792962,0,7258,false,504,10,0.7604378443677711,0.38184394129415344,null
14851574,66055636,603926,13562456,685192,310195,293731,10139459,0,334148,351044,98268,211927,1468700,2248028,4076029,0,107144,227004,102439,248605,1258265,64797371,322167,926371,9727,85160,237007,45670,39490,186216,50791,924820,1551,277390,647430,1551,0,18,9709,8,10,9709,0,20006563,44790808,4977482,15029081,16572799,28218009,n4986,false,0.7364552630190784,0.44036628783526877,0,28497,false,500,2,0.9040932582607148,0.4517325885410851,null
14851574,66055636,603926,13562456,685192,310195,293731,10139459,0,334148,351044,98268,211927,1468700,2248028,4076029,0,107144,227004,102439,248605,1258265,64797371,322167,926371,9727,85160,237007,45670,39490,186216,50791,924820,1551,277390,647430,1551,0,18,9709,8,10,9709,0,20006563,44790808,4977482,15029081,16572799,28218009,n4984,false,0.02501311612787131,0.005741413601819789,0,14443,false,502,5,0.6425273415769367,0.6117687696367397,null
14851574,66055636,603926,13562456,685192,310195,293731,10139459,0,334148,351044,98268,211927,1468700,2248028,4076029,0,107144,227004,102439,248605,1258265,64797371,322167,926371,9727,85160,237007,45670,39490,186216,50791,924820,1551,277390,647430,1551,0,18,9709,8,10,9709,0,20006563,44790808,4977482,15029081,16572799,28218009,n30438,false,0.5725068238761808,0.40598529732032007,0,5869,false,504,10,0.9801546734167113,0.37099224352933674,null
14851574,66055636,603926,13562456,685192,310195,293731,10139459,0,334148,351044,98268,211927,1468700,2248028,4076029,0,107144,227004,102439,248605,1258265,64797371,322167,926371,9727,85160,237007,45670,39490,186216,50791,924820,1551,277390,647430,1551,0,18,9709,8,10,9709,0,20006563,44790808,4977482,15029081,16572799,28218009,n8083,false,0.3075876206049832,0.2918779465367937,0,8641,false,502,5,0.5056721684561883,0.7253902668699805,null
14851574,66055636,603926,13562456,685192,310195,293731,10139459,0,334148,351044,98268,211927,1468700,2248028,4076029,0,107144,227004,102439,248605,1258265,64797371,322167,926371,9727,85160,237007,45670,39490,186216,50791,924820,1551,277390,647430,1551,0,18,9709,8,10,9709,0,20006563,44790808,4977482,15029081,16572799,28218009,n4999,false,0.9999961790891403,0.5377835800091969,0,13686,false,504,9,0.6543302513449503,0.42212733426041493,null
14851574,66055636,603926,13562456,685192,310195,293731,10139459,0,334148,351044,98268,211927,1468700,2248028,4076029,0,107144,227004,102439,248605,1258265,64797371,322167,926371,9727,85160,237007,45670,39490,186216,50791,924820,1551,277390,647430,1551,0,18,9709,8,10,9709,0,20006563,44790808,4977482,15029081,16572799,28218009,n3005,false,0.659002138967016,0.10490372676090554,0,9260,false,504,8,0.41394336640361235,0.05839748202384576,null
14851574,66055636,603926,13562456,685192,310195,293731,10139459,0,334148,351044,98268,211927,1468700,2248028,4076029,0,107144,227004,102439,248605,1258265,64797371,322167,926371,9727,85160,237007,45670,39490,186216,50791,924820,1551,277390,647430,1551,0,18,9709,8,10,9709,0,20006563,44790808,4977482,15029081,16572799,28218009,n10291,false,0.9867462580224354,0.5805902517739501,0,1941,false,501,3,0.9342080819847132,0.5163075592010864,null
14851574,66055636,603926,13562456,685192,310195,293731,10139459,0,334148,351044,98268,211927,1468700,2248028,4076029,0,107144,227004,102439,248605,1258265,64797371,322167,926371,9727,85160,237007,45670,39490,186216,50791,924820,1551,277390,647430,1551,0,18,9709,8,10,9709,0,20006563,44790808,4977482,15029081,16572799,28218009,n10295,false,0.753920028209165,0.19142232534378156,0,16810,false,502,5,0.7419676017423795,0.05168538579492521,null
14851574,66055636,603926,13562456,685192,310195,293731,10139459,0,334148,351044,98268,211927,1468700,2248028,4076029,0,107144,227004,102439,248605,1258265,64797371,322167,926371,9727,85160,237007,45670,39490,186216,50791,924820,1551,277390,647430,1551,0,18,9709,8,10,9709,0,20006563,44790808,4977482,15029081,16572799,28218009,n3879,false,0.5146193331374549,0.9140230438853099,0,15689,false,501,2,0.5218264388454079,0.9758267604201499,null
14851574,66055636,603926,13562456,685192,310195,293731,10139459,0,334148,351044,98268,211927,1468700,2248028,4076029,0,107144,227004,102439,248605,1258265,64797371,322167,926371,9727,85160,237007,45670,39490,186216,50791,924820,1551,277390,647430,1551,0,18,9709,8,10,9709,0,20006563,44790808,4977482,15029081,16572799,28218009,n3007,false,0.9174836002559559,0.2782211874615387,0,231,false,504,8,0.8735453195245108,0.05787173566252213,null
14851574,66055636,603926,13562456,685192,310195,293731,10139459,0,334148,351044,98268,211927,1468700,2248028,4076029,0,107144,227004,102439,248605,1258265,64797371,322167,926371,9727,85160,237007,45670,39490,186216,50791,924820,1551,277390,647430,1551,0,18,9709,8,10,9709,0,20006563,44790808,4977482,15029081,16572799,28218009,n3877,false,0.10370883056493758,0.1724327340858901,0,920,false,504,9,0.9094790683290843,0.4997827818356099,null
14851574,66055636,603926,13562456,685192,310195,293731,10139459,0,334148,351044,98268,211927,1468700,2248028,4076029,0,107144,227004,102439,248605,1258265,64797371,322167,926371,9727,85160,237007,45670,39490,186216,50791,924820,1551,277390,647430,1551,0,18,9709,8,10,9709,0,20006563,44790808,4977482,15029081,16572799,28218009,n9141,false,0.9984590421484022,0.2676021001034151,0,623,false,503,6,0.5630809431459847,0.7314847646152272,null
14851574,66055636,603926,13562456,685192,310195,293731,10139459,0,334148,351044,98268,211927,1468700,2248028,4076029,0,107144,227004,102439,248605,1258265,64797371,322167,926371,9727,85160,237007,45670,39490,186216,50791,924820,1551,277390,647430,1551,0,18,9709,8,10,9709,0,20006563,44790808,4977482,15029081,16572799,28218009,n10296,false,0.46438154142822957,0.37059348518515967,0,1852,false,501,4,0.7366724136764723,0.5739607568089982,null
14851574,66055636,603926,13562456,685192,310195,293731,10139459,0,334148,351044,98268,211927,1468700,2248028,4076029,0,107144,227004,102439,248605,1258265,64797371,322167,926371,9727,85160,237007,45670,39490,186216,50791,924820,1551,277390,647430,1551,0,18,9709,8,10,9709,0,20006563,44790808,4977482,15029081,16572799,28218009,n31556,false,0.2633091848139497,0.952667075090124,0,6900,false,500,2,0.7066967092257627,0.4537352316011165,null
14851574,66055636,603926,13562456,685192,310195,293731,10139459,0,334148,351044,98268,211927,1468700,2248028,4076029,0,107144,227004,102439,248605,1258265,64797371,322167,926371,9727,85160,237007,45670,39490,186216,50791,924820,1551,277390,647430,1551,0,18,9709,8,10,9709,0,20006563,44790808,4977482,15029081,16572799,28218009,n9143,false,0.907301091901011,0.2655494336907376,0,17173,false,501,2,0.2756943668416999,0.8816309001086045,null
14851574,66055636,603926,13562456,685192,310195,293731,10139459,0,334148,351044,98268,211927,1468700,2248028,4076029,0,107144,227004,102439,248605,1258265,64797371,322167,926371,9727,85160,237007,45670,39490,186216,50791,924820,1551,277390,647430,1551,0,18,9709,8,10,9709,0,20006563,44790808,4977482,15029081,16572799,28218009,n3882,true,0.21195717105893136,0.8807625253943663,14,15082,false,500,2,0.6364099722236347,0.05269216206278293,null
14851574,66055636,603926,13562456,685192,310195,293731,10139459,0,334148,351044,98268,211927,1468700,2248028,4076029,0,107144,227004,102439,248605,1258265,64797371,322167,926371,9727,85160,237007,45670,39490,186216,50791,924820,1551,277390,647430,1551,0,18,9709,8,10,9709,0,20006563,44790808,4977482,15029081,16572799,28218009,n3012,false,0.06895568028175555,0.41714422675785,0,18378,false,502,5,0.9125341169463587,0.1918902374587318,null
14851574,66055636,603926,13562456,685192,310195,293731,10139459,0,334148,351044,98268,211927,1468700,2248028,4076029,0,107144,227004,102439,248605,1258265,64797371,322167,926371,9727,85160,237007,45670,39490,186216,50791,924820,1551,277390,647430,1551,0,18,9709,8,10,9709,0,20006563,44790808,4977482,15029081,16572799,28218009,n3011,false,0.6749347017549541,0.6183526079800998,0,10,false,504,9,0.4668483034834486,0.04304864057464397,null
14851574,66055636,603926,13562456,685192,310195,293731,10139459,0,334148,351044,98268,211927,1468700,2248028,4076029,0,107144,227004,102439,248605,1258265,64797371,322167,926371,9727,85160,237007,45670,39490,186216,50791,924820,1551,277390,647430,1551,0,18,9709,8,10,9709,0,20006563,44790808,4977482,15029081,16572799,28218009,n3883,false,0.9999957643467602,0.6937406349704872,0,242,false,501,2,0.6294168516363826,0.9823245446087552,null
14851574,66055636,603926,13562456,685192,310195,293731,10139459,0,334148,351044,98268,211927,1468700,2248028,4076029,0,107144,227004,102439,248605,1258265,64797371,322167,926371,9727,85160,237007,45670,39490,186216,50791,924820,1551,277390,647430,1551,0,18,9709,8,10,9709,0,20006563,44790808,4977482,15029081,16572799,28218009,n3000,false,0.9729717812519076,0.6151066114042459,0,6418,false,506,12,0.8622443103751487,0.7320869118409445,null
14851574,66055636,603926,13562456,685192,310195,293731,10139459,0,334148,351044,98268,211927,1468700,2248028,4076029,0,107144,227004,102439,248605,1258265,64797371,322167,926371,9727,85160,237007,45670,39490,186216,50791,924820,1551,277390,647430,1551,0,18,9709,8,10,9709,0,20006563,44790808,4977482,15029081,16572799,28218009,n9158,false,0.20455414313581916,0.4413769405781736,0,70,false,504,8,0.8728488569765767,0.8299282876581284,null
14851574,66055636,603926,13562456,685192,310195,293731,10139459,0,334148,351044,98268,211927,1468700,2248028,4076029,0,107144,227004,102439,248605,1258265,64797371,322167,926371,9727,85160,237007,45670,39490,186216,50791,924820,1551,277390,647430,1551,0,18,9709,8,10,9709,0,20006563,44790808,4977482,15029081,16572799,28218009,n3897,false,0.1650331057403997,0.2659024505421031,0,23343,false,500,2,0.5235402868644661,0.7906426779736284,null
14851574,66055636,603926,13562456,685192,310195,293731,10139459,0,334148,351044,98268,211927,1468700,2248028,4076029,0,107144,227004,102439,248605,1258265,64797371,322167,926371,9727,85160,237007,45670,39490,186216,50791,924820,1551,277390,647430,1551,0,18,9709,8,10,9709,0,20006563,44790808,4977482,15029081,16572799,28218009,n3035,false,0.34161233907283506,0.36447827799837174,0,28999,false,500,0,0.7762977652664991,0.8020779584396694,null
14851574,66055636,603926,13562456,685192,310195,293731,10139459,0,334148,351044,98268,211927,1468700,2248028,4076029,0,107144,227004,102439,248605,1258265,64797371,322167,926371,9727,85160,237007,45670,39490,186216,50791,924820,1551,277390,647430,1551,0,18,9709,8,10,9709,0,20006563,44790808,4977482,15029081,16572799,28218009,n31538,false,0.9999954983332338,0.47950066292609805,0,24077,false,501,3,0.6787325405909512,0.15013758710356084,null
14851574,66055636,603926,13562456,685192,310195,293731,10139459,0,334148,351044,98268,211927,1468700,2248028,4076029,0,107144,227004,102439,248605,1258265,64797371,322167,926371,9727,85160,237007,45670,39490,186216,50791,924820,1551,277390,647430,1551,0,18,9709,8,10,9709,0,20006563,44790808,4977482,15029081,16572799,28218009,n9160,false,0.28085745512999405,0.3492220319421567,0,6285,false,501,3,0.8336930304453906,0.7446615987788665,null
14851574,66055636,603926,13562456,685192,310195,293731,10139459,0,334148,351044,98268,211927,1468700,2248028,4076029,0,107144,227004,102439,248605,1258265,64797371,322167,926371,9727,85160,237007,45670,39490,186216,50791,924820,1551,277390,647430,1551,0,18,9709,8,10,9709,0,20006563,44790808,4977482,15029081,16572799,28218009,n10275,false,0.09544560244174255,0.21814579330143785,0,18478,false,501,3,0.9380297146749036,0.2617299625527413,null
14851574,66055636,603926,13562456,685192,310195,293731,10139459,0,334148,351044,98268,211927,1468700,2248028,4076029,0,107144,227004,102439,248605,1258265,64797371,322167,926371,9727,85160,237007,45670,39490,186216,50791,924820,1551,277390,647430,1551,0,18,9709,8,10,9709,0,20006563,44790808,4977482,15029081,16572799,28218009,n9168,false,0.467312600072745,0.5039137654659489,0,28998,false,500,1,0.7330800812153984,0.9362468326894001,null
14851574,66055636,603926,13562456,685192,310195,293731,10139459,0,334148,351044,98268,211927,1468700,2248028,4076029,0,107144,227004,102439,248605,1258265,64797371,322167,926371,9727,85160,237007,45670,39490,186216,50791,924820,1551,277390,647430,1551,0,18,9709,8,10,9709,0,20006563,44790808,4977482,15029081,16572799,28218009,n14420,false,0.9077676405296784,0.18475448373710912,0,3716,false,505,12,0.8839458439791565,0.7502532845902429,null
14851574,66055636,603926,13562456,685192,310195,293731,10139459,0,334148,351044,98268,211927,1468700,2248028,4076029,0,107144,227004,102439,248605,1258265,64797371,322167,926371,9727,85160,237007,45670,39490,186216,50791,924820,1551,277390,647430,1551,0,18,9709,8,10,9709,0,20006563,44790808,4977482,15029081,16572799,28218009,n3019,false,0.7743092800212787,0.26873787510693686,0,4714,false,504,9,0.49792991465400327,0.8255414656895568,null
14851574,66055636,603926,13562456,685192,310195,293731,10139459,0,334148,351044,98268,211927,1468700,2248028,4076029,0,107144,227004,102439,248605,1258265,64797371,322167,926371,9727,85160,237007,45670,39490,186216,50791,924820,1551,277390,647430,1551,0,18,9709,8,10,9709,0,20006563,44790808,4977482,15029081,16572799,28218009,n3014,false,0.6614332473890976,0.11039569521992909,0,61,false,502,4,0.8581803151206764,0.6982724349443817,null
14851574,66055636,603926,13562456,685192,310195,293731,10139459,0,334148,351044,98268,211927,1468700,2248028,4076029,0,107144,227004,102439,248605,1258265,64797371,322167,926371,9727,85160,237007,45670,39490,186216,50791,924820,1551,277390,647430,1551,0,18,9709,8,10,9709,0,20006563,44790808,4977482,15029081,16572799,28218009,n3017,true,0.5143660605220544,0.19148568504610475,12,28999,false,0,0,0.6963420366409705,0.18735083136742092,null
14851574,66055636,603926,13562456,685192,310195,293731,10139459,0,334148,351044,98268,211927,1468700,2248028,4076029,0,107144,227004,102439,248605,1258265,64797371,322167,926371,9727,85160,237007,45670,39490,186216,50791,924820,1551,277390,647430,1551,0,18,9709,8,10,9709,0,20006563,44790808,4977482,15029081,16572799,28218009,n9171,false,0.19687270099942078,0.5342008773430921,0,19899,false,502,5,0.9124580678138561,0.014100328996161648,null
14851574,66055636,603926,13562456,685192,310195,293731,10139459,0,334148,351044,98268,211927,1468700,2248028,4076029,0,107144,227004,102439,248605,1258265,64797371,322167,926371,9727,85160,237007,45670,39490,186216,50791,924820,1551,277390,647430,1551,0,18,9709,8,10,9709,0,20006563,44790808,4977482,15029081,16572799,28218009,n3022,true,0.685359633688043,0.9883521152004476,12,28999,false,0,0,0.6822459522236484,0.6290794003526823,null
14851574,66055636,603926,13562456,685192,310195,293731,10139459,0,334148,351044,98268,211927,1468700,2248028,4076029,0,107144,227004,102439,248605,1258265,64797371,322167,926371,9727,85160,237007,45670,39490,186216,50791,924820,1551,277390,647430,1551,0,18,9709,8,10,9709,0,20006563,44790808,4977482,15029081,16572799,28218009,n9172,false,0.999999662582576,0.319256334477778,0,4615,false,502,5,0.7833252410315612,0.24169235840275938,null
14851574,66055636,603926,13562456,685192,310195,293731,10139459,0,334148,351044,98268,211927,1468700,2248028,4076029,0,107144,227004,102439,248605,1258265,64797371,322167,926371,9727,85160,237007,45670,39490,186216,50791,924820,1551,277390,647430,1551,0,18,9709,8,10,9709,0,20006563,44790808,4977482,15029081,16572799,28218009,n3024,true,0.6264563206107508,0.7808917202428032,9,7283,false,3,2,0.3925130422129942,0.9788289949936183,null
14851574,66055636,603926,13562456,685192,310195,293731,10139459,0,334148,351044,98268,211927,1468700,2248028,4076029,0,107144,227004,102439,248605,1258265,64797371,322167,926371,9727,85160,237007,45670,39490,186216,50791,924820,1551,277390,647430,1551,0,18,9709,8,10,9709,0,20006563,44790808,4977482,15029081,16572799,28218009,n10285,false,0.5685838107737651,0.15702645244124458,0,9363,false,501,4,0.8709809897550467,0.6208307484579377,null
14851574,66055636,603926,13562456,685192,310195,293731,10139459,0,334148,351044,98268,211927,1468700,2248028,4076029,0,107144,227004,102439,248605,1258265,64797371,322167,926371,9727,85160,237007,45670,39490,186216,50791,924820,1551,277390,647430,1551,0,18,9709,8,10,9709,0,20006563,44790808,4977482,15029081,16572799,28218009,n9179,true,0.616543861174977,0.9563209201035685,10,28999,false,0,0,0.6004658590335423,0.42481181142144286,null
14851574,66055636,603926,13562456,685192,310195,293731,10139459,0,334148,351044,98268,211927,1468700,2248028,4076029,0,107144,227004,102439,248605,1258265,64797371,322167,926371,9727,85160,237007,45670,39490,186216,50791,924820,1551,277390,647430,1551,0,18,9709,8,10,9709,0,20006563,44790808,4977482,15029081,16572799,28218009,n3048,false,0.23103031816426722,0.341880829949361,0,8002,false,503,7,0.6140754701090958,0.34121927150756626,null
14851574,66055636,603926,13562456,685192,310195,293731,10139459,0,334148,351044,98268,211927,1468700,2248028,4076029,0,107144,227004,102439,248605,1258265,64797371,322167,926371,9727,85160,237007,45670,39490,186216,50791,924820,1551,277390,647430,1551,0,18,9709,8,10,9709,0,20006563,44790808,4977482,15029081,16572799,28218009,n14431,false,0.7139521025400903,0.4241962526696108,0,8757,false,504,8,0.840144253835942,0.26859854168774067,null
14851574,66055636,603926,13562456,685192,310195,293731,10139459,0,334148,351044,98268,211927,1468700,2248028,4076029,0,107144,227004,102439,248605,1258265,64797371,322167,926371,9727,85160,237007,45670,39490,186216,50791,924820,1551,277390,647430,1551,0,18,9709,8,10,9709,0,20006563,44790808,4977482,15029081,16572799,28218009,n9103,false,0.9999971857991738,0.6149216709659394,0,1715,false,504,9,0.9413780110496307,0.008699453915517852,null
14851574,66055636,603926,13562456,685192,310195,293731,10139459,0,334148,351044,98268,211927,1468700,2248028,4076029,0,107144,227004,102439,248605,1258265,64797371,322167,926371,9727,85160,237007,45670,39490,186216,50791,924820,1551,277390,647430,1551,0,18,9709,8,10,9709,0,20006563,44790808,4977482,15029081,16572799,28218009,n3052,false,0.9999985284929487,0.27329675045799745,0,966,false,501,4,0.8839250283658133,0.6632179694596656,null
14851574,66055636,603926,13562456,685192,310195,293731,10139459,0,334148,351044,98268,211927,1468700,2248028,4076029,0,107144,227004,102439,248605,1258265,64797371,322167,926371,9727,85160,237007,45670,39490,186216,50791,924820,1551,277390,647430,1551,0,18,9709,8,10,9709,0,20006563,44790808,4977482,15029081,16572799,28218009,n3050,false,0.171647794689499,0.327356879999636,0,4949,false,504,9,0.965210285697134,0.7215660845446007,null
14851574,66055636,603926,13562456,685192,310195,293731,10139459,0,334148,351044,98268,211927,1468700,2248028,4076029,0,107144,227004,102439,248605,1258265,64797371,322167,926371,9727,85160,237007,45670,39490,186216,50791,924820,1551,277390,647430,1551,0,18,9709,8,10,9709,0,20006563,44790808,4977482,15029081,16572799,28218009,n3051,true,0.7469653675483989,0.768306720715398,13,8193,false,501,5,0.38937204967651284,0.9331256137790166,null
14851574,66055636,603926,13562456,685192,310195,293731,10139459,0,334148,351044,98268,211927,1468700,2248028,4076029,0,107144,227004,102439,248605,1258265,64797371,322167,926371,9727,85160,237007,45670,39490,186216,50791,924820,1551,277390,647430,1551,0,18,9709,8,10,9709,0,20006563,44790808,4977482,15029081,16572799,28218009,n3057,false,0.5815999807385136,0.4585355461262305,0,2081,false,505,10,0.6100247550424363,0.15966077667255307,null
14851574,66055636,603926,13562456,685192,310195,293731,10139459,0,334148,351044,98268,211927,1468700,2248028,4076029,0,107144,227004,102439,248605,1258265,64797371,322167,926371,9727,85160,237007,45670,39490,186216,50791,924820,1551,277390,647430,1551,0,18,9709,8,10,9709,0,20006563,44790808,4977482,15029081,16572799,28218009,n3037,false,0.4368469513388471,0.10177422631615773,0,654,false,503,8,0.6832831087613458,0.7383540570182817,null
14851574,66055636,603926,13562456,685192,310195,293731,10139459,0,334148,351044,98268,211927,1468700,2248028,4076029,0,107144,227004,102439,248605,1258265,64797371,322167,926371,9727,85160,237007,45670,39490,186216,50791,924820,1551,277390,647430,1551,0,18,9709,8,10,9709,0,20006563,44790808,4977482,15029081,16572799,28218009,n14440,false,0.1486279878954817,0.657821868577706,0,6249,false,504,8,0.8212981066543069,0.2801877760571936,null
14851574,66055636,603926,13562456,685192,310195,293731,10139459,0,334148,351044,98268,211927,1468700,2248028,4076029,0,107144,227004,102439,248605,1258265,64797371,322167,926371,9727,85160,237007,45670,39490,186216,50791,924820,1551,277390,647430,1551,0,18,9709,8,10,9709,0,20006563,44790808,4977482,15029081,16572799,28218009,n9115,false,0.3832868758858723,0.010356062462317683,0,3836,false,503,7,0.8100304499778397,0.21034135826156275,null
14851574,66055636,603926,13562456,685192,310195,293731,10139459,0,334148,351044,98268,211927,1468700,2248028,4076029,0,107144,227004,102439,248605,1258265,64797371,322167,926371,9727,85160,237007,45670,39490,186216,50791,924820,1551,277390,647430,1551,0,18,9709,8,10,9709,0,20006563,44790808,4977482,15029081,16572799,28218009,n3043,false,0.2650806986696576,0.7793660432863168,0,18668,false,501,3,0.9015816023126212,0.6021026699267935,null
14851574,66055636,603926,13562456,685192,310195,293731,10139459,0,334148,351044,98268,211927,1468700,2248028,4076029,0,107144,227004,102439,248605,1258265,64797371,322167,926371,9727,85160,237007,45670,39490,186216,50791,924820,1551,277390,647430,1551,0,18,9709,8,10,9709,0,20006563,44790808,4977482,15029081,16572799,28218009,n14453,false,0.06608278209245344,0.9309948278477505,0,3974,false,501,4,0.8061108377784868,0.583974812188035,null
14851574,66055636,603926,13562456,685192,310195,293731,10139459,0,334148,351044,98268,211927,1468700,2248028,4076029,0,107144,227004,102439,248605,1258265,64797371,322167,926371,9727,85160,237007,45670,39490,186216,50791,924820,1551,277390,647430,1551,0,18,9709,8,10,9709,0,20006563,44790808,4977482,15029081,16572799,28218009,n9124,false,0.1744996228480861,0.5153232274603968,0,1936,false,503,8,0.6670544472654911,0.9876569489122989,null
14851574,66055636,603926,13562456,685192,310195,293731,10139459,0,334148,351044,98268,211927,1468700,2248028,4076029,0,107144,227004,102439,248605,1258265,64797371,322167,926371,9727,85160,237007,45670,39490,186216,50791,924820,1551,277390,647430,1551,0,18,9709,8,10,9709,0,20006563,44790808,4977482,15029081,16572799,28218009,n3076,false,0.6199606172177109,0.41992361967994685,0,12183,false,503,8,0.6089860577859099,0.5789400104816083,null
14851574,66055636,603926,13562456,685192,310195,293731,10139459,0,334148,351044,98268,211927,1468700,2248028,4076029,0,107144,227004,102439,248605,1258265,64797371,322167,926371,9727,85160,237007,45670,39490,186216,50791,924820,1551,277390,647430,1551,0,18,9709,8,10,9709,0,20006563,44790808,4977482,15029081,16572799,28218009,n18555,false,0.32791886428163747,0.31050081211335107,0,11327,false,504,8,0.8101001748732033,0.45611288965320446,null
14851574,66055636,603926,13562456,685192,310195,293731,10139459,0,334148,351044,98268,211927,1468700,2248028,4076029,0,107144,227004,102439,248605,1258265,64797371,322167,926371,9727,85160,237007,45670,39490,186216,50791,924820,1551,277390,647430,1551,0,18,9709,8,10,9709,0,20006563,44790808,4977482,15029081,16572799,28218009,n3073,false,0.4160796561308513,0.5152972172831012,0,3274,false,501,2,0.4538229742117298,0.26172907690249414,null
14851574,66055636,603926,13562456,685192,310195,293731,10139459,0,334148,351044,98268,211927,1468700,2248028,4076029,0,107144,227004,102439,248605,1258265,64797371,322167,926371,9727,85160,237007,45670,39490,186216,50791,924820,1551,277390,647430,1551,0,18,9709,8,10,9709,0,20006563,44790808,4977482,15029081,16572799,28218009,n14464,true,0.7019522342951303,0.9319273514984796,12,6803,false,505,12,0.4102373828891569,0.10666920945868275,null
14851574,66055636,603926,13562456,685192,310195,293731,10139459,0,334148,351044,98268,211927,1468700,2248028,4076029,0,107144,227004,102439,248605,1258265,64797371,322167,926371,9727,85160,237007,45670,39490,186216,50791,924820,1551,277390,647430,1551,0,18,9709,8,10,9709,0,20006563,44790808,4977482,15029081,16572799,28218009,n31564,false,0.8166365096196923,0.9831475299054959,0,15995,false,503,8,0.9217670931228812,0.5598884856921525,null
14851574,66055636,603926,13562456,685192,310195,293731,10139459,0,334148,351044,98268,211927,1468700,2248028,4076029,0,107144,227004,102439,248605,1258265,64797371,322167,926371,9727,85160,237007,45670,39490,186216,50791,924820,1551,277390,647430,1551,0,18,9709,8,10,9709,0,20006563,44790808,4977482,15029081,16572799,28218009,n8000,false,0.999998751379495,0.27303652656221666,0,351,false,502,5,0.4196726628451445,0.9833834535476376,null
14851574,66055636,603926,13562456,685192,310195,293731,10139459,0,334148,351044,98268,211927,1468700,2248028,4076029,0,107144,227004,102439,248605,1258265,64797371,322167,926371,9727,85160,237007,45670,39490,186216,50791,924820,1551,277390,647430,1551,0,18,9709,8,10,9709,0,20006563,44790808,4977482,15029081,16572799,28218009,n8006,false,0.38526129740957754,0.2794646759508477,0,748,false,506,13,0.4041282167920433,0.6629245582484313,null
14851574,66055636,603926,13562456,685192,310195,293731,10139459,0,334148,351044,98268,211927,1468700,2248028,4076029,0,107144,227004,102439,248605,1258265,64797371,322167,926371,9727,85160,237007,45670,39490,186216,50791,924820,1551,277390,647430,1551,0,18,9709,8,10,9709,0,20006563,44790808,4977482,15029081,16572799,28218009,n3061,false,0.017573365495471734,0.6598086885085922,0,4529,false,503,8,0.5685921671669638,0.030036502619438576,null
14851574,66055636,603926,13562456,685192,310195,293731,10139459,0,334148,351044,98268,211927,1468700,2248028,4076029,0,107144,227004,102439,248605,1258265,64797371,322167,926371,9727,85160,237007,45670,39490,186216,50791,924820,1551,277390,647430,1551,0,18,9709,8,10,9709,0,20006563,44790808,4977482,15029081,16572799,28218009,n3064,false,0.03461107202019203,0.6528574804788886,0,23404,false,501,3,0.6635183729412586,0.5520347925541542,null
14851574,66055636,603926,13562456,685192,310195,293731,10139459,0,334148,351044,98268,211927,1468700,2248028,4076029,0,107144,227004,102439,248605,1258265,64797371,322167,926371,9727,85160,237007,45670,39490,186216,50791,924820,1551,277390,647430,1551,0,18,9709,8,10,9709,0,20006563,44790808,4977482,15029081,16572799,28218009,n7750,false,0.5181493903853224,0.8988372151560102,0,9061,false,501,4,0.8112672216578509,0.8097895446152631,null
14851574,66055636,603926,13562456,685192,310195,293731,10139459,0,334148,351044,98268,211927,1468700,2248028,4076029,0,107144,227004,102439,248605,1258265,64797371,322167,926371,9727,85160,237007,45670,39490,186216,50791,924820,1551,277390,647430,1551,0,18,9709,8,10,9709,0,20006563,44790808,4977482,15029081,16572799,28218009,n3089,false,0.9999972135952915,0.3514804953835155,0,19378,false,501,4,0.8101458559842485,0.311782031489336,null
14851574,66055636,603926,13562456,685192,310195,293731,10139459,0,334148,351044,98268,211927,1468700,2248028,4076029,0,107144,227004,102439,248605,1258265,64797371,322167,926371,9727,85160,237007,45670,39490,186216,50791,924820,1551,277390,647430,1551,0,18,9709,8,10,9709,0,20006563,44790808,4977482,15029081,16572799,28218009,n11876,true,0.8449804852022675,0.8111223130769816,12,28999,false,0,0,0.7825122733687327,0.14808278727868596,null
14851574,66055636,603926,13562456,685192,310195,293731,10139459,0,334148,351044,98268,211927,1468700,2248028,4076029,0,107144,227004,102439,248605,1258265,64797371,322167,926371,9727,85160,237007,45670,39490,186216,50791,924820,1551,277390,647430,1551,0,18,9709,8,10,9709,0,20006563,44790808,4977482,15029081,16572799,28218009,n11875,true,0.33235325335032245,0.3403098654301036,16,5199,false,501,4,0.9659864495494576,0.17988163481380626,null
14851574,66055636,603926,13562456,685192,310195,293731,10139459,0,334148,351044,98268,211927,1468700,2248028,4076029,0,107144,227004,102439,248605,1258265,64797371,322167,926371,9727,85160,237007,45670,39490,186216,50791,924820,1551,277390,647430,1551,0,18,9709,8,10,9709,0,20006563,44790808,4977482,15029081,16572799,28218009,n3086,false,0.8825686425880017,0.1462732987621912,0,10751,false,500,2,0.06736135657517739,0.3140445950629474,null
14851574,66055636,603926,13562456,685192,310195,293731,10139459,0,334148,351044,98268,211927,1468700,2248028,4076029,0,107144,227004,102439,248605,1258265,64797371,322167,926371,9727,85160,237007,45670,39490,186216,50791,924820,1551,277390,647430,1551,0,18,9709,8,10,9709,0,20006563,44790808,4977482,15029081,16572799,28218009,n3081,false,0.49501071302159994,0.801015989690834,0,17262,false,502,4,0.5378020711643235,0.019974020798255054,null
14851574,66055636,603926,13562456,685192,310195,293731,10139459,0,334148,351044,98268,211927,1468700,2248028,4076029,0,107144,227004,102439,248605,1258265,64797371,322167,926371,9727,85160,237007,45670,39490,186216,50791,924820,1551,277390,647430,1551,0,18,9709,8,10,9709,0,20006563,44790808,4977482,15029081,16572799,28218009,n11878,false,0.9999977889217201,0.828809375889333,0,1419,false,502,7,0.5503653293059064,0.040309793749417344,null
14851574,66055636,603926,13562456,685192,310195,293731,10139459,0,334148,351044,98268,211927,1468700,2248028,4076029,0,107144,227004,102439,248605,1258265,64797371,322167,926371,9727,85160,237007,45670,39490,186216,50791,924820,1551,277390,647430,1551,0,18,9709,8,10,9709,0,20006563,44790808,4977482,15029081,16572799,28218009,n6619,false,0.9999962679852629,0.11430084257672146,0,8899,false,502,4,0.3757652527055211,0.338283667090519,null
14851574,66055636,603926,13562456,685192,310195,293731,10139459,0,334148,351044,98268,211927,1468700,2248028,4076029,0,107144,227004,102439,248605,1258265,64797371,322167,926371,9727,85160,237007,45670,39490,186216,50791,924820,1551,277390,647430,1551,0,18,9709,8,10,9709,0,20006563,44790808,4977482,15029081,16572799,28218009,n3924,true,0.6595722930799205,0.6633540498038365,13,3044,false,5,2,0.7104345594903472,0.04224880528156216,null
14851574,66055636,603926,13562456,685192,310195,293731,10139459,0,334148,351044,98268,211927,1468700,2248028,4076029,0,107144,227004,102439,248605,1258265,64797371,322167,926371,9727,85160,237007,45670,39490,186216,50791,924820,1551,277390,647430,1551,0,18,9709,8,10,9709,0,20006563,44790808,4977482,15029081,16572799,28218009,n7744,true,0.6029780319239143,0.040559235673456984,11,1087,false,501,5,0.7731890012274035,0.09780924265649127,null
14851574,66055636,603926,13562456,685192,310195,293731,10139459,0,334148,351044,98268,211927,1468700,2248028,4076029,0,107144,227004,102439,248605,1258265,64797371,322167,926371,9727,85160,237007,45670,39490,186216,50791,924820,1551,277390,647430,1551,0,18,9709,8,10,9709,0,20006563,44790808,4977482,15029081,16572799,28218009,n3921,true,0.5921076023927827,0.7608117117504389,13,500,false,503,9,0.652636749685642,0.7398406525937251,null
14851574,66055636,603926,13562456,685192,310195,293731,10139459,0,334148,351044,98268,211927,1468700,2248028,4076029,0,107144,227004,102439,248605,1258265,64797371,322167,926371,9727,85160,237007,45670,39490,186216,50791,924820,1551,277390,647430,1551,0,18,9709,8,10,9709,0,20006563,44790808,4977482,15029081,16572799,28218009,n7748,true,0.6101590849158326,0.4488287783555457,10,3318,false,503,8,0.8788920751104561,0.8991025461790919,null
14851574,66055636,603926,13562456,685192,310195,293731,10139459,0,334148,351044,98268,211927,1468700,2248028,4076029,0,107144,227004,102439,248605,1258265,64797371,322167,926371,9727,85160,237007,45670,39490,186216,50791,924820,1551,277390,647430,1551,0,18,9709,8,10,9709,0,20006563,44790808,4977482,15029081,16572799,28218009,n7749,true,0.999987191113021,0.38431350870488723,12,458,false,502,9,0.7581701827702405,0.3967799284394043,null
14851574,66055636,603926,13562456,685192,310195,293731,10139459,0,334148,351044,98268,211927,1468700,2248028,4076029,0,107144,227004,102439,248605,1258265,64797371,322167,926371,9727,85160,237007,45670,39490,186216,50791,924820,1551,277390,647430,1551,0,18,9709,8,10,9709,0,20006563,44790808,4977482,15029081,16572799,28218009,n3099,false,0.42290246432341577,0.33380196003969487,0,10681,false,503,8,0.8077632337338405,0.7652314345137841,null
14851574,66055636,603926,13562456,685192,310195,293731,10139459,0,334148,351044,98268,211927,1468700,2248028,4076029,0,107144,227004,102439,248605,1258265,64797371,322167,926371,9727,85160,237007,45670,39490,186216,50791,924820,1551,277390,647430,1551,0,18,9709,8,10,9709,0,20006563,44790808,4977482,15029081,16572799,28218009,n3095,false,0.08724102996894903,0.07593148169259478,0,7640,false,501,5,0.41718182113947844,0.18855631551670804,null
14851574,66055636,603926,13562456,685192,310195,293731,10139459,0,334148,351044,98268,211927,1468700,2248028,4076029,0,107144,227004,102439,248605,1258265,64797371,322167,926371,9727,85160,237007,45670,39490,186216,50791,924820,1551,277390,647430,1551,0,18,9709,8,10,9709,0,20006563,44790808,4977482,15029081,16572799,28218009,n7740,false,0.43181822108172085,0.981301141355206,0,21747,false,501,3,0.7026455359571818,0.09532190519943895,null
14851574,66055636,603926,13562456,685192,310195,293731,10139459,0,334148,351044,98268,211927,1468700,2248028,4076029,0,107144,227004,102439,248605,1258265,64797371,322167,926371,9727,85160,237007,45670,39490,186216,50791,924820,1551,277390,647430,1551,0,18,9709,8,10,9709,0,20006563,44790808,4977482,15029081,16572799,28218009,n7743,false,0.9999966940514091,0.7692751710224772,0,6422,false,505,11,0.7441873769212571,0.8342207426786765,null
14851574,66055636,603926,13562456,685192,310195,293731,10139459,0,334148,351044,98268,211927,1468700,2248028,4076029,0,107144,227004,102439,248605,1258265,64797371,322167,926371,9727,85160,237007,45670,39490,186216,50791,924820,1551,277390,647430,1551,0,18,9709,8,10,9709,0,20006563,44790808,4977482,15029081,16572799,28218009,n10331,false,0.37514172706391974,0.4829527366782088,0,22003,false,502,5,0.8418054808483527,0.8539685052559567,null
14851574,66055636,603926,13562456,685192,310195,293731,10139459,0,334148,351044,98268,211927,1468700,2248028,4076029,0,107144,227004,102439,248605,1258265,64797371,322167,926371,9727,85160,237007,45670,39490,186216,50791,924820,1551,277390,647430,1551,0,18,9709,8,10,9709,0,20006563,44790808,4977482,15029081,16572799,28218009,n7742,false,0.9814368119541015,0.6432442700046556,0,2610,false,504,8,0.04650425472056485,0.7330926817659839,null
14851574,66055636,603926,13562456,685192,310195,293731,10139459,0,334148,351044,98268,211927,1468700,2248028,4076029,0,107144,227004,102439,248605,1258265,64797371,322167,926371,9727,85160,237007,45670,39490,186216,50791,924820,1551,277390,647430,1551,0,18,9709,8,10,9709,0,20006563,44790808,4977482,15029081,16572799,28218009,n3091,false,0.050097523432695724,0.0717857786142373,0,2352,false,504,10,0.5639861792533588,0.10773031537661293,null
14851574,66055636,603926,13562456,685192,310195,293731,10139459,0,334148,351044,98268,211927,1468700,2248028,4076029,0,107144,227004,102439,248605,1258265,64797371,322167,926371,9727,85160,237007,45670,39490,186216,50791,924820,1551,277390,647430,1551,0,18,9709,8,10,9709,0,20006563,44790808,4977482,15029081,16572799,28218009,n3093,false,0.6417133204332485,0.32930038670598427,0,1403,false,504,9,0.6016355836684224,0.13501515860853042,null
14851574,66055636,603926,13562456,685192,310195,293731,10139459,0,334148,351044,98268,211927,1468700,2248028,4076029,0,107144,227004,102439,248605,1258265,64797371,322167,926371,9727,85160,237007,45670,39490,186216,50791,924820,1551,277390,647430,1551,0,18,9709,8,10,9709,0,20006563,44790808,4977482,15029081,16572799,28218009,n3916,false,0.0022709660726735574,0.46810147131289953,0,1802,false,503,6,0.8966555627188771,0.6278836142316114,null
14851574,66055636,603926,13562456,685192,310195,293731,10139459,0,334148,351044,98268,211927,1468700,2248028,4076029,0,107144,227004,102439,248605,1258265,64797371,322167,926371,9727,85160,237007,45670,39490,186216,50791,924820,1551,277390,647430,1551,0,18,9709,8,10,9709,0,20006563,44790808,4977482,15029081,16572799,28218009,n7734,false,0.779493890421496,0.5142964320200206,0,88,false,509,19,0.8704644214826615,0.31970297993667696,null
14851574,66055636,603926,13562456,685192,310195,293731,10139459,0,334148,351044,98268,211927,1468700,2248028,4076029,0,107144,227004,102439,248605,1258265,64797371,322167,926371,9727,85160,237007,45670,39490,186216,50791,924820,1551,277390,647430,1551,0,18,9709,8,10,9709,0,20006563,44790808,4977482,15029081,16572799,28218009,n6602,true,0.14291049972959632,0.7721056625176256,10,19490,false,501,3,0.5255632455637403,0.17197169783977495,null
14851574,66055636,603926,13562456,685192,310195,293731,10139459,0,334148,351044,98268,211927,1468700,2248028,4076029,0,107144,227004,102439,248605,1258265,64797371,322167,926371,9727,85160,237007,45670,39490,186216,50791,924820,1551,277390,647430,1551,0,18,9709,8,10,9709,0,20006563,44790808,4977482,15029081,16572799,28218009,n7736,false,0.4325784029651552,0.30381765835797847,0,802,false,504,9,0.28661685038552376,0.7538659466954016,null
14851574,66055636,603926,13562456,685192,310195,293731,10139459,0,334148,351044,98268,211927,1468700,2248028,4076029,0,107144,227004,102439,248605,1258265,64797371,322167,926371,9727,85160,237007,45670,39490,186216,50791,924820,1551,277390,647430,1551,0,18,9709,8,10,9709,0,20006563,44790808,4977482,15029081,16572799,28218009,n7738,false,0.44026437225011983,0.6414718995220521,0,2790,false,502,5,0.7850842715928695,0.38950330590553156,null
14851574,66055636,603926,13562456,685192,310195,293731,10139459,0,334148,351044,98268,211927,1468700,2248028,4076029,0,107144,227004,102439,248605,1258265,64797371,322167,926371,9727,85160,237007,45670,39490,186216,50791,924820,1551,277390,647430,1551,0,18,9709,8,10,9709,0,20006563,44790808,4977482,15029081,16572799,28218009,n7731,false,0.9999988401063591,0.9497679570025594,0,14017,false,500,1,0.45547720533666897,0.5107077413076049,null
14851574,66055636,603926,13562456,685192,310195,293731,10139459,0,334148,351044,98268,211927,1468700,2248028,4076029,0,107144,227004,102439,248605,1258265,64797371,322167,926371,9727,85160,237007,45670,39490,186216,50791,924820,1551,277390,647430,1551,0,18,9709,8,10,9709,0,20006563,44790808,4977482,15029081,16572799,28218009,n7730,true,0.8667297249909862,0.07193237930169816,12,7054,false,500,1,0.9578475927846953,0.44713065953786174,null
14851574,66055636,603926,13562456,685192,310195,293731,10139459,0,334148,351044,98268,211927,1468700,2248028,4076029,0,107144,227004,102439,248605,1258265,64797371,322167,926371,9727,85160,237007,45670,39490,186216,50791,924820,1551,277390,647430,1551,0,18,9709,8,10,9709,0,20006563,44790808,4977482,15029081,16572799,28218009,n10326,false,0.7784198380322903,0.5163025500436028,0,11871,false,501,4,0.7797678625160792,0.8510118729756361,null
14851574,66055636,603926,13562456,685192,310195,293731,10139459,0,334148,351044,98268,211927,1468700,2248028,4076029,0,107144,227004,102439,248605,1258265,64797371,322167,926371,9727,85160,237007,45670,39490,186216,50791,924820,1551,277390,647430,1551,0,18,9709,8,10,9709,0,20006563,44790808,4977482,15029081,16572799,28218009,n10327,false,0.6498747799692781,0.8862744005563692,0,2065,false,503,7,0.8928896544206159,0.8266719826126421,null
14851574,66055636,603926,13562456,685192,310195,293731,10139459,0,334148,351044,98268,211927,1468700,2248028,4076029,0,107144,227004,102439,248605,1258265,64797371,322167,926371,9727,85160,237007,45670,39490,186216,50791,924820,1551,277390,647430,1551,0,18,9709,8,10,9709,0,20006563,44790808,4977482,15029081,16572799,28218009,n3940,false,0.04412978316929699,0.3883298310048092,0,8891,false,503,7,0.8521956577695592,0.8279308179638208,null
14851574,66055636,603926,13562456,685192,310195,293731,10139459,0,334148,351044,98268,211927,1468700,2248028,4076029,0,107144,227004,102439,248605,1258265,64797371,322167,926371,9727,85160,237007,45670,39490,186216,50791,924820,1551,277390,647430,1551,0,18,9709,8,10,9709,0,20006563,44790808,4977482,15029081,16572799,28218009,n7728,false,0.8530873071638992,0.11709249908861596,0,2018,false,502,5,0.8521047191624032,0.8811263884152956,null
14851574,66055636,603926,13562456,685192,310195,293731,10139459,0,334148,351044,98268,211927,1468700,2248028,4076029,0,107144,227004,102439,248605,1258265,64797371,322167,926371,9727,85160,237007,45670,39490,186216,50791,924820,1551,277390,647430,1551,0,18,9709,8,10,9709,0,20006563,44790808,4977482,15029081,16572799,28218009,n7727,false,0.9023699499142556,0.6315355178643074,0,1122,false,503,9,0.18583671895865417,0.7185418243426442,null
14851574,66055636,603926,13562456,685192,310195,293731,10139459,0,334148,351044,98268,211927,1468700,2248028,4076029,0,107144,227004,102439,248605,1258265,64797371,322167,926371,9727,85160,237007,45670,39490,186216,50791,924820,1551,277390,647430,1551,0,18,9709,8,10,9709,0,20006563,44790808,4977482,15029081,16572799,28218009,n7724,false,0.9999994361996575,0.7926059675058564,0,8563,false,506,12,0.8213940029669817,0.22334986206762053,null
14851574,66055636,603926,13562456,685192,310195,293731,10139459,0,334148,351044,98268,211927,1468700,2248028,4076029,0,107144,227004,102439,248605,1258265,64797371,322167,926371,9727,85160,237007,45670,39490,186216,50791,924820,1551,277390,647430,1551,0,18,9709,8,10,9709,0,20006563,44790808,4977482,15029081,16572799,28218009,n7723,false,0.9999986520221155,0.5929709850156344,0,1832,false,503,7,0.2938945999453576,0.5685427364680503,null
14851574,66055636,603926,13562456,685192,310195,293731,10139459,0,334148,351044,98268,211927,1468700,2248028,4076029,0,107144,227004,102439,248605,1258265,64797371,322167,926371,9727,85160,237007,45670,39490,186216,50791,924820,1551,277390,647430,1551,0,18,9709,8,10,9709,0,20006563,44790808,4977482,15029081,16572799,28218009,n10313,false,0.9625410532236539,0.27349757003573083,0,4156,false,500,13,0.8421856613116259,0.07421704611969948,null
14851574,66055636,603926,13562456,685192,310195,293731,10139459,0,334148,351044,98268,211927,1468700,2248028,4076029,0,107144,227004,102439,248605,1258265,64797371,322167,926371,9727,85160,237007,45670,39490,186216,50791,924820,1551,277390,647430,1551,0,18,9709,8,10,9709,0,20006563,44790808,4977482,15029081,16572799,28218009,n11841,false,0.007908226276234028,0.2930811046704731,0,775,false,505,12,0.8982982191705386,0.1156818794112584,null
14851574,66055636,603926,13562456,685192,310195,293731,10139459,0,334148,351044,98268,211927,1468700,2248028,4076029,0,107144,227004,102439,248605,1258265,64797371,322167,926371,9727,85160,237007,45670,39490,186216,50791,924820,1551,277390,647430,1551,0,18,9709,8,10,9709,0,20006563,44790808,4977482,15029081,16572799,28218009,n11845,false,0.2650592156968841,0.6591054961964139,0,18590,false,501,3,0.6727831180787479,0.022342587685420634,null
14851574,66055636,603926,13562456,685192,310195,293731,10139459,0,334148,351044,98268,211927,1468700,2248028,4076029,0,107144,227004,102439,248605,1258265,64797371,322167,926371,9727,85160,237007,45670,39490,186216,50791,924820,1551,277390,647430,1551,0,18,9709,8,10,9709,0,20006563,44790808,4977482,15029081,16572799,28218009,n11848,false,0.9129446990117668,0.7420544238170522,0,20680,false,501,2,0.28166341633661907,0.3509246458711238,null
14851574,66055636,603926,13562456,685192,310195,293731,10139459,0,334148,351044,98268,211927,1468700,2248028,4076029,0,107144,227004,102439,248605,1258265,64797371,322167,926371,9727,85160,237007,45670,39490,186216,50791,924820,1551,277390,647430,1551,0,18,9709,8,10,9709,0,20006563,44790808,4977482,15029081,16572799,28218009,n3939,false,0.7069896336570575,0.6705296860474743,0,2757,false,505,11,0.425898992502349,0.748159455944821,null
14851574,66055636,603926,13562456,685192,310195,293731,10139459,0,334148,351044,98268,211927,1468700,2248028,4076029,0,107144,227004,102439,248605,1258265,64797371,322167,926371,9727,85160,237007,45670,39490,186216,50791,924820,1551,277390,647430,1551,0,18,9709,8,10,9709,0,20006563,44790808,4977482,15029081,16572799,28218009,n7717,false,0.9172133381234829,0.6438570626333946,0,2067,false,502,5,0.834386583631231,0.4407629508771316,null
14851574,66055636,603926,13562456,685192,310195,293731,10139459,0,334148,351044,98268,211927,1468700,2248028,4076029,0,107144,227004,102439,248605,1258265,64797371,322167,926371,9727,85160,237007,45670,39490,186216,50791,924820,1551,277390,647430,1551,0,18,9709,8,10,9709,0,20006563,44790808,4977482,15029081,16572799,28218009,n3932,false,0.436810389356832,0.840067548160441,0,12981,false,502,5,0.9125160534727847,0.6598504506432749,null
14851574,66055636,603926,13562456,685192,310195,293731,10139459,0,334148,351044,98268,211927,1468700,2248028,4076029,0,107144,227004,102439,248605,1258265,64797371,322167,926371,9727,85160,237007,45670,39490,186216,50791,924820,1551,277390,647430,1551,0,18,9709,8,10,9709,0,20006563,44790808,4977482,15029081,16572799,28218009,n7712,true,0.44416947609576657,0.607826222354676,13,10973,false,501,4,0.8581907826557491,0.4791516797594726,null
14851574,66055636,603926,13562456,685192,310195,293731,10139459,0,334148,351044,98268,211927,1468700,2248028,4076029,0,107144,227004,102439,248605,1258265,64797371,322167,926371,9727,85160,237007,45670,39490,186216,50791,924820,1551,277390,647430,1551,0,18,9709,8,10,9709,0,20006563,44790808,4977482,15029081,16572799,28218009,n7714,false,0.43731115599375125,0.4461449365574648,0,2208,false,504,9,0.5661651901851882,0.8334893922754396,null
14851574,66055636,603926,13562456,685192,310195,293731,10139459,0,334148,351044,98268,211927,1468700,2248028,4076029,0,107144,227004,102439,248605,1258265,64797371,322167,926371,9727,85160,237007,45670,39490,186216,50791,924820,1551,277390,647430,1551,0,18,9709,8,10,9709,0,20006563,44790808,4977482,15029081,16572799,28218009,n9079,false,0.42571901926289474,0.6094427815859316,0,1051,false,510,22,0.8141068967240905,0.39961226219817314,null
14851574,66055636,603926,13562456,685192,310195,293731,10139459,0,334148,351044,98268,211927,1468700,2248028,4076029,0,107144,227004,102439,248605,1258265,64797371,322167,926371,9727,85160,237007,45670,39490,186216,50791,924820,1551,277390,647430,1551,0,18,9709,8,10,9709,0,20006563,44790808,4977482,15029081,16572799,28218009,n11835,false,0.1341453914804984,0.7622650997359233,0,5281,false,505,11,0.842092544323318,0.0046854568595871005,null
14851574,66055636,603926,13562456,685192,310195,293731,10139459,0,334148,351044,98268,211927,1468700,2248028,4076029,0,107144,227004,102439,248605,1258265,64797371,322167,926371,9727,85160,237007,45670,39490,186216,50791,924820,1551,277390,647430,1551,0,18,9709,8,10,9709,0,20006563,44790808,4977482,15029081,16572799,28218009,n3970,false,0.9187512194048018,0.8920044816469375,0,5080,false,505,10,0.8210613235961577,0.7908107015130958,null
14851574,66055636,603926,13562456,685192,310195,293731,10139459,0,334148,351044,98268,211927,1468700,2248028,4076029,0,107144,227004,102439,248605,1258265,64797371,322167,926371,9727,85160,237007,45670,39490,186216,50791,924820,1551,277390,647430,1551,0,18,9709,8,10,9709,0,20006563,44790808,4977482,15029081,16572799,28218009,n7794,false,0.9999957593964285,0.9119319868851015,0,7439,false,503,6,0.8349850191697035,0.7029360484958704,null
14851574,66055636,603926,13562456,685192,310195,293731,10139459,0,334148,351044,98268,211927,1468700,2248028,4076029,0,107144,227004,102439,248605,1258265,64797371,322167,926371,9727,85160,237007,45670,39490,186216,50791,924820,1551,277390,647430,1551,0,18,9709,8,10,9709,0,20006563,44790808,4977482,15029081,16572799,28218009,n9070,false,0.00595547919610396,0.5721693778675272,0,274,false,504,10,0.8642596590641428,0.5005742743844828,null
14851574,66055636,603926,13562456,685192,310195,293731,10139459,0,334148,351044,98268,211927,1468700,2248028,4076029,0,107144,227004,102439,248605,1258265,64797371,322167,926371,9727,85160,237007,45670,39490,186216,50791,924820,1551,277390,647430,1551,0,18,9709,8,10,9709,0,20006563,44790808,4977482,15029081,16572799,28218009,n10387,false,0.5787011101198172,0.9450621498607975,0,91,false,502,5,0.40247213976277835,0.40563420386537397,null
14851574,66055636,603926,13562456,685192,310195,293731,10139459,0,334148,351044,98268,211927,1468700,2248028,4076029,0,107144,227004,102439,248605,1258265,64797371,322167,926371,9727,85160,237007,45670,39490,186216,50791,924820,1551,277390,647430,1551,0,18,9709,8,10,9709,0,20006563,44790808,4977482,15029081,16572799,28218009,n7789,false,0.44275803913775663,0.042267934731959445,0,19587,false,502,4,0.4806214717836492,0.5629910428996503,null
14851574,66055636,603926,13562456,685192,310195,293731,10139459,0,334148,351044,98268,211927,1468700,2248028,4076029,0,107144,227004,102439,248605,1258265,64797371,322167,926371,9727,85160,237007,45670,39490,186216,50791,924820,1551,277390,647430,1551,0,18,9709,8,10,9709,0,20006563,44790808,4977482,15029081,16572799,28218009,n18503,false,0.030267790589291764,0.11893084691278122,0,3377,false,502,5,0.8734400350371561,0.04473918751393946,null
14851574,66055636,603926,13562456,685192,310195,293731,10139459,0,334148,351044,98268,211927,1468700,2248028,4076029,0,107144,227004,102439,248605,1258265,64797371,322167,926371,9727,85160,237007,45670,39490,186216,50791,924820,1551,277390,647430,1551,0,18,9709,8,10,9709,0,20006563,44790808,4977482,15029081,16572799,28218009,n3961,false,0.8779731655752933,0.5942478573441412,0,14668,false,502,6,0.4783282854255007,0.4735604908325356,null
14851574,66055636,603926,13562456,685192,310195,293731,10139459,0,334148,351044,98268,211927,1468700,2248028,4076029,0,107144,227004,102439,248605,1258265,64797371,322167,926371,9727,85160,237007,45670,39490,186216,50791,924820,1551,277390,647430,1551,0,18,9709,8,10,9709,0,20006563,44790808,4977482,15029081,16572799,28218009,n11824,false,0.10654182706518926,0.45923946878596367,0,15417,false,501,5,0.9705688537390721,0.022008447811104337,null
14851574,66055636,603926,13562456,685192,310195,293731,10139459,0,334148,351044,98268,211927,1468700,2248028,4076029,0,107144,227004,102439,248605,1258265,64797371,322167,926371,9727,85160,237007,45670,39490,186216,50791,924820,1551,277390,647430,1551,0,18,9709,8,10,9709,0,20006563,44790808,4977482,15029081,16572799,28218009,n10378,false,0.9999967194285687,0.6538131945897531,0,2901,false,504,9,0.9956830286350066,0.8254265578138328,null
14851574,66055636,603926,13562456,685192,310195,293731,10139459,0,334148,351044,98268,211927,1468700,2248028,4076029,0,107144,227004,102439,248605,1258265,64797371,322167,926371,9727,85160,237007,45670,39490,186216,50791,924820,1551,277390,647430,1551,0,18,9709,8,10,9709,0,20006563,44790808,4977482,15029081,16572799,28218009,n3954,false,0.914334216409045,0.920094951790555,0,17790,false,501,3,0.43105479728724705,0.4288636869642625,null
14851574,66055636,603926,13562456,685192,310195,293731,10139459,0,334148,351044,98268,211927,1468700,2248028,4076029,0,107144,227004,102439,248605,1258265,64797371,322167,926371,9727,85160,237007,45670,39490,186216,50791,924820,1551,277390,647430,1551,0,18,9709,8,10,9709,0,20006563,44790808,4977482,15029081,16572799,28218009,n7778,false,0.6591678746799678,0.3414689930007353,0,6564,false,501,3,0.2393712415553435,0.9224356192114587,null
14851574,66055636,603926,13562456,685192,310195,293731,10139459,0,334148,351044,98268,211927,1468700,2248028,4076029,0,107144,227004,102439,248605,1258265,64797371,322167,926371,9727,85160,237007,45670,39490,186216,50791,924820,1551,277390,647430,1551,0,18,9709,8,10,9709,0,20006563,44790808,4977482,15029081,16572799,28218009,n10372,false,0.22736552619576142,0.9951784760974609,0,8728,false,502,5,0.49318345938865293,0.2780758480233999,null
14851574,66055636,603926,13562456,685192,310195,293731,10139459,0,334148,351044,98268,211927,1468700,2248028,4076029,0,107144,227004,102439,248605,1258265,64797371,322167,926371,9727,85160,237007,45670,39490,186216,50791,924820,1551,277390,647430,1551,0,18,9709,8,10,9709,0,20006563,44790808,4977482,15029081,16572799,28218009,n3950,false,0.02807995539910163,0.9100189028588708,0,8689,false,503,7,0.5745364164399813,0.5047813412757173,null
14851574,66055636,603926,13562456,685192,310195,293731,10139459,0,334148,351044,98268,211927,1468700,2248028,4076029,0,107144,227004,102439,248605,1258265,64797371,322167,926371,9727,85160,237007,45670,39490,186216,50791,924820,1551,277390,647430,1551,0,18,9709,8,10,9709,0,20006563,44790808,4977482,15029081,16572799,28218009,n3951,false,0.9999958290008012,0.8393414426033133,0,19610,false,501,3,0.5388798605723903,0.027755811530620456,null
14851574,66055636,603926,13562456,685192,310195,293731,10139459,0,334148,351044,98268,211927,1468700,2248028,4076029,0,107144,227004,102439,248605,1258265,64797371,322167,926371,9727,85160,237007,45670,39490,186216,50791,924820,1551,277390,647430,1551,0,18,9709,8,10,9709,0,20006563,44790808,4977482,15029081,16572799,28218009,n11811,false,0.17752041685806738,0.9288075504379506,0,8993,false,505,12,0.671246728405011,0.5433365882741423,null
14851574,66055636,603926,13562456,685192,310195,293731,10139459,0,334148,351044,98268,211927,1468700,2248028,4076029,0,107144,227004,102439,248605,1258265,64797371,322167,926371,9727,85160,237007,45670,39490,186216,50791,924820,1551,277390,647430,1551,0,18,9709,8,10,9709,0,20006563,44790808,4977482,15029081,16572799,28218009,n14505,false,0.23963788685064247,0.9129303463747263,0,1367,false,506,13,0.9045759717195642,0.035218037532463886,null
14851574,66055636,603926,13562456,685192,310195,293731,10139459,0,334148,351044,98268,211927,1468700,2248028,4076029,0,107144,227004,102439,248605,1258265,64797371,322167,926371,9727,85160,237007,45670,39490,186216,50791,924820,1551,277390,647430,1551,0,18,9709,8,10,9709,0,20006563,44790808,4977482,15029081,16572799,28218009,n10365,false,0.4183084686530338,0.8010064600499092,0,28999,false,500,0,0.719888811384032,0.8641142992361509,null
14851574,66055636,603926,13562456,685192,310195,293731,10139459,0,334148,351044,98268,211927,1468700,2248028,4076029,0,107144,227004,102439,248605,1258265,64797371,322167,926371,9727,85160,237007,45670,39490,186216,50791,924820,1551,277390,647430,1551,0,18,9709,8,10,9709,0,20006563,44790808,4977482,15029081,16572799,28218009,n9099,false,0.052379354929998234,0.6949403209597269,0,11663,false,504,11,0.40029556101342106,0.9746543891324218,null
14851574,66055636,603926,13562456,685192,310195,293731,10139459,0,334148,351044,98268,211927,1468700,2248028,4076029,0,107144,227004,102439,248605,1258265,64797371,322167,926371,9727,85160,237007,45670,39490,186216,50791,924820,1551,277390,647430,1551,0,18,9709,8,10,9709,0,20006563,44790808,4977482,15029081,16572799,28218009,n3984,false,0.3244091120575525,0.6702816179893207,0,1542,false,506,12,0.707758703433392,0.05504227254535532,null
14851574,66055636,603926,13562456,685192,310195,293731,10139459,0,334148,351044,98268,211927,1468700,2248028,4076029,0,107144,227004,102439,248605,1258265,64797371,322167,926371,9727,85160,237007,45670,39490,186216,50791,924820,1551,277390,647430,1551,0,18,9709,8,10,9709,0,20006563,44790808,4977482,15029081,16572799,28218009,n7769,true,0.18860183678083114,0.7390433189533653,13,3695,false,502,7,0.9089332801823672,0.6522961598766881,null
14851574,66055636,603926,13562456,685192,310195,293731,10139459,0,334148,351044,98268,211927,1468700,2248028,4076029,0,107144,227004,102439,248605,1258265,64797371,322167,926371,9727,85160,237007,45670,39490,186216,50791,924820,1551,277390,647430,1551,0,18,9709,8,10,9709,0,20006563,44790808,4977482,15029081,16572799,28218009,n11803,false,0.9999956801463161,0.984602846071334,0,5051,false,502,5,0.9091625807314935,0.4665572282829735,null
14851574,66055636,603926,13562456,685192,310195,293731,10139459,0,334148,351044,98268,211927,1468700,2248028,4076029,0,107144,227004,102439,248605,1258265,64797371,322167,926371,9727,85160,237007,45670,39490,186216,50791,924820,1551,277390,647430,1551,0,18,9709,8,10,9709,0,20006563,44790808,4977482,15029081,16572799,28218009,n7765,false,0.7511209206504105,0.40466525442997303,0,12303,false,502,6,0.41954986256368276,0.07946105008040627,null
14851574,66055636,603926,13562456,685192,310195,293731,10139459,0,334148,351044,98268,211927,1468700,2248028,4076029,0,107144,227004,102439,248605,1258265,64797371,322167,926371,9727,85160,237007,45670,39490,186216,50791,924820,1551,277390,647430,1551,0,18,9709,8,10,9709,0,20006563,44790808,4977482,15029081,16572799,28218009,n10358,false,0.9999970587388337,0.0725993212342908,0,5089,false,503,6,0.6864900073362153,0.7199702864285783,null
14851574,66055636,603926,13562456,685192,310195,293731,10139459,0,334148,351044,98268,211927,1468700,2248028,4076029,0,107144,227004,102439,248605,1258265,64797371,322167,926371,9727,85160,237007,45670,39490,186216,50791,924820,1551,277390,647430,1551,0,18,9709,8,10,9709,0,20006563,44790808,4977482,15029081,16572799,28218009,n7761,false,0.9999984174449802,0.9829487424584726,0,4189,false,502,5,0.9420248943957855,0.9516230652279073,null
14851574,66055636,603926,13562456,685192,310195,293731,10139459,0,334148,351044,98268,211927,1468700,2248028,4076029,0,107144,227004,102439,248605,1258265,64797371,322167,926371,9727,85160,237007,45670,39490,186216,50791,924820,1551,277390,647430,1551,0,18,9709,8,10,9709,0,20006563,44790808,4977482,15029081,16572799,28218009,n9080,false,0.14852700808441632,0.7878821698143831,0,11796,false,503,7,0.7097714414967472,0.9630602941949563,null
14851574,66055636,603926,13562456,685192,310195,293731,10139459,0,334148,351044,98268,211927,1468700,2248028,4076029,0,107144,227004,102439,248605,1258265,64797371,322167,926371,9727,85160,237007,45670,39490,186216,50791,924820,1551,277390,647430,1551,0,18,9709,8,10,9709,0,20006563,44790808,4977482,15029081,16572799,28218009,n17413,false,0.8785373877439497,0.6428169058830375,0,8096,false,502,4,0.6970366024345697,0.7996834693719416,null
14851574,66055636,603926,13562456,685192,310195,293731,10139459,0,334148,351044,98268,211927,1468700,2248028,4076029,0,107144,227004,102439,248605,1258265,64797371,322167,926371,9727,85160,237007,45670,39490,186216,50791,924820,1551,277390,647430,1551,0,18,9709,8,10,9709,0,20006563,44790808,4977482,15029081,16572799,28218009,n35924,false,0.9999952025205099,0.01716201229145098,0,4174,false,501,4,0.7223814722092643,0.8452971494077359,null
14851574,66055636,603926,13562456,685192,310195,293731,10139459,0,334148,351044,98268,211927,1468700,2248028,4076029,0,107144,227004,102439,248605,1258265,64797371,322167,926371,9727,85160,237007,45670,39490,186216,50791,924820,1551,277390,647430,1551,0,18,9709,8,10,9709,0,20006563,44790808,4977482,15029081,16572799,28218009,n22705,true,0.3869657413941047,0.22151557828985002,5,18798,false,500,3,0.5230947318413288,0.6920040543076085,null
14851574,66055636,603926,13562456,685192,310195,293731,10139459,0,334148,351044,98268,211927,1468700,2248028,4076029,0,107144,227004,102439,248605,1258265,64797371,322167,926371,9727,85160,237007,45670,39490,186216,50791,924820,1551,277390,647430,1551,0,18,9709,8,10,9709,0,20006563,44790808,4977482,15029081,16572799,28218009,n25284,false,0.9603882533576475,0.213646126445384,0,5683,false,506,13,0.7811127140012053,0.5353855216316135,null
14851574,66055636,603926,13562456,685192,310195,293731,10139459,0,334148,351044,98268,211927,1468700,2248028,4076029,0,107144,227004,102439,248605,1258265,64797371,322167,926371,9727,85160,237007,45670,39490,186216,50791,924820,1551,277390,647430,1551,0,18,9709,8,10,9709,0,20006563,44790808,4977482,15029081,16572799,28218009,n25286,false,0.10335471456847195,0.89492714704251,0,8086,false,507,14,0.9739056143919467,0.7717845774735369,null
14851574,66055636,603926,13562456,685192,310195,293731,10139459,0,334148,351044,98268,211927,1468700,2248028,4076029,0,107144,227004,102439,248605,1258265,64797371,322167,926371,9727,85160,237007,45670,39490,186216,50791,924820,1551,277390,647430,1551,0,18,9709,8,10,9709,0,20006563,44790808,4977482,15029081,16572799,28218009,n26731,false,0.9439400928918956,0.7036912114105242,0,3376,false,502,5,0.58915595638907,0.23289870000172797,null
14851574,66055636,603926,13562456,685192,310195,293731,10139459,0,334148,351044,98268,211927,1468700,2248028,4076029,0,107144,227004,102439,248605,1258265,64797371,322167,926371,9727,85160,237007,45670,39490,186216,50791,924820,1551,277390,647430,1551,0,18,9709,8,10,9709,0,20006563,44790808,4977482,15029081,16572799,28218009,n6676,true,0.7955537027363214,0.7580380050065645,11,20952,false,500,1,0.61308173986719,0.49693266310868156,null
14851574,66055636,603926,13562456,685192,310195,293731,10139459,0,334148,351044,98268,211927,1468700,2248028,4076029,0,107144,227004,102439,248605,1258265,64797371,322167,926371,9727,85160,237007,45670,39490,186216,50791,924820,1551,277390,647430,1551,0,18,9709,8,10,9709,0,20006563,44790808,4977482,15029081,16572799,28218009,n26745,true,0.16594730506045866,0.9238553855819482,10,8086,false,500,2,0.20779173730304668,0.4707614326603532,null
14851574,66055636,603926,13562456,685192,310195,293731,10139459,0,334148,351044,98268,211927,1468700,2248028,4076029,0,107144,227004,102439,248605,1258265,64797371,322167,926371,9727,85160,237007,45670,39490,186216,50791,924820,1551,277390,647430,1551,0,18,9709,8,10,9709,0,20006563,44790808,4977482,15029081,16572799,28218009,n6670,false,0.26904256792330006,0.7881204333812574,0,3525,false,503,7,0.4086072131732095,0.7490067522961927,null
14851574,66055636,603926,13562456,685192,310195,293731,10139459,0,334148,351044,98268,211927,1468700,2248028,4076029,0,107144,227004,102439,248605,1258265,64797371,322167,926371,9727,85160,237007,45670,39490,186216,50791,924820,1551,277390,647430,1551,0,18,9709,8,10,9709,0,20006563,44790808,4977482,15029081,16572799,28218009,n7704,false,0.3772413490783705,0.8607142513207112,0,9097,false,505,10,0.968210899581934,0.7890799642359877,null
14851574,66055636,603926,13562456,685192,310195,293731,10139459,0,334148,351044,98268,211927,1468700,2248028,4076029,0,107144,227004,102439,248605,1258265,64797371,322167,926371,9727,85160,237007,45670,39490,186216,50791,924820,1551,277390,647430,1551,0,18,9709,8,10,9709,0,20006563,44790808,4977482,15029081,16572799,28218009,n7706,false,0.5813535282823789,0.13605313519028361,0,20135,false,502,5,0.8768985479004967,0.9715304668533821,null
14851574,66055636,603926,13562456,685192,310195,293731,10139459,0,334148,351044,98268,211927,1468700,2248028,4076029,0,107144,227004,102439,248605,1258265,64797371,322167,926371,9727,85160,237007,45670,39490,186216,50791,924820,1551,277390,647430,1551,0,18,9709,8,10,9709,0,20006563,44790808,4977482,15029081,16572799,28218009,n10305,false,0.9999970674469906,0.6401049709796661,0,1936,false,502,6,0.9547912781220574,0.2401759120339565,null
14851574,66055636,603926,13562456,685192,310195,293731,10139459,0,334148,351044,98268,211927,1468700,2248028,4076029,0,107144,227004,102439,248605,1258265,64797371,322167,926371,9727,85160,237007,45670,39490,186216,50791,924820,1551,277390,647430,1551,0,18,9709,8,10,9709,0,20006563,44790808,4977482,15029081,16572799,28218009,n10307,false,0.5440441903826658,0.9703976809243828,0,14075,false,502,4,0.4223825666384912,0.5869368342475085,null
14851574,66055636,603926,13562456,685192,310195,293731,10139459,0,334148,351044,98268,211927,1468700,2248028,4076029,0,107144,227004,102439,248605,1258265,64797371,322167,926371,9727,85160,237007,45670,39490,186216,50791,924820,1551,277390,647430,1551,0,18,9709,8,10,9709,0,20006563,44790808,4977482,15029081,16572799,28218009,n22739,false,0.538033347153278,0.5592615220523982,0,7440,false,502,6,0.9540341045119379,0.10343004825128532,null
14851574,66055636,603926,13562456,685192,310195,293731,10139459,0,334148,351044,98268,211927,1468700,2248028,4076029,0,107144,227004,102439,248605,1258265,64797371,322167,926371,9727,85160,237007,45670,39490,186216,50791,924820,1551,277390,647430,1551,0,18,9709,8,10,9709,0,20006563,44790808,4977482,15029081,16572799,28218009,n10302,false,0.4987354820891449,0.6939550014116638,0,7687,false,504,10,0.7217464221961342,0.6175135717621141,null
14851574,66055636,603926,13562456,685192,310195,293731,10139459,0,334148,351044,98268,211927,1468700,2248028,4076029,0,107144,227004,102439,248605,1258265,64797371,322167,926371,9727,85160,237007,45670,39490,186216,50791,924820,1551,277390,647430,1551,0,18,9709,8,10,9709,0,20006563,44790808,4977482,15029081,16572799,28218009,n6650,true,0.4703562041360857,0.6893199995994025,11,12967,false,501,3,0.44698132081961506,0.06120079539554968,null
14851574,66055636,603926,13562456,685192,310195,293731,10139459,0,334148,351044,98268,211927,1468700,2248028,4076029,0,107144,227004,102439,248605,1258265,64797371,322167,926371,9727,85160,237007,45670,39490,186216,50791,924820,1551,277390,647430,1551,0,18,9709,8,10,9709,0,20006563,44790808,4977482,15029081,16572799,28218009,n25278,false,0.48413034419137946,0.4204133347223465,0,5275,false,501,3,0.816145067113648,0.3415869556515143,null
14851574,66055636,603926,13562456,685192,310195,293731,10139459,0,334148,351044,98268,211927,1468700,2248028,4076029,0,107144,227004,102439,248605,1258265,64797371,322167,926371,9727,85160,237007,45670,39490,186216,50791,924820,1551,277390,647430,1551,0,18,9709,8,10,9709,0,20006563,44790808,4977482,15029081,16572799,28218009,n26774,false,0.24203374876943592,0.8986701462830862,0,5166,false,506,13,0.7309759375116215,0.4387090845975248,null
14851574,66055636,603926,13562456,685192,310195,293731,10139459,0,334148,351044,98268,211927,1468700,2248028,4076029,0,107144,227004,102439,248605,1258265,64797371,322167,926371,9727,85160,237007,45670,39490,186216,50791,924820,1551,277390,647430,1551,0,18,9709,8,10,9709,0,20006563,44790808,4977482,15029081,16572799,28218009,n11896,false,0.9226893229904867,0.11413381753244067,0,20159,false,502,5,0.9561462540002288,0.44486838379613947,null
14851574,66055636,603926,13562456,685192,310195,293731,10139459,0,334148,351044,98268,211927,1468700,2248028,4076029,0,107144,227004,102439,248605,1258265,64797371,322167,926371,9727,85160,237007,45670,39490,186216,50791,924820,1551,277390,647430,1551,0,18,9709,8,10,9709,0,20006563,44790808,4977482,15029081,16572799,28218009,n26780,false,0.407172749775825,0.7771405959676869,0,28999,false,0,0,0.9641500170915098,0.19809982413990823,null
14851574,66055636,603926,13562456,685192,310195,293731,10139459,0,334148,351044,98268,211927,1468700,2248028,4076029,0,107144,227004,102439,248605,1258265,64797371,322167,926371,9727,85160,237007,45670,39490,186216,50791,924820,1551,277390,647430,1551,0,18,9709,8,10,9709,0,20006563,44790808,4977482,15029081,16572799,28218009,n6623,true,0.8650973071441522,0.6275001170517849,10,14251,false,3,3,0.6282347996645335,0.45699220444562016,null
14851574,66055636,603926,13562456,685192,310195,293731,10139459,0,334148,351044,98268,211927,1468700,2248028,4076029,0,107144,227004,102439,248605,1258265,64797371,322167,926371,9727,85160,237007,45670,39490,186216,50791,924820,1551,277390,647430,1551,0,18,9709,8,10,9709,0,20006563,44790808,4977482,15029081,16572799,28218009,n22766,false,0.6684096966059432,0.5197650891322119,0,5378,false,507,16,0.15837513126234892,0.49629209817111897,null
14851574,66055636,603926,13562456,685192,310195,293731,10139459,0,334148,351044,98268,211927,1468700,2248028,4076029,0,107144,227004,102439,248605,1258265,64797371,322167,926371,9727,85160,237007,45670,39490,186216,50791,924820,1551,277390,647430,1551,0,18,9709,8,10,9709,0,20006563,44790808,4977482,15029081,16572799,28218009,n22760,true,0.99470536960615,0.7010470875459524,6,28852,false,0,1,0.2734801170065887,0.06090080440978629,null
14851574,66055636,603926,13562456,685192,310195,293731,10139459,0,334148,351044,98268,211927,1468700,2248028,4076029,0,107144,227004,102439,248605,1258265,64797371,322167,926371,9727,85160,237007,45670,39490,186216,50791,924820,1551,277390,647430,1551,0,18,9709,8,10,9709,0,20006563,44790808,4977482,15029081,16572799,28218009,n17585,false,0.5753786683697879,0.5061646651717735,0,5,false,508,18,0.5527141814525534,0.3988818765831575,null
14851574,66055636,603926,13562456,685192,310195,293731,10139459,0,334148,351044,98268,211927,1468700,2248028,4076029,0,107144,227004,102439,248605,1258265,64797371,322167,926371,9727,85160,237007,45670,39490,186216,50791,924820,1551,277390,647430,1551,0,18,9709,8,10,9709,0,20006563,44790808,4977482,15029081,16572799,28218009,n14373,false,0.41802863213415853,0.602102171086933,0,15239,false,500,4,0.8586509597273823,0.039713148527778186,null
14851574,66055636,603926,13562456,685192,310195,293731,10139459,0,334148,351044,98268,211927,1468700,2248028,4076029,0,107144,227004,102439,248605,1258265,64797371,322167,926371,9727,85160,237007,45670,39490,186216,50791,924820,1551,277390,647430,1551,0,18,9709,8,10,9709,0,20006563,44790808,4977482,15029081,16572799,28218009,n14375,false,0.9999993879731565,0.7298202311563797,0,5121,false,506,13,0.6272766323593026,0.6434411664882452,null
14851574,66055636,603926,13562456,685192,310195,293731,10139459,0,334148,351044,98268,211927,1468700,2248028,4076029,0,107144,227004,102439,248605,1258265,64797371,322167,926371,9727,85160,237007,45670,39490,186216,50791,924820,1551,277390,647430,1551,0,18,9709,8,10,9709,0,20006563,44790808,4977482,15029081,16572799,28218009,n15950,false,0.5973671672318198,0.7163522327082961,0,3955,false,502,5,0.37679705424495535,0.5846630552700571,null
14851574,66055636,603926,13562456,685192,310195,293731,10139459,0,334148,351044,98268,211927,1468700,2248028,4076029,0,107144,227004,102439,248605,1258265,64797371,322167,926371,9727,85160,237007,45670,39490,186216,50791,924820,1551,277390,647430,1551,0,18,9709,8,10,9709,0,20006563,44790808,4977482,15029081,16572799,28218009,n33887,false,0.8925671927432476,0.13861736606495745,0,8252,false,500,1,0.6414197564419917,0.3399823277234905,null
14851574,66055636,603926,13562456,685192,310195,293731,10139459,0,334148,351044,98268,211927,1468700,2248028,4076029,0,107144,227004,102439,248605,1258265,64797371,322167,926371,9727,85160,237007,45670,39490,186216,50791,924820,1551,277390,647430,1551,0,18,9709,8,10,9709,0,20006563,44790808,4977482,15029081,16572799,28218009,n33880,false,0.9999955578005705,0.14227145954341047,0,156,false,501,3,0.39402494000138355,0.5411606432144096,null
14851574,66055636,603926,13562456,685192,310195,293731,10139459,0,334148,351044,98268,211927,1468700,2248028,4076029,0,107144,227004,102439,248605,1258265,64797371,322167,926371,9727,85160,237007,45670,39490,186216,50791,924820,1551,277390,647430,1551,0,18,9709,8,10,9709,0,20006563,44790808,4977482,15029081,16572799,28218009,n17598,false,0.987708380323705,0.9068287229472356,0,14360,false,503,7,0.9210685379859661,0.7041742405943285,null
14851574,66055636,603926,13562456,685192,310195,293731,10139459,0,334148,351044,98268,211927,1468700,2248028,4076029,0,107144,227004,102439,248605,1258265,64797371,322167,926371,9727,85160,237007,45670,39490,186216,50791,924820,1551,277390,647430,1551,0,18,9709,8,10,9709,0,20006563,44790808,4977482,15029081,16572799,28218009,n33882,true,0.8423809794273482,0.959632251201722,16,28999,false,0,0,0.4125337446765819,0.20083537286849729,null
14851574,66055636,603926,13562456,685192,310195,293731,10139459,0,334148,351044,98268,211927,1468700,2248028,4076029,0,107144,227004,102439,248605,1258265,64797371,322167,926371,9727,85160,237007,45670,39490,186216,50791,924820,1551,277390,647430,1551,0,18,9709,8,10,9709,0,20006563,44790808,4977482,15029081,16572799,28218009,n14383,false,0.11084540236402053,0.3322646838639676,0,3833,false,505,10,0.6136945743705209,0.3144671330093315,null
14851574,66055636,603926,13562456,685192,310195,293731,10139459,0,334148,351044,98268,211927,1468700,2248028,4076029,0,107144,227004,102439,248605,1258265,64797371,322167,926371,9727,85160,237007,45670,39490,186216,50791,924820,1551,277390,647430,1551,0,18,9709,8,10,9709,0,20006563,44790808,4977482,15029081,16572799,28218009,n36312,false,0.9697502979696522,0.13547691893109692,0,10351,false,504,10,0.7544399712229197,0.7748496826172604,null
14851574,66055636,603926,13562456,685192,310195,293731,10139459,0,334148,351044,98268,211927,1468700,2248028,4076029,0,107144,227004,102439,248605,1258265,64797371,322167,926371,9727,85160,237007,45670,39490,186216,50791,924820,1551,277390,647430,1551,0,18,9709,8,10,9709,0,20006563,44790808,4977482,15029081,16572799,28218009,n15934,false,0.690763319396522,0.5301308937144233,0,5875,false,502,4,0.4181872353926022,0.9579789061330444,null
14851574,66055636,603926,13562456,685192,310195,293731,10139459,0,334148,351044,98268,211927,1468700,2248028,4076029,0,107144,227004,102439,248605,1258265,64797371,322167,926371,9727,85160,237007,45670,39490,186216,50791,924820,1551,277390,647430,1551,0,18,9709,8,10,9709,0,20006563,44790808,4977482,15029081,16572799,28218009,n33860,false,0.24100692149169406,0.21198008671467217,0,5443,false,502,4,0.700743681836989,0.023166016985131765,null
14851574,66055636,603926,13562456,685192,310195,293731,10139459,0,334148,351044,98268,211927,1468700,2248028,4076029,0,107144,227004,102439,248605,1258265,64797371,322167,926371,9727,85160,237007,45670,39490,186216,50791,924820,1551,277390,647430,1551,0,18,9709,8,10,9709,0,20006563,44790808,4977482,15029081,16572799,28218009,n33863,true,0.5897142781676502,0.8523532535241036,8,26427,false,0,1,0.6281028008829979,0.10497604374313707,null
14851574,66055636,603926,13562456,685192,310195,293731,10139459,0,334148,351044,98268,211927,1468700,2248028,4076029,0,107144,227004,102439,248605,1258265,64797371,322167,926371,9727,85160,237007,45670,39490,186216,50791,924820,1551,277390,647430,1551,0,18,9709,8,10,9709,0,20006563,44790808,4977482,15029081,16572799,28218009,n33853,false,0.3403074840620809,0.5116842932223236,0,4229,false,502,5,0.8006335934286866,0.36630714972789097,null
14851574,66055636,603926,13562456,685192,310195,293731,10139459,0,334148,351044,98268,211927,1468700,2248028,4076029,0,107144,227004,102439,248605,1258265,64797371,322167,926371,9727,85160,237007,45670,39490,186216,50791,924820,1551,277390,647430,1551,0,18,9709,8,10,9709,0,20006563,44790808,4977482,15029081,16572799,28218009,n3110,false,0.3155989845787366,0.9540136245973425,0,12597,false,505,10,0.44115327335587196,0.48100437807251795,null
14851574,66055636,603926,13562456,685192,310195,293731,10139459,0,334148,351044,98268,211927,1468700,2248028,4076029,0,107144,227004,102439,248605,1258265,64797371,322167,926371,9727,85160,237007,45670,39490,186216,50791,924820,1551,277390,647430,1551,0,18,9709,8,10,9709,0,20006563,44790808,4977482,15029081,16572799,28218009,n15905,false,0.8277409685741026,0.70487134896854,0,5360,false,501,4,0.6114418480836294,0.18731300815918106,null
14851574,66055636,603926,13562456,685192,310195,293731,10139459,0,334148,351044,98268,211927,1468700,2248028,4076029,0,107144,227004,102439,248605,1258265,64797371,322167,926371,9727,85160,237007,45670,39490,186216,50791,924820,1551,277390,647430,1551,0,18,9709,8,10,9709,0,20006563,44790808,4977482,15029081,16572799,28218009,n6599,false,0.9999992118249249,0.764534152149708,0,739,false,504,9,0.9554243411811512,0.08448103120534345,null
14851574,66055636,603926,13562456,685192,310195,293731,10139459,0,334148,351044,98268,211927,1468700,2248028,4076029,0,107144,227004,102439,248605,1258265,64797371,322167,926371,9727,85160,237007,45670,39490,186216,50791,924820,1551,277390,647430,1551,0,18,9709,8,10,9709,0,20006563,44790808,4977482,15029081,16572799,28218009,n6589,false,0.36252015427348216,0.6044524109629593,0,28998,false,500,1,0.868330531424224,0.7104463476992078,null
14851574,66055636,603926,13562456,685192,310195,293731,10139459,0,334148,351044,98268,211927,1468700,2248028,4076029,0,107144,227004,102439,248605,1258265,64797371,322167,926371,9727,85160,237007,45670,39490,186216,50791,924820,1551,277390,647430,1551,0,18,9709,8,10,9709,0,20006563,44790808,4977482,15029081,16572799,28218009,n3108,false,0.9999966224558955,0.9121771122182596,0,1709,false,500,2,0.9391940370135856,0.7426981003309143,null
14851574,66055636,603926,13562456,685192,310195,293731,10139459,0,334148,351044,98268,211927,1468700,2248028,4076029,0,107144,227004,102439,248605,1258265,64797371,322167,926371,9727,85160,237007,45670,39490,186216,50791,924820,1551,277390,647430,1551,0,18,9709,8,10,9709,0,20006563,44790808,4977482,15029081,16572799,28218009,n3105,false,0.9362946212369405,0.24045045998851544,0,5623,false,503,7,0.6612912067183503,0.21933935259086879,null
14851574,66055636,603926,13562456,685192,310195,293731,10139459,0,334148,351044,98268,211927,1468700,2248028,4076029,0,107144,227004,102439,248605,1258265,64797371,322167,926371,9727,85160,237007,45670,39490,186216,50791,924820,1551,277390,647430,1551,0,18,9709,8,10,9709,0,20006563,44790808,4977482,15029081,16572799,28218009,n3104,false,0.9338978910469494,0.38944526050378847,0,19272,false,501,3,0.11714986738983602,0.8523441532621379,null
14851574,66055636,603926,13562456,685192,310195,293731,10139459,0,334148,351044,98268,211927,1468700,2248028,4076029,0,107144,227004,102439,248605,1258265,64797371,322167,926371,9727,85160,237007,45670,39490,186216,50791,924820,1551,277390,647430,1551,0,18,9709,8,10,9709,0,20006563,44790808,4977482,15029081,16572799,28218009,n3100,false,0.28658532169539724,0.8154126835187745,0,5982,false,505,12,0.818664380594928,0.30789000740140865,null
14851574,66055636,603926,13562456,685192,310195,293731,10139459,0,334148,351044,98268,211927,1468700,2248028,4076029,0,107144,227004,102439,248605,1258265,64797371,322167,926371,9727,85160,237007,45670,39490,186216,50791,924820,1551,277390,647430,1551,0,18,9709,8,10,9709,0,20006563,44790808,4977482,15029081,16572799,28218009,n15916,false,0.0955699439604142,0.3230130225786974,0,25304,false,502,4,0.7491053295253658,0.46297799815193436,null
14851574,66055636,603926,13562456,685192,310195,293731,10139459,0,334148,351044,98268,211927,1468700,2248028,4076029,0,107144,227004,102439,248605,1258265,64797371,322167,926371,9727,85160,237007,45670,39490,186216,50791,924820,1551,277390,647430,1551,0,18,9709,8,10,9709,0,20006563,44790808,4977482,15029081,16572799,28218009,n36368,false,0.5307993873171414,0.942148966617731,0,15883,false,503,9,0.8595993994876817,0.2863272345254654,null
14851574,66055636,603926,13562456,685192,310195,293731,10139459,0,334148,351044,98268,211927,1468700,2248028,4076029,0,107144,227004,102439,248605,1258265,64797371,322167,926371,9727,85160,237007,45670,39490,186216,50791,924820,1551,277390,647430,1551,0,18,9709,8,10,9709,0,20006563,44790808,4977482,15029081,16572799,28218009,n10151,false,0.8876032737986345,0.08169831962487306,0,13533,false,503,7,0.6697572367807142,0.12325816460379624,null
14851574,66055636,603926,13562456,685192,310195,293731,10139459,0,334148,351044,98268,211927,1468700,2248028,4076029,0,107144,227004,102439,248605,1258265,64797371,322167,926371,9727,85160,237007,45670,39490,186216,50791,924820,1551,277390,647430,1551,0,18,9709,8,10,9709,0,20006563,44790808,4977482,15029081,16572799,28218009,n10150,false,0.5529309091776428,0.19583218687450477,0,25976,false,500,2,0.5308014131969234,0.14489454190062856,null
14851574,66055636,603926,13562456,685192,310195,293731,10139459,0,334148,351044,98268,211927,1468700,2248028,4076029,0,107144,227004,102439,248605,1258265,64797371,322167,926371,9727,85160,237007,45670,39490,186216,50791,924820,1551,277390,647430,1551,0,18,9709,8,10,9709,0,20006563,44790808,4977482,15029081,16572799,28218009,n3149,false,0.7065860111200943,0.9587547390000729,0,8054,false,500,2,0.5750185648303281,0.8990054039095626,null
14851574,66055636,603926,13562456,685192,310195,293731,10139459,0,334148,351044,98268,211927,1468700,2248028,4076029,0,107144,227004,102439,248605,1258265,64797371,322167,926371,9727,85160,237007,45670,39490,186216,50791,924820,1551,277390,647430,1551,0,18,9709,8,10,9709,0,20006563,44790808,4977482,15029081,16572799,28218009,n9047,true,0.9362246218300087,0.9378501938431241,13,11719,false,500,2,0.5587245698438863,0.00256781437380571,null
14851574,66055636,603926,13562456,685192,310195,293731,10139459,0,334148,351044,98268,211927,1468700,2248028,4076029,0,107144,227004,102439,248605,1258265,64797371,322167,926371,9727,85160,237007,45670,39490,186216,50791,924820,1551,277390,647430,1551,0,18,9709,8,10,9709,0,20006563,44790808,4977482,15029081,16572799,28218009,n9049,false,0.6095492449240567,0.9818719257599753,0,3128,false,504,9,0.9332031346122296,0.4370166662443879,null
14851574,66055636,603926,13562456,685192,310195,293731,10139459,0,334148,351044,98268,211927,1468700,2248028,4076029,0,107144,227004,102439,248605,1258265,64797371,322167,926371,9727,85160,237007,45670,39490,186216,50791,924820,1551,277390,647430,1551,0,18,9709,8,10,9709,0,20006563,44790808,4977482,15029081,16572799,28218009,n10159,false,0.12653239224740456,0.3045095800547212,0,1133,false,502,5,0.285951445161155,0.9933745691056013,null
14851574,66055636,603926,13562456,685192,310195,293731,10139459,0,334148,351044,98268,211927,1468700,2248028,4076029,0,107144,227004,102439,248605,1258265,64797371,322167,926371,9727,85160,237007,45670,39490,186216,50791,924820,1551,277390,647430,1551,0,18,9709,8,10,9709,0,20006563,44790808,4977482,15029081,16572799,28218009,n7684,false,0.9999991178955805,0.06605720037549856,0,306,false,506,12,0.7290206465863709,0.8496334018933187,null
14851574,66055636,603926,13562456,685192,310195,293731,10139459,0,334148,351044,98268,211927,1468700,2248028,4076029,0,107144,227004,102439,248605,1258265,64797371,322167,926371,9727,85160,237007,45670,39490,186216,50791,924820,1551,277390,647430,1551,0,18,9709,8,10,9709,0,20006563,44790808,4977482,15029081,16572799,28218009,n7681,true,0.6114912817434677,0.7452549932181743,10,9750,false,504,13,0.5478760203112568,0.7278181966556483,null
14851574,66055636,603926,13562456,685192,310195,293731,10139459,0,334148,351044,98268,211927,1468700,2248028,4076029,0,107144,227004,102439,248605,1258265,64797371,322167,926371,9727,85160,237007,45670,39490,186216,50791,924820,1551,277390,647430,1551,0,18,9709,8,10,9709,0,20006563,44790808,4977482,15029081,16572799,28218009,n9044,true,0.04223395254095748,0.29102824567612806,11,143,false,502,6,0.7214828327085517,0.7144204473175289,null
14851574,66055636,603926,13562456,685192,310195,293731,10139459,0,334148,351044,98268,211927,1468700,2248028,4076029,0,107144,227004,102439,248605,1258265,64797371,322167,926371,9727,85160,237007,45670,39490,186216,50791,924820,1551,277390,647430,1551,0,18,9709,8,10,9709,0,20006563,44790808,4977482,15029081,16572799,28218009,n3138,true,0.19495238907770554,0.721608193224764,13,23285,false,500,2,0.944394348652731,0.4323239854466473,null
14851574,66055636,603926,13562456,685192,310195,293731,10139459,0,334148,351044,98268,211927,1468700,2248028,4076029,0,107144,227004,102439,248605,1258265,64797371,322167,926371,9727,85160,237007,45670,39490,186216,50791,924820,1551,277390,647430,1551,0,18,9709,8,10,9709,0,20006563,44790808,4977482,15029081,16572799,28218009,n14304,false,0.5231901843299764,0.018874630737523268,0,6304,false,500,2,0.8863813088788504,0.4403416022107855,null
14851574,66055636,603926,13562456,685192,310195,293731,10139459,0,334148,351044,98268,211927,1468700,2248028,4076029,0,107144,227004,102439,248605,1258265,64797371,322167,926371,9727,85160,237007,45670,39490,186216,50791,924820,1551,277390,647430,1551,0,18,9709,8,10,9709,0,20006563,44790808,4977482,15029081,16572799,28218009,n9059,false,0.5517525753409942,0.024382411230572054,0,1194,false,506,13,0.7675236488198405,0.9908653271983645,null
14851574,66055636,603926,13562456,685192,310195,293731,10139459,0,334148,351044,98268,211927,1468700,2248028,4076029,0,107144,227004,102439,248605,1258265,64797371,322167,926371,9727,85160,237007,45670,39490,186216,50791,924820,1551,277390,647430,1551,0,18,9709,8,10,9709,0,20006563,44790808,4977482,15029081,16572799,28218009,n14307,false,0.3862439438571088,0.5839893841695178,0,15752,false,502,6,0.9273046949455476,0.7646437930749289,null
14851574,66055636,603926,13562456,685192,310195,293731,10139459,0,334148,351044,98268,211927,1468700,2248028,4076029,0,107144,227004,102439,248605,1258265,64797371,322167,926371,9727,85160,237007,45670,39490,186216,50791,924820,1551,277390,647430,1551,0,18,9709,8,10,9709,0,20006563,44790808,4977482,15029081,16572799,28218009,n7691,false,0.9999999982926401,0.9708756388936719,0,28498,false,500,1,0.7300919091638973,0.07440947287317512,null
14851574,66055636,603926,13562456,685192,310195,293731,10139459,0,334148,351044,98268,211927,1468700,2248028,4076029,0,107144,227004,102439,248605,1258265,64797371,322167,926371,9727,85160,237007,45670,39490,186216,50791,924820,1551,277390,647430,1551,0,18,9709,8,10,9709,0,20006563,44790808,4977482,15029081,16572799,28218009,n7693,false,0.012958684456522391,0.30402450850362134,0,734,false,502,5,0.505372501003994,0.5718861810285712,null
14851574,66055636,603926,13562456,685192,310195,293731,10139459,0,334148,351044,98268,211927,1468700,2248028,4076029,0,107144,227004,102439,248605,1258265,64797371,322167,926371,9727,85160,237007,45670,39490,186216,50791,924820,1551,277390,647430,1551,0,18,9709,8,10,9709,0,20006563,44790808,4977482,15029081,16572799,28218009,n7694,false,0.7730934315914298,0.460113100003147,0,5869,false,501,4,0.4566762362095117,0.942751987022878,null
14851574,66055636,603926,13562456,685192,310195,293731,10139459,0,334148,351044,98268,211927,1468700,2248028,4076029,0,107144,227004,102439,248605,1258265,64797371,322167,926371,9727,85160,237007,45670,39490,186216,50791,924820,1551,277390,647430,1551,0,18,9709,8,10,9709,0,20006563,44790808,4977482,15029081,16572799,28218009,n31646,true,0.31870943192618534,0.5376461165970876,11,28999,false,0,0,0.49717641425834547,0.7099846157799292,null
14851574,66055636,603926,13562456,685192,310195,293731,10139459,0,334148,351044,98268,211927,1468700,2248028,4076029,0,107144,227004,102439,248605,1258265,64797371,322167,926371,9727,85160,237007,45670,39490,186216,50791,924820,1551,277390,647430,1551,0,18,9709,8,10,9709,0,20006563,44790808,4977482,15029081,16572799,28218009,n7699,false,0.9999973224407965,0.3268016885040236,0,1304,false,505,11,0.9760460976639986,4.576333242919395E-4,null
14851574,66055636,603926,13562456,685192,310195,293731,10139459,0,334148,351044,98268,211927,1468700,2248028,4076029,0,107144,227004,102439,248605,1258265,64797371,322167,926371,9727,85160,237007,45670,39490,186216,50791,924820,1551,277390,647430,1551,0,18,9709,8,10,9709,0,20006563,44790808,4977482,15029081,16572799,28218009,n10170,true,0.9999952857346103,0.47693276061579903,11,2147,false,500,1,0.580764304586409,0.9523376520133475,null
14851574,66055636,603926,13562456,685192,310195,293731,10139459,0,334148,351044,98268,211927,1468700,2248028,4076029,0,107144,227004,102439,248605,1258265,64797371,322167,926371,9727,85160,237007,45670,39490,186216,50791,924820,1551,277390,647430,1551,0,18,9709,8,10,9709,0,20006563,44790808,4977482,15029081,16572799,28218009,n3127,true,0.18940644699007048,0.3264732050166491,12,28999,false,0,0,0.389649867061282,0.369303596487966,null
14851574,66055636,603926,13562456,685192,310195,293731,10139459,0,334148,351044,98268,211927,1468700,2248028,4076029,0,107144,227004,102439,248605,1258265,64797371,322167,926371,9727,85160,237007,45670,39490,186216,50791,924820,1551,277390,647430,1551,0,18,9709,8,10,9709,0,20006563,44790808,4977482,15029081,16572799,28218009,n3129,false,0.24500028092145415,0.5753634571404609,0,2642,false,500,2,0.9330726524962257,0.7241625445098167,null
14851574,66055636,603926,13562456,685192,310195,293731,10139459,0,334148,351044,98268,211927,1468700,2248028,4076029,0,107144,227004,102439,248605,1258265,64797371,322167,926371,9727,85160,237007,45670,39490,186216,50791,924820,1551,277390,647430,1551,0,18,9709,8,10,9709,0,20006563,44790808,4977482,15029081,16572799,28218009,n3130,false,0.5744566070429901,0.812053894205863,0,2063,false,502,4,0.055730371697152115,0.7947101798545069,null
14851574,66055636,603926,13562456,685192,310195,293731,10139459,0,334148,351044,98268,211927,1468700,2248028,4076029,0,107144,227004,102439,248605,1258265,64797371,322167,926371,9727,85160,237007,45670,39490,186216,50791,924820,1551,277390,647430,1551,0,18,9709,8,10,9709,0,20006563,44790808,4977482,15029081,16572799,28218009,n10181,true,0.9999874822221173,0.9806149679040692,12,3829,false,504,10,0.7335369226934327,0.33352167368632885,null
14851574,66055636,603926,13562456,685192,310195,293731,10139459,0,334148,351044,98268,211927,1468700,2248028,4076029,0,107144,227004,102439,248605,1258265,64797371,322167,926371,9727,85160,237007,45670,39490,186216,50791,924820,1551,277390,647430,1551,0,18,9709,8,10,9709,0,20006563,44790808,4977482,15029081,16572799,28218009,n10185,true,0.7928328078316542,0.9072453270902627,13,10311,false,500,2,0.9191960094495204,0.7988569799331757,null
14851574,66055636,603926,13562456,685192,310195,293731,10139459,0,334148,351044,98268,211927,1468700,2248028,4076029,0,107144,227004,102439,248605,1258265,64797371,322167,926371,9727,85160,237007,45670,39490,186216,50791,924820,1551,277390,647430,1551,0,18,9709,8,10,9709,0,20006563,44790808,4977482,15029081,16572799,28218009,n10184,true,0.46994383135379886,0.4446488247714737,11,9177,false,501,3,0.8232758225628909,0.2107462782175894,null
14851574,66055636,603926,13562456,685192,310195,293731,10139459,0,334148,351044,98268,211927,1468700,2248028,4076029,0,107144,227004,102439,248605,1258265,64797371,322167,926371,9727,85160,237007,45670,39490,186216,50791,924820,1551,277390,647430,1551,0,18,9709,8,10,9709,0,20006563,44790808,4977482,15029081,16572799,28218009,n9039,false,0.7980224805905022,0.2949167579472239,0,5519,false,504,9,0.7594573040853573,0.5628872341067623,null
14851574,66055636,603926,13562456,685192,310195,293731,10139459,0,334148,351044,98268,211927,1468700,2248028,4076029,0,107144,227004,102439,248605,1258265,64797371,322167,926371,9727,85160,237007,45670,39490,186216,50791,924820,1551,277390,647430,1551,0,18,9709,8,10,9709,0,20006563,44790808,4977482,15029081,16572799,28218009,n9036,true,0.316919983004009,0.8093342507150673,11,705,false,505,12,0.7537913184811399,0.6140131779763341,null
14851574,66055636,603926,13562456,685192,310195,293731,10139459,0,334148,351044,98268,211927,1468700,2248028,4076029,0,107144,227004,102439,248605,1258265,64797371,322167,926371,9727,85160,237007,45670,39490,186216,50791,924820,1551,277390,647430,1551,0,18,9709,8,10,9709,0,20006563,44790808,4977482,15029081,16572799,28218009,n9037,false,0.2727870048782507,0.2957454875334761,0,3949,false,503,7,0.7023897312373621,0.9141072143900837,null
14851574,66055636,603926,13562456,685192,310195,293731,10139459,0,334148,351044,98268,211927,1468700,2248028,4076029,0,107144,227004,102439,248605,1258265,64797371,322167,926371,9727,85160,237007,45670,39490,186216,50791,924820,1551,277390,647430,1551,0,18,9709,8,10,9709,0,20006563,44790808,4977482,15029081,16572799,28218009,n9030,false,0.37023472079907527,0.07133357168811005,0,28998,false,500,1,0.4276751352767505,0.27715107648942194,null
14851574,66055636,603926,13562456,685192,310195,293731,10139459,0,334148,351044,98268,211927,1468700,2248028,4076029,0,107144,227004,102439,248605,1258265,64797371,322167,926371,9727,85160,237007,45670,39490,186216,50791,924820,1551,277390,647430,1551,0,18,9709,8,10,9709,0,20006563,44790808,4977482,15029081,16572799,28218009,n32731,false,0.7993178059059018,0.5701714713489046,0,23679,false,500,1,0.6739917353102283,0.4138918567827648,null
14851574,66055636,603926,13562456,685192,310195,293731,10139459,0,334148,351044,98268,211927,1468700,2248028,4076029,0,107144,227004,102439,248605,1258265,64797371,322167,926371,9727,85160,237007,45670,39490,186216,50791,924820,1551,277390,647430,1551,0,18,9709,8,10,9709,0,20006563,44790808,4977482,15029081,16572799,28218009,n3197,false,0.49289982752842565,0.2703128690015219,0,74,false,504,8,0.6287776813552102,0.11063825351833012,null
14851574,66055636,603926,13562456,685192,310195,293731,10139459,0,334148,351044,98268,211927,1468700,2248028,4076029,0,107144,227004,102439,248605,1258265,64797371,322167,926371,9727,85160,237007,45670,39490,186216,50791,924820,1551,277390,647430,1551,0,18,9709,8,10,9709,0,20006563,44790808,4977482,15029081,16572799,28218009,n3198,false,0.5956369806352092,0.40561255474618974,0,28999,false,0,0,0.6390933374286527,0.7053527953521226,null
14851574,66055636,603926,13562456,685192,310195,293731,10139459,0,334148,351044,98268,211927,1468700,2248028,4076029,0,107144,227004,102439,248605,1258265,64797371,322167,926371,9727,85160,237007,45670,39490,186216,50791,924820,1551,277390,647430,1551,0,18,9709,8,10,9709,0,20006563,44790808,4977482,15029081,16572799,28218009,n41160,false,0.836567715372998,0.42985157116611217,0,28103,false,501,3,0.9087016156468964,0.5328454063878747,null
14851574,66055636,603926,13562456,685192,310195,293731,10139459,0,334148,351044,98268,211927,1468700,2248028,4076029,0,107144,227004,102439,248605,1258265,64797371,322167,926371,9727,85160,237007,45670,39490,186216,50791,924820,1551,277390,647430,1551,0,18,9709,8,10,9709,0,20006563,44790808,4977482,15029081,16572799,28218009,n3195,false,0.17284366264528905,0.9335649796958698,0,11455,false,502,5,0.9197043470462861,0.7500433924434798,null
14851574,66055636,603926,13562456,685192,310195,293731,10139459,0,334148,351044,98268,211927,1468700,2248028,4076029,0,107144,227004,102439,248605,1258265,64797371,322167,926371,9727,85160,237007,45670,39490,186216,50791,924820,1551,277390,647430,1551,0,18,9709,8,10,9709,0,20006563,44790808,4977482,15029081,16572799,28218009,n18676,false,0.10725033935165997,0.153531937262942,0,19797,false,502,5,0.5899918190210285,0.45734998039202773,null
14851574,66055636,603926,13562456,685192,310195,293731,10139459,0,334148,351044,98268,211927,1468700,2248028,4076029,0,107144,227004,102439,248605,1258265,64797371,322167,926371,9727,85160,237007,45670,39490,186216,50791,924820,1551,277390,647430,1551,0,18,9709,8,10,9709,0,20006563,44790808,4977482,15029081,16572799,28218009,n3194,false,0.1792308003624853,0.1604207406652245,0,1627,false,505,11,0.6137544420534014,0.06860198726583422,null
14851574,66055636,603926,13562456,685192,310195,293731,10139459,0,334148,351044,98268,211927,1468700,2248028,4076029,0,107144,227004,102439,248605,1258265,64797371,322167,926371,9727,85160,237007,45670,39490,186216,50791,924820,1551,277390,647430,1551,0,18,9709,8,10,9709,0,20006563,44790808,4977482,15029081,16572799,28218009,n9006,false,0.9999991627253549,0.4668921808577624,0,28999,false,500,0,0.7613797262620902,0.4614114325892371,null
14851574,66055636,603926,13562456,685192,310195,293731,10139459,0,334148,351044,98268,211927,1468700,2248028,4076029,0,107144,227004,102439,248605,1258265,64797371,322167,926371,9727,85160,237007,45670,39490,186216,50791,924820,1551,277390,647430,1551,0,18,9709,8,10,9709,0,20006563,44790808,4977482,15029081,16572799,28218009,n9007,false,0.9999981456762518,0.040157739870248954,0,2131,false,504,10,0.6449459944520365,0.49958749738628283,null
14851574,66055636,603926,13562456,685192,310195,293731,10139459,0,334148,351044,98268,211927,1468700,2248028,4076029,0,107144,227004,102439,248605,1258265,64797371,322167,926371,9727,85160,237007,45670,39490,186216,50791,924820,1551,277390,647430,1551,0,18,9709,8,10,9709,0,20006563,44790808,4977482,15029081,16572799,28218009,n31691,false,0.544256835929156,0.46198167602612794,0,469,false,503,8,0.3845321244324924,0.42657120275840577,null
14851574,66055636,603926,13562456,685192,310195,293731,10139459,0,334148,351044,98268,211927,1468700,2248028,4076029,0,107144,227004,102439,248605,1258265,64797371,322167,926371,9727,85160,237007,45670,39490,186216,50791,924820,1551,277390,647430,1551,0,18,9709,8,10,9709,0,20006563,44790808,4977482,15029081,16572799,28218009,n3183,false,0.9351205516916956,0.522903086383993,0,3716,false,500,2,0.6638873801348777,0.3455480128196356,null
14851574,66055636,603926,13562456,685192,310195,293731,10139459,0,334148,351044,98268,211927,1468700,2248028,4076029,0,107144,227004,102439,248605,1258265,64797371,322167,926371,9727,85160,237007,45670,39490,186216,50791,924820,1551,277390,647430,1551,0,18,9709,8,10,9709,0,20006563,44790808,4977482,15029081,16572799,28218009,n3180,false,0.79485983930243,0.8760347794062185,0,2218,false,503,8,0.9941897160252751,0.275400645380691,null
14851574,66055636,603926,13562456,685192,310195,293731,10139459,0,334148,351044,98268,211927,1468700,2248028,4076029,0,107144,227004,102439,248605,1258265,64797371,322167,926371,9727,85160,237007,45670,39490,186216,50791,924820,1551,277390,647430,1551,0,18,9709,8,10,9709,0,20006563,44790808,4977482,15029081,16572799,28218009,n9012,false,0.14072629532155137,0.27238966787193575,0,7852,false,500,2,0.7633366511843181,0.27412762346029207,null
14851574,66055636,603926,13562456,685192,310195,293731,10139459,0,334148,351044,98268,211927,1468700,2248028,4076029,0,107144,227004,102439,248605,1258265,64797371,322167,926371,9727,85160,237007,45670,39490,186216,50791,924820,1551,277390,647430,1551,0,18,9709,8,10,9709,0,20006563,44790808,4977482,15029081,16572799,28218009,n9019,true,0.3318413188725707,0.13573189248688677,13,2993,false,29,16,0.7284796896753368,0.4820262387663042,null
14851574,66055636,603926,13562456,685192,310195,293731,10139459,0,334148,351044,98268,211927,1468700,2248028,4076029,0,107144,227004,102439,248605,1258265,64797371,322167,926371,9727,85160,237007,45670,39490,186216,50791,924820,1551,277390,647430,1551,0,18,9709,8,10,9709,0,20006563,44790808,4977482,15029081,16572799,28218009,n9017,false,0.9999977229596421,0.6462111693548281,0,395,false,506,13,0.967535825373968,0.9395112379490921,null
14851574,66055636,603926,13562456,685192,310195,293731,10139459,0,334148,351044,98268,211927,1468700,2248028,4076029,0,107144,227004,102439,248605,1258265,64797371,322167,926371,9727,85160,237007,45670,39490,186216,50791,924820,1551,277390,647430,1551,0,18,9709,8,10,9709,0,20006563,44790808,4977482,15029081,16572799,28218009,n3157,false,0.5541671796747304,0.9515900370340457,0,8225,false,504,10,0.869736145037585,0.37864810884146644,null
14851574,66055636,603926,13562456,685192,310195,293731,10139459,0,334148,351044,98268,211927,1468700,2248028,4076029,0,107144,227004,102439,248605,1258265,64797371,322167,926371,9727,85160,237007,45670,39490,186216,50791,924820,1551,277390,647430,1551,0,18,9709,8,10,9709,0,20006563,44790808,4977482,15029081,16572799,28218009,n14327,false,0.3957654390142121,0.8358561574371198,0,3311,false,503,7,0.951798137385215,0.0531939765695193,null
14851574,66055636,603926,13562456,685192,310195,293731,10139459,0,334148,351044,98268,211927,1468700,2248028,4076029,0,107144,227004,102439,248605,1258265,64797371,322167,926371,9727,85160,237007,45670,39490,186216,50791,924820,1551,277390,647430,1551,0,18,9709,8,10,9709,0,20006563,44790808,4977482,15029081,16572799,28218009,n10200,false,0.26750116163805404,0.7116779108092525,0,2859,false,504,9,0.3408207416769973,0.9631306811110315,null
14851574,66055636,603926,13562456,685192,310195,293731,10139459,0,334148,351044,98268,211927,1468700,2248028,4076029,0,107144,227004,102439,248605,1258265,64797371,322167,926371,9727,85160,237007,45670,39490,186216,50791,924820,1551,277390,647430,1551,0,18,9709,8,10,9709,0,20006563,44790808,4977482,15029081,16572799,28218009,n39118,false,0.01594776135571659,0.47235506258575777,0,909,false,508,17,0.7698439667042246,0.8373870245772584,null
14851574,66055636,603926,13562456,685192,310195,293731,10139459,0,334148,351044,98268,211927,1468700,2248028,4076029,0,107144,227004,102439,248605,1258265,64797371,322167,926371,9727,85160,237007,45670,39490,186216,50791,924820,1551,277390,647430,1551,0,18,9709,8,10,9709,0,20006563,44790808,4977482,15029081,16572799,28218009,n10204,true,0.7257177986295398,0.8485293988455591,10,28999,false,0,0,0.6534228873168546,0.749630671680174,null
14851574,66055636,603926,13562456,685192,310195,293731,10139459,0,334148,351044,98268,211927,1468700,2248028,4076029,0,107144,227004,102439,248605,1258265,64797371,322167,926371,9727,85160,237007,45670,39490,186216,50791,924820,1551,277390,647430,1551,0,18,9709,8,10,9709,0,20006563,44790808,4977482,15029081,16572799,28218009,n11730,false,0.9999993342660415,0.6799173956917266,0,6050,false,503,7,0.881602008540184,0.3995741535273799,null
14851574,66055636,603926,13562456,685192,310195,293731,10139459,0,334148,351044,98268,211927,1468700,2248028,4076029,0,107144,227004,102439,248605,1258265,64797371,322167,926371,9727,85160,237007,45670,39490,186216,50791,924820,1551,277390,647430,1551,0,18,9709,8,10,9709,0,20006563,44790808,4977482,15029081,16572799,28218009,n10201,false,0.47836148933599676,0.2819097448359273,0,18289,false,503,8,0.8030163705310511,0.6089395769132896,null
14851574,66055636,603926,13562456,685192,310195,293731,10139459,0,334148,351044,98268,211927,1468700,2248028,4076029,0,107144,227004,102439,248605,1258265,64797371,322167,926371,9727,85160,237007,45670,39490,186216,50791,924820,1551,277390,647430,1551,0,18,9709,8,10,9709,0,20006563,44790808,4977482,15029081,16572799,28218009,n1970,false,0.9999963531246857,0.49750313577667404,0,7482,false,502,4,0.8528778361129259,0.1572978831984344,null
14851574,66055636,603926,13562456,685192,310195,293731,10139459,0,334148,351044,98268,211927,1468700,2248028,4076029,0,107144,227004,102439,248605,1258265,64797371,322167,926371,9727,85160,237007,45670,39490,186216,50791,924820,1551,277390,647430,1551,0,18,9709,8,10,9709,0,20006563,44790808,4977482,15029081,16572799,28218009,n7604,false,0.999997801492067,0.1837418905800252,0,4488,false,506,13,0.7163771966510019,0.4636887292661436,null
14851574,66055636,603926,13562456,685192,310195,293731,10139459,0,334148,351044,98268,211927,1468700,2248028,4076029,0,107144,227004,102439,248605,1258265,64797371,322167,926371,9727,85160,237007,45670,39490,186216,50791,924820,1551,277390,647430,1551,0,18,9709,8,10,9709,0,20006563,44790808,4977482,15029081,16572799,28218009,n1979,false,0.8482550253038658,0.4533510244111583,0,10197,false,502,6,0.49908727776014833,0.7248493776195389,null
14851574,66055636,603926,13562456,685192,310195,293731,10139459,0,334148,351044,98268,211927,1468700,2248028,4076029,0,107144,227004,102439,248605,1258265,64797371,322167,926371,9727,85160,237007,45670,39490,186216,50791,924820,1551,277390,647430,1551,0,18,9709,8,10,9709,0,20006563,44790808,4977482,15029081,16572799,28218009,n7609,true,0.8159708333239513,0.5976650431940067,6,28911,false,0,1,0.5315494861821964,0.8888161171287416,null
14851574,66055636,603926,13562456,685192,310195,293731,10139459,0,334148,351044,98268,211927,1468700,2248028,4076029,0,107144,227004,102439,248605,1258265,64797371,322167,926371,9727,85160,237007,45670,39490,186216,50791,924820,1551,277390,647430,1551,0,18,9709,8,10,9709,0,20006563,44790808,4977482,15029081,16572799,28218009,n11726,false,0.517302143835168,0.4463391543348654,0,17758,false,500,2,0.897925643085356,0.605671687465354,null
14851574,66055636,603926,13562456,685192,310195,293731,10139459,0,334148,351044,98268,211927,1468700,2248028,4076029,0,107144,227004,102439,248605,1258265,64797371,322167,926371,9727,85160,237007,45670,39490,186216,50791,924820,1551,277390,647430,1551,0,18,9709,8,10,9709,0,20006563,44790808,4977482,15029081,16572799,28218009,n11723,false,0.8015470747838994,0.15491967908467152,0,6835,false,503,7,0.22386525270669555,0.7975340690001473,null
14851574,66055636,603926,13562456,685192,310195,293731,10139459,0,334148,351044,98268,211927,1468700,2248028,4076029,0,107144,227004,102439,248605,1258265,64797371,322167,926371,9727,85160,237007,45670,39490,186216,50791,924820,1551,277390,647430,1551,0,18,9709,8,10,9709,0,20006563,44790808,4977482,15029081,16572799,28218009,n1980,false,0.9999999540145237,0.13617242039416821,0,4204,false,505,13,0.8588656139167749,0.34975184254260727,null
14851574,66055636,603926,13562456,685192,310195,293731,10139459,0,334148,351044,98268,211927,1468700,2248028,4076029,0,107144,227004,102439,248605,1258265,64797371,322167,926371,9727,85160,237007,45670,39490,186216,50791,924820,1551,277390,647430,1551,0,18,9709,8,10,9709,0,20006563,44790808,4977482,15029081,16572799,28218009,n1989,true,0.4483665921057848,0.7725252700554075,6,28999,false,0,0,0.3372776287211948,0.0768865064874229,null
14851574,66055636,603926,13562456,685192,310195,293731,10139459,0,334148,351044,98268,211927,1468700,2248028,4076029,0,107144,227004,102439,248605,1258265,64797371,322167,926371,9727,85160,237007,45670,39490,186216,50791,924820,1551,277390,647430,1551,0,18,9709,8,10,9709,0,20006563,44790808,4977482,15029081,16572799,28218009,n22657,false,0.9999978493626953,0.5374037081612159,0,4893,false,502,4,0.9098121657196163,0.8437902332929621,null
14851574,66055636,603926,13562456,685192,310195,293731,10139459,0,334148,351044,98268,211927,1468700,2248028,4076029,0,107144,227004,102439,248605,1258265,64797371,322167,926371,9727,85160,237007,45670,39490,186216,50791,924820,1551,277390,647430,1551,0,18,9709,8,10,9709,0,20006563,44790808,4977482,15029081,16572799,28218009,n18662,false,0.9999973560043742,0.1451629955614563,0,9503,false,501,2,0.566684001591208,1.8046146137973285E-4,null
14851574,66055636,603926,13562456,685192,310195,293731,10139459,0,334148,351044,98268,211927,1468700,2248028,4076029,0,107144,227004,102439,248605,1258265,64797371,322167,926371,9727,85160,237007,45670,39490,186216,50791,924820,1551,277390,647430,1551,0,18,9709,8,10,9709,0,20006563,44790808,4977482,15029081,16572799,28218009,n11754,false,0.8128187731438752,0.050332271569564435,0,2875,false,505,12,0.19574072021518207,0.2285521947319683,null
14851574,66055636,603926,13562456,685192,310195,293731,10139459,0,334148,351044,98268,211927,1468700,2248028,4076029,0,107144,227004,102439,248605,1258265,64797371,322167,926371,9727,85160,237007,45670,39490,186216,50791,924820,1551,277390,647430,1551,0,18,9709,8,10,9709,0,20006563,44790808,4977482,15029081,16572799,28218009,n7632,true,0.9765900151863104,0.8398934078845721,15,6336,false,501,4,0.8372494985790049,0.07497819750463997,null
14851574,66055636,603926,13562456,685192,310195,293731,10139459,0,334148,351044,98268,211927,1468700,2248028,4076029,0,107144,227004,102439,248605,1258265,64797371,322167,926371,9727,85160,237007,45670,39490,186216,50791,924820,1551,277390,647430,1551,0,18,9709,8,10,9709,0,20006563,44790808,4977482,15029081,16572799,28218009,n7631,false,0.7110710062524269,0.6989926004111855,0,25204,false,500,1,0.947657638799497,0.8809630557706262,null
14851574,66055636,603926,13562456,685192,310195,293731,10139459,0,334148,351044,98268,211927,1468700,2248028,4076029,0,107144,227004,102439,248605,1258265,64797371,322167,926371,9727,85160,237007,45670,39490,186216,50791,924820,1551,277390,647430,1551,0,18,9709,8,10,9709,0,20006563,44790808,4977482,15029081,16572799,28218009,n11751,false,0.7091436147073564,0.7578915575738547,0,9898,false,503,7,0.9236214542210879,0.44294658649388746,null
14851574,66055636,603926,13562456,685192,310195,293731,10139459,0,334148,351044,98268,211927,1468700,2248028,4076029,0,107144,227004,102439,248605,1258265,64797371,322167,926371,9727,85160,237007,45670,39490,186216,50791,924820,1551,277390,647430,1551,0,18,9709,8,10,9709,0,20006563,44790808,4977482,15029081,16572799,28218009,n6500,false,0.9366119593394359,0.8759088502809692,0,12165,false,503,7,0.13829174937340982,0.4395782135013221,null
14851574,66055636,603926,13562456,685192,310195,293731,10139459,0,334148,351044,98268,211927,1468700,2248028,4076029,0,107144,227004,102439,248605,1258265,64797371,322167,926371,9727,85160,237007,45670,39490,186216,50791,924820,1551,277390,647430,1551,0,18,9709,8,10,9709,0,20006563,44790808,4977482,15029081,16572799,28218009,n7625,true,0.8265378054121627,0.9178187794706144,11,15177,false,500,1,0.7369436960464519,0.4512160388094477,null
14851574,66055636,603926,13562456,685192,310195,293731,10139459,0,334148,351044,98268,211927,1468700,2248028,4076029,0,107144,227004,102439,248605,1258265,64797371,322167,926371,9727,85160,237007,45670,39490,186216,50791,924820,1551,277390,647430,1551,0,18,9709,8,10,9709,0,20006563,44790808,4977482,15029081,16572799,28218009,n1997,true,0.24472717950072673,0.8351545372960376,11,3930,false,502,5,0.8743336785944303,0.43075019566183087,null
14851574,66055636,603926,13562456,685192,310195,293731,10139459,0,334148,351044,98268,211927,1468700,2248028,4076029,0,107144,227004,102439,248605,1258265,64797371,322167,926371,9727,85160,237007,45670,39490,186216,50791,924820,1551,277390,647430,1551,0,18,9709,8,10,9709,0,20006563,44790808,4977482,15029081,16572799,28218009,n1999,false,0.18542977118975232,0.34844350349650427,0,1133,false,505,10,0.641996770529252,0.7614042386263749,null
14851574,66055636,603926,13562456,685192,310195,293731,10139459,0,334148,351044,98268,211927,1468700,2248028,4076029,0,107144,227004,102439,248605,1258265,64797371,322167,926371,9727,85160,237007,45670,39490,186216,50791,924820,1551,277390,647430,1551,0,18,9709,8,10,9709,0,20006563,44790808,4977482,15029081,16572799,28218009,n18650,true,0.29025076637170893,0.83502662709411,15,6255,false,53,9,0.2914769674054354,0.24718353249220537,null
14851574,66055636,603926,13562456,685192,310195,293731,10139459,0,334148,351044,98268,211927,1468700,2248028,4076029,0,107144,227004,102439,248605,1258265,64797371,322167,926371,9727,85160,237007,45670,39490,186216,50791,924820,1551,277390,647430,1551,0,18,9709,8,10,9709,0,20006563,44790808,4977482,15029081,16572799,28218009,n10214,true,0.3287186655158294,0.7423487082305897,12,7368,false,500,3,0.8461452489626993,0.7994178204729612,null
14851574,66055636,603926,13562456,685192,310195,293731,10139459,0,334148,351044,98268,211927,1468700,2248028,4076029,0,107144,227004,102439,248605,1258265,64797371,322167,926371,9727,85160,237007,45670,39490,186216,50791,924820,1551,277390,647430,1551,0,18,9709,8,10,9709,0,20006563,44790808,4977482,15029081,16572799,28218009,n7620,false,0.5876124536719854,0.9795368474567595,0,28999,false,500,0,0.6830098096584174,0.19307287652932204,null
14851574,66055636,603926,13562456,685192,310195,293731,10139459,0,334148,351044,98268,211927,1468700,2248028,4076029,0,107144,227004,102439,248605,1258265,64797371,322167,926371,9727,85160,237007,45670,39490,186216,50791,924820,1551,277390,647430,1551,0,18,9709,8,10,9709,0,20006563,44790808,4977482,15029081,16572799,28218009,n7617,false,0.41479104499753433,0.21834775152793068,0,3375,false,504,9,0.924102707836602,0.7467942813230346,null
14851574,66055636,603926,13562456,685192,310195,293731,10139459,0,334148,351044,98268,211927,1468700,2248028,4076029,0,107144,227004,102439,248605,1258265,64797371,322167,926371,9727,85160,237007,45670,39490,186216,50791,924820,1551,277390,647430,1551,0,18,9709,8,10,9709,0,20006563,44790808,4977482,15029081,16572799,28218009,n10248,false,0.36890006943979153,0.6845686775690439,0,13830,false,501,2,0.8652538604671702,0.14976849636297052,null
14851574,66055636,603926,13562456,685192,310195,293731,10139459,0,334148,351044,98268,211927,1468700,2248028,4076029,0,107144,227004,102439,248605,1258265,64797371,322167,926371,9727,85160,237007,45670,39490,186216,50791,924820,1551,277390,647430,1551,0,18,9709,8,10,9709,0,20006563,44790808,4977482,15029081,16572799,28218009,n7651,false,0.8921944497339329,0.4093421816221303,0,11447,false,500,1,0.7998850294967191,0.5575280555539323,null
14851574,66055636,603926,13562456,685192,310195,293731,10139459,0,334148,351044,98268,211927,1468700,2248028,4076029,0,107144,227004,102439,248605,1258265,64797371,322167,926371,9727,85160,237007,45670,39490,186216,50791,924820,1551,277390,647430,1551,0,18,9709,8,10,9709,0,20006563,44790808,4977482,15029081,16572799,28218009,n18607,false,0.9999972824294009,0.52632623017574,0,2592,false,503,7,0.8076250051085764,0.7917305878160743,null
14851574,66055636,603926,13562456,685192,310195,293731,10139459,0,334148,351044,98268,211927,1468700,2248028,4076029,0,107144,227004,102439,248605,1258265,64797371,322167,926371,9727,85160,237007,45670,39490,186216,50791,924820,1551,277390,647430,1551,0,18,9709,8,10,9709,0,20006563,44790808,4977482,15029081,16572799,28218009,n7649,false,0.43042236978995335,0.3079323432064319,0,20936,false,501,3,0.8793647273027109,0.29076076451048083,null
14851574,66055636,603926,13562456,685192,310195,293731,10139459,0,334148,351044,98268,211927,1468700,2248028,4076029,0,107144,227004,102439,248605,1258265,64797371,322167,926371,9727,85160,237007,45670,39490,186216,50791,924820,1551,277390,647430,1551,0,18,9709,8,10,9709,0,20006563,44790808,4977482,15029081,16572799,28218009,n7646,false,0.9158768330786745,0.2423728554205154,0,8967,false,502,5,0.7122878770464999,0.6670925090059481,null
14851574,66055636,603926,13562456,685192,310195,293731,10139459,0,334148,351044,98268,211927,1468700,2248028,4076029,0,107144,227004,102439,248605,1258265,64797371,322167,926371,9727,85160,237007,45670,39490,186216,50791,924820,1551,277390,647430,1551,0,18,9709,8,10,9709,0,20006563,44790808,4977482,15029081,16572799,28218009,n7643,false,0.19319324450360867,0.9030283807273096,0,21456,false,501,4,0.8419628929809332,0.46189765257458626,null
14851574,66055636,603926,13562456,685192,310195,293731,10139459,0,334148,351044,98268,211927,1468700,2248028,4076029,0,107144,227004,102439,248605,1258265,64797371,322167,926371,9727,85160,237007,45670,39490,186216,50791,924820,1551,277390,647430,1551,0,18,9709,8,10,9709,0,20006563,44790808,4977482,15029081,16572799,28218009,n29698,true,0.8846676496043703,0.662548606773246,7,12045,false,501,3,0.4831599941078072,0.5459106136500722,null
14851574,66055636,603926,13562456,685192,310195,293731,10139459,0,334148,351044,98268,211927,1468700,2248028,4076029,0,107144,227004,102439,248605,1258265,64797371,322167,926371,9727,85160,237007,45670,39490,186216,50791,924820,1551,277390,647430,1551,0,18,9709,8,10,9709,0,20006563,44790808,4977482,15029081,16572799,28218009,n7673,false,0.47461303619187506,0.8807017324562376,0,23701,false,500,2,0.3138496589450862,0.705162767089045,null
14851574,66055636,603926,13562456,685192,310195,293731,10139459,0,334148,351044,98268,211927,1468700,2248028,4076029,0,107144,227004,102439,248605,1258265,64797371,322167,926371,9727,85160,237007,45670,39490,186216,50791,924820,1551,277390,647430,1551,0,18,9709,8,10,9709,0,20006563,44790808,4977482,15029081,16572799,28218009,n10268,false,0.8842706320250255,0.35583783961888593,0,13192,false,505,11,0.7648951936096878,0.2785557127232644,null
14851574,66055636,603926,13562456,685192,310195,293731,10139459,0,334148,351044,98268,211927,1468700,2248028,4076029,0,107144,227004,102439,248605,1258265,64797371,322167,926371,9727,85160,237007,45670,39490,186216,50791,924820,1551,277390,647430,1551,0,18,9709,8,10,9709,0,20006563,44790808,4977482,15029081,16572799,28218009,n11710,false,0.2862675733532285,0.417838831469661,0,4775,false,501,2,0.34195402744012404,0.6205584811379184,null
14851574,66055636,603926,13562456,685192,310195,293731,10139459,0,334148,351044,98268,211927,1468700,2248028,4076029,0,107144,227004,102439,248605,1258265,64797371,322167,926371,9727,85160,237007,45670,39490,186216,50791,924820,1551,277390,647430,1551,0,18,9709,8,10,9709,0,20006563,44790808,4977482,15029081,16572799,28218009,n7675,false,0.44155933076588855,0.09285346403304406,0,7124,false,501,3,0.9464176610022023,0.00701686951614322,null
14851574,66055636,603926,13562456,685192,310195,293731,10139459,0,334148,351044,98268,211927,1468700,2248028,4076029,0,107144,227004,102439,248605,1258265,64797371,322167,926371,9727,85160,237007,45670,39490,186216,50791,924820,1551,277390,647430,1551,0,18,9709,8,10,9709,0,20006563,44790808,4977482,15029081,16572799,28218009,n11716,true,0.9877029690030145,0.4884868268350121,5,8787,false,501,4,0.8635652326998726,0.1705720298475879,null
14851574,66055636,603926,13562456,685192,310195,293731,10139459,0,334148,351044,98268,211927,1468700,2248028,4076029,0,107144,227004,102439,248605,1258265,64797371,322167,926371,9727,85160,237007,45670,39490,186216,50791,924820,1551,277390,647430,1551,0,18,9709,8,10,9709,0,20006563,44790808,4977482,15029081,16572799,28218009,n34958,false,0.9825623682126731,0.4973181876677297,0,4669,false,505,11,0.9265845236070245,0.9447411494201304,null
14851574,66055636,603926,13562456,685192,310195,293731,10139459,0,334148,351044,98268,211927,1468700,2248028,4076029,0,107144,227004,102439,248605,1258265,64797371,322167,926371,9727,85160,237007,45670,39490,186216,50791,924820,1551,277390,647430,1551,0,18,9709,8,10,9709,0,20006563,44790808,4977482,15029081,16572799,28218009,n7669,false,0.722987940916165,0.5699673200558746,0,2552,false,503,8,0.7855226768087837,0.8394903829986071,null
14851574,66055636,603926,13562456,685192,310195,293731,10139459,0,334148,351044,98268,211927,1468700,2248028,4076029,0,107144,227004,102439,248605,1258265,64797371,322167,926371,9727,85160,237007,45670,39490,186216,50791,924820,1551,277390,647430,1551,0,18,9709,8,10,9709,0,20006563,44790808,4977482,15029081,16572799,28218009,n25318,true,0.42062938499287417,0.6580803258522198,11,10823,false,501,5,0.8662635154244757,0.7151645269409497,null
14851574,66055636,603926,13562456,685192,310195,293731,10139459,0,334148,351044,98268,211927,1468700,2248028,4076029,0,107144,227004,102439,248605,1258265,64797371,322167,926371,9727,85160,237007,45670,39490,186216,50791,924820,1551,277390,647430,1551,0,18,9709,8,10,9709,0,20006563,44790808,4977482,15029081,16572799,28218009,n34964,false,0.04760753670097558,0.9516121055026661,0,26672,false,500,2,0.9632952790214001,0.9565169626660205,null
14851574,66055636,603926,13562456,685192,310195,293731,10139459,0,334148,351044,98268,211927,1468700,2248028,4076029,0,107144,227004,102439,248605,1258265,64797371,322167,926371,9727,85160,237007,45670,39490,186216,50791,924820,1551,277390,647430,1551,0,18,9709,8,10,9709,0,20006563,44790808,4977482,15029081,16572799,28218009,n11702,false,0.9999953352527368,0.8311972106117385,0,7673,false,504,9,0.6183296860602399,0.705110278515787,null
14851574,66055636,603926,13562456,685192,310195,293731,10139459,0,334148,351044,98268,211927,1468700,2248028,4076029,0,107144,227004,102439,248605,1258265,64797371,322167,926371,9727,85160,237007,45670,39490,186216,50791,924820,1551,277390,647430,1551,0,18,9709,8,10,9709,0,20006563,44790808,4977482,15029081,16572799,28218009,n17503,false,0.9999977066530978,0.45149638123304714,0,16776,false,504,11,0.5140719346827245,0.7426442409217411,null
14851574,66055636,603926,13562456,685192,310195,293731,10139459,0,334148,351044,98268,211927,1468700,2248028,4076029,0,107144,227004,102439,248605,1258265,64797371,322167,926371,9727,85160,237007,45670,39490,186216,50791,924820,1551,277390,647430,1551,0,18,9709,8,10,9709,0,20006563,44790808,4977482,15029081,16572799,28218009,n1901,false,0.3287280188225354,0.17504153328829564,0,306,false,502,5,0.8122444264752711,0.9135237615753401,null
14851574,66055636,603926,13562456,685192,310195,293731,10139459,0,334148,351044,98268,211927,1468700,2248028,4076029,0,107144,227004,102439,248605,1258265,64797371,322167,926371,9727,85160,237007,45670,39490,186216,50791,924820,1551,277390,647430,1551,0,18,9709,8,10,9709,0,20006563,44790808,4977482,15029081,16572799,28218009,n1902,false,0.8838026123663918,0.9582486075939406,0,6407,false,501,3,0.5978725698538072,0.5239615563237111,null
14851574,66055636,603926,13562456,685192,310195,293731,10139459,0,334148,351044,98268,211927,1468700,2248028,4076029,0,107144,227004,102439,248605,1258265,64797371,322167,926371,9727,85160,237007,45670,39490,186216,50791,924820,1551,277390,647430,1551,0,18,9709,8,10,9709,0,20006563,44790808,4977482,15029081,16572799,28218009,n1905,false,0.6569626391689054,0.15823203851608547,0,16633,false,502,5,0.7860848856784042,0.45666248115241226,null
14851574,66055636,603926,13562456,685192,310195,293731,10139459,0,334148,351044,98268,211927,1468700,2248028,4076029,0,107144,227004,102439,248605,1258265,64797371,322167,926371,9727,85160,237007,45670,39490,186216,50791,924820,1551,277390,647430,1551,0,18,9709,8,10,9709,0,20006563,44790808,4977482,15029081,16572799,28218009,n1906,false,0.6870873595069599,0.39986001149386896,0,3737,false,504,8,0.6437281905307429,0.6409066084352466,null
14851574,66055636,603926,13562456,685192,310195,293731,10139459,0,334148,351044,98268,211927,1468700,2248028,4076029,0,107144,227004,102439,248605,1258265,64797371,322167,926371,9727,85160,237007,45670,39490,186216,50791,924820,1551,277390,647430,1551,0,18,9709,8,10,9709,0,20006563,44790808,4977482,15029081,16572799,28218009,n1908,false,0.999997952331626,0.30006788506993826,0,15347,false,501,4,0.8967469803741112,0.9471206665539742,null
14851574,66055636,603926,13562456,685192,310195,293731,10139459,0,334148,351044,98268,211927,1468700,2248028,4076029,0,107144,227004,102439,248605,1258265,64797371,322167,926371,9727,85160,237007,45670,39490,186216,50791,924820,1551,277390,647430,1551,0,18,9709,8,10,9709,0,20006563,44790808,4977482,15029081,16572799,28218009,n26867,false,0.9999989780405211,0.465726205406273,0,11133,false,502,6,0.671757380333508,0.8654716142467063,null
14851574,66055636,603926,13562456,685192,310195,293731,10139459,0,334148,351044,98268,211927,1468700,2248028,4076029,0,107144,227004,102439,248605,1258265,64797371,322167,926371,9727,85160,237007,45670,39490,186216,50791,924820,1551,277390,647430,1551,0,18,9709,8,10,9709,0,20006563,44790808,4977482,15029081,16572799,28218009,n6551,false,0.3125223245992209,0.7118921676878036,0,12736,false,502,4,0.609362357757079,0.4214324297386984,null
14851574,66055636,603926,13562456,685192,310195,293731,10139459,0,334148,351044,98268,211927,1468700,2248028,4076029,0,107144,227004,102439,248605,1258265,64797371,322167,926371,9727,85160,237007,45670,39490,186216,50791,924820,1551,277390,647430,1551,0,18,9709,8,10,9709,0,20006563,44790808,4977482,15029081,16572799,28218009,n1917,false,0.9999981147991899,0.39335775200158973,0,17163,false,501,3,0.42970842958313965,0.2564831020826963,null
14851574,66055636,603926,13562456,685192,310195,293731,10139459,0,334148,351044,98268,211927,1468700,2248028,4076029,0,107144,227004,102439,248605,1258265,64797371,322167,926371,9727,85160,237007,45670,39490,186216,50791,924820,1551,277390,647430,1551,0,18,9709,8,10,9709,0,20006563,44790808,4977482,15029081,16572799,28218009,n17530,false,0.42399524448243164,0.62455760852192,0,2086,false,504,9,0.983516400354038,0.4537139341775925,null
14851574,66055636,603926,13562456,685192,310195,293731,10139459,0,334148,351044,98268,211927,1468700,2248028,4076029,0,107144,227004,102439,248605,1258265,64797371,322167,926371,9727,85160,237007,45670,39490,186216,50791,924820,1551,277390,647430,1551,0,18,9709,8,10,9709,0,20006563,44790808,4977482,15029081,16572799,28218009,n6586,false,0.999997078172896,0.28315804330032013,0,14071,false,504,9,0.9995366344072449,0.8406937678975457,null
14851574,66055636,603926,13562456,685192,310195,293731,10139459,0,334148,351044,98268,211927,1468700,2248028,4076029,0,107144,227004,102439,248605,1258265,64797371,322167,926371,9727,85160,237007,45670,39490,186216,50791,924820,1551,277390,647430,1551,0,18,9709,8,10,9709,0,20006563,44790808,4977482,15029081,16572799,28218009,n1926,false,0.37630144250143094,0.6834171697373351,0,6147,false,506,12,0.9043920184805134,0.2425348945617961,null
14851574,66055636,603926,13562456,685192,310195,293731,10139459,0,334148,351044,98268,211927,1468700,2248028,4076029,0,107144,227004,102439,248605,1258265,64797371,322167,926371,9727,85160,237007,45670,39490,186216,50791,924820,1551,277390,647430,1551,0,18,9709,8,10,9709,0,20006563,44790808,4977482,15029081,16572799,28218009,n1922,false,0.7323864814742278,0.9180972024087933,0,10945,false,503,6,0.3779674496949821,0.013300783435250874,null
14851574,66055636,603926,13562456,685192,310195,293731,10139459,0,334148,351044,98268,211927,1468700,2248028,4076029,0,107144,227004,102439,248605,1258265,64797371,322167,926371,9727,85160,237007,45670,39490,186216,50791,924820,1551,277390,647430,1551,0,18,9709,8,10,9709,0,20006563,44790808,4977482,15029081,16572799,28218009,n1924,false,0.6655471244098747,0.25978336864039525,0,6557,false,502,5,0.5692703435238701,0.2642594298914721,null
14851574,66055636,603926,13562456,685192,310195,293731,10139459,0,334148,351044,98268,211927,1468700,2248028,4076029,0,107144,227004,102439,248605,1258265,64797371,322167,926371,9727,85160,237007,45670,39490,186216,50791,924820,1551,277390,647430,1551,0,18,9709,8,10,9709,0,20006563,44790808,4977482,15029081,16572799,28218009,n1925,false,0.6666630205675379,0.1363705925657005,0,2507,false,500,4,0.8492166862506291,0.504230209529862,null
14851574,66055636,603926,13562456,685192,310195,293731,10139459,0,334148,351044,98268,211927,1468700,2248028,4076029,0,107144,227004,102439,248605,1258265,64797371,322167,926371,9727,85160,237007,45670,39490,186216,50791,924820,1551,277390,647430,1551,0,18,9709,8,10,9709,0,20006563,44790808,4977482,15029081,16572799,28218009,n6571,false,0.9837851491275007,0.309933778914311,0,23851,false,501,3,0.38515209231287284,0.21739849804134959,null
14851574,66055636,603926,13562456,685192,310195,293731,10139459,0,334148,351044,98268,211927,1468700,2248028,4076029,0,107144,227004,102439,248605,1258265,64797371,322167,926371,9727,85160,237007,45670,39490,186216,50791,924820,1551,277390,647430,1551,0,18,9709,8,10,9709,0,20006563,44790808,4977482,15029081,16572799,28218009,n11770,false,0.9999973234387002,0.8630145131306205,0,2508,false,501,4,0.335687940133083,0.6363395873164143,null
14851574,66055636,603926,13562456,685192,310195,293731,10139459,0,334148,351044,98268,211927,1468700,2248028,4076029,0,107144,227004,102439,248605,1258265,64797371,322167,926371,9727,85160,237007,45670,39490,186216,50791,924820,1551,277390,647430,1551,0,18,9709,8,10,9709,0,20006563,44790808,4977482,15029081,16572799,28218009,n25368,false,0.20718468897384465,0.8101288127377252,0,707,false,503,6,0.9557381188226077,0.9340428804400855,null
14851574,66055636,603926,13562456,685192,310195,293731,10139459,0,334148,351044,98268,211927,1468700,2248028,4076029,0,107144,227004,102439,248605,1258265,64797371,322167,926371,9727,85160,237007,45670,39490,186216,50791,924820,1551,277390,647430,1551,0,18,9709,8,10,9709,0,20006563,44790808,4977482,15029081,16572799,28218009,n1944,false,0.2607765895718858,0.20727092435772826,0,8012,false,502,6,0.8139998845251675,0.7329015214093868,null
14851574,66055636,603926,13562456,685192,310195,293731,10139459,0,334148,351044,98268,211927,1468700,2248028,4076029,0,107144,227004,102439,248605,1258265,64797371,322167,926371,9727,85160,237007,45670,39490,186216,50791,924820,1551,277390,647430,1551,0,18,9709,8,10,9709,0,20006563,44790808,4977482,15029081,16572799,28218009,n1941,false,0.9999966073649161,0.8991126920419173,0,14098,false,502,5,0.726718195494743,0.8928838194749407,null
14851574,66055636,603926,13562456,685192,310195,293731,10139459,0,334148,351044,98268,211927,1468700,2248028,4076029,0,107144,227004,102439,248605,1258265,64797371,322167,926371,9727,85160,237007,45670,39490,186216,50791,924820,1551,277390,647430,1551,0,18,9709,8,10,9709,0,20006563,44790808,4977482,15029081,16572799,28218009,n6503,false,0.7449078064705748,0.4368859498573657,0,9798,false,502,6,0.40875482158860177,0.6775923588551167,null
14851574,66055636,603926,13562456,685192,310195,293731,10139459,0,334148,351044,98268,211927,1468700,2248028,4076029,0,107144,227004,102439,248605,1258265,64797371,322167,926371,9727,85160,237007,45670,39490,186216,50791,924820,1551,277390,647430,1551,0,18,9709,8,10,9709,0,20006563,44790808,4977482,15029081,16572799,28218009,n15865,false,0.6277309138148442,0.007721653182556576,0,28899,false,500,1,0.8006352310015917,0.2879042575146533,null
14851574,66055636,603926,13562456,685192,310195,293731,10139459,0,334148,351044,98268,211927,1468700,2248028,4076029,0,107144,227004,102439,248605,1258265,64797371,322167,926371,9727,85160,237007,45670,39490,186216,50791,924820,1551,277390,647430,1551,0,18,9709,8,10,9709,0,20006563,44790808,4977482,15029081,16572799,28218009,n22618,true,0.3824955306509635,0.31924728060736807,11,28999,false,0,0,0.5342587072821963,0.8516669385057303,null
14851574,66055636,603926,13562456,685192,310195,293731,10139459,0,334148,351044,98268,211927,1468700,2248028,4076029,0,107144,227004,102439,248605,1258265,64797371,322167,926371,9727,85160,237007,45670,39490,186216,50791,924820,1551,277390,647430,1551,0,18,9709,8,10,9709,0,20006563,44790808,4977482,15029081,16572799,28218009,n1962,false,0.742351375571552,0.2928815293010442,0,28999,false,0,0,0.9995185623916774,0.6530236487098487,null
14851574,66055636,603926,13562456,685192,310195,293731,10139459,0,334148,351044,98268,211927,1468700,2248028,4076029,0,107144,227004,102439,248605,1258265,64797371,322167,926371,9727,85160,237007,45670,39490,186216,50791,924820,1551,277390,647430,1551,0,18,9709,8,10,9709,0,20006563,44790808,4977482,15029081,16572799,28218009,n1960,false,0.9999969098632692,0.008663442622490414,0,8779,false,503,7,0.8958635810359777,0.9202657915596498,null
14851574,66055636,603926,13562456,685192,310195,293731,10139459,0,334148,351044,98268,211927,1468700,2248028,4076029,0,107144,227004,102439,248605,1258265,64797371,322167,926371,9727,85160,237007,45670,39490,186216,50791,924820,1551,277390,647430,1551,0,18,9709,8,10,9709,0,20006563,44790808,4977482,15029081,16572799,28218009,n11786,false,0.1964357223330116,0.18130642166142552,0,5627,false,506,13,0.03887524656595431,0.3665264167656132,null
14851574,66055636,603926,13562456,685192,310195,293731,10139459,0,334148,351044,98268,211927,1468700,2248028,4076029,0,107144,227004,102439,248605,1258265,64797371,322167,926371,9727,85160,237007,45670,39490,186216,50791,924820,1551,277390,647430,1551,0,18,9709,8,10,9709,0,20006563,44790808,4977482,15029081,16572799,28218009,n11782,false,0.9498337065696044,0.43999150918306873,0,6731,false,501,3,0.44537528743761073,0.5992645323047736,null
14851574,66055636,603926,13562456,685192,310195,293731,10139459,0,334148,351044,98268,211927,1468700,2248028,4076029,0,107144,227004,102439,248605,1258265,64797371,322167,926371,9727,85160,237007,45670,39490,186216,50791,924820,1551,277390,647430,1551,0,18,9709,8,10,9709,0,20006563,44790808,4977482,15029081,16572799,28218009,n22629,false,0.5024496052020363,0.2687397549470319,0,12434,false,501,2,0.16524152052693897,0.7246734869204241,null
14851574,66055636,603926,13562456,685192,310195,293731,10139459,0,334148,351044,98268,211927,1468700,2248028,4076029,0,107144,227004,102439,248605,1258265,64797371,322167,926371,9727,85160,237007,45670,39490,186216,50791,924820,1551,277390,647430,1551,0,18,9709,8,10,9709,0,20006563,44790808,4977482,15029081,16572799,28218009,n15845,false,0.9500000469033869,0.9915138900180291,0,8848,false,500,2,0.18465383617012654,0.13234322731459192,null
