rtA1,rtA2,rtA1a,rtA1b,rtA1c,rtA1a1,rtA1a2,rtA1b1,rtA1b2,rtA1c1,rtA1c2,rtA1a1a,rtA1a1b,rtA1a2a,rtA1a2b,rtA1b1a,rtA1b1b,rtA1c1a,rtA1c1b,rtA1c2a,rtA1c2b,rtA2a,rtA2b,rtA2a1,rtA2a2,rtA2a3,rtA2a1A,rtA2a1B,rtA2a1A1,rtA2a1A2,rtA2a1B1,rtA2a1B2,rtA2a2A,rtA2a2B,rtA2a2A1,rtA2a2A2,rtA2a2B1,rtA2a2B2,rtA2a3A,rtA2a3B,rtA2a3A1,rtA2a3A2,rtA2a3B1,rtA2a3B2,rtA2b1,rtA2b2,rtA2b1A,rtA2b1B,rtA2b2A,rtA2b2B,id,isSmoker,willpower,health,smokedPerDay,turnsSinceLastChange,givingUp,stepsSinceGiveUp,giveUpAttempts,influenceability,sociable,$SWITCH_TABLE$simconsts$Operations
398481,3932923,369540,2944,25997,315266,54274,1763,0,18661,7336,55689,259577,12608,42847,6,0,10806,7855,4,7332,97186,3835737,65023,31110,1053,33793,31230,17473,16320,20818,10412,31109,1,9327,21782,1,0,2,1051,0,2,1051,0,1698604,2137133,586359,1112245,894279,1242854,n0,false,0.8682045582383942,0.746446853383712,0,15041,false,502,4,0.4980477120012749,0.4450878813640151,null
398481,3932923,369540,2944,25997,315266,54274,1763,0,18661,7336,55689,259577,12608,42847,6,0,10806,7855,4,7332,97186,3835737,65023,31110,1053,33793,31230,17473,16320,20818,10412,31109,1,9327,21782,1,0,2,1051,0,2,1051,0,1698604,2137133,586359,1112245,894279,1242854,n1,false,0.15582589017998147,0.7542458758323816,0,5071,false,502,4,0.24486701391518495,0.219915457707192,null
398481,3932923,369540,2944,25997,315266,54274,1763,0,18661,7336,55689,259577,12608,42847,6,0,10806,7855,4,7332,97186,3835737,65023,31110,1053,33793,31230,17473,16320,20818,10412,31109,1,9327,21782,1,0,2,1051,0,2,1051,0,1698604,2137133,586359,1112245,894279,1242854,n2,true,0.6309022968645944,0.8003528173131926,0,13902,false,501,3,0.4121270694795848,0.8972759475418117,null
398481,3932923,369540,2944,25997,315266,54274,1763,0,18661,7336,55689,259577,12608,42847,6,0,10806,7855,4,7332,97186,3835737,65023,31110,1053,33793,31230,17473,16320,20818,10412,31109,1,9327,21782,1,0,2,1051,0,2,1051,0,1698604,2137133,586359,1112245,894279,1242854,n3,false,0.008241500046247971,0.734053548110419,0,3603,false,501,4,0.5144337102074323,0.07595471670217813,null
398481,3932923,369540,2944,25997,315266,54274,1763,0,18661,7336,55689,259577,12608,42847,6,0,10806,7855,4,7332,97186,3835737,65023,31110,1053,33793,31230,17473,16320,20818,10412,31109,1,9327,21782,1,0,2,1051,0,2,1051,0,1698604,2137133,586359,1112245,894279,1242854,n4,false,0.9067136264187308,0.7797815630082817,0,5757,false,501,2,0.3302299236162659,0.840575071327416,null
398481,3932923,369540,2944,25997,315266,54274,1763,0,18661,7336,55689,259577,12608,42847,6,0,10806,7855,4,7332,97186,3835737,65023,31110,1053,33793,31230,17473,16320,20818,10412,31109,1,9327,21782,1,0,2,1051,0,2,1051,0,1698604,2137133,586359,1112245,894279,1242854,n6,true,0.5175222144448782,0.8436641981430812,0,9562,false,501,3,0.8462237315786152,0.7929599181749184,null
398481,3932923,369540,2944,25997,315266,54274,1763,0,18661,7336,55689,259577,12608,42847,6,0,10806,7855,4,7332,97186,3835737,65023,31110,1053,33793,31230,17473,16320,20818,10412,31109,1,9327,21782,1,0,2,1051,0,2,1051,0,1698604,2137133,586359,1112245,894279,1242854,n9,false,0.5098704808638042,0.3467547303406848,0,9596,false,504,8,0.6984883332339332,0.36557837127056514,null
398481,3932923,369540,2944,25997,315266,54274,1763,0,18661,7336,55689,259577,12608,42847,6,0,10806,7855,4,7332,97186,3835737,65023,31110,1053,33793,31230,17473,16320,20818,10412,31109,1,9327,21782,1,0,2,1051,0,2,1051,0,1698604,2137133,586359,1112245,894279,1242854,n10,false,0.4711530735675589,0.6052875139547479,0,3158,false,502,4,0.6179265606682179,0.4620361204540254,null
398481,3932923,369540,2944,25997,315266,54274,1763,0,18661,7336,55689,259577,12608,42847,6,0,10806,7855,4,7332,97186,3835737,65023,31110,1053,33793,31230,17473,16320,20818,10412,31109,1,9327,21782,1,0,2,1051,0,2,1051,0,1698604,2137133,586359,1112245,894279,1242854,n12,false,0.8895658022638461,0.46931172469547855,0,22099,false,500,0,0.08411280914527236,0.5597288968719627,null
398481,3932923,369540,2944,25997,315266,54274,1763,0,18661,7336,55689,259577,12608,42847,6,0,10806,7855,4,7332,97186,3835737,65023,31110,1053,33793,31230,17473,16320,20818,10412,31109,1,9327,21782,1,0,2,1051,0,2,1051,0,1698604,2137133,586359,1112245,894279,1242854,n13,false,0.8330955456181184,0.770227106546004,0,381,false,506,12,0.032908705347140965,0.05722521380729462,null
398481,3932923,369540,2944,25997,315266,54274,1763,0,18661,7336,55689,259577,12608,42847,6,0,10806,7855,4,7332,97186,3835737,65023,31110,1053,33793,31230,17473,16320,20818,10412,31109,1,9327,21782,1,0,2,1051,0,2,1051,0,1698604,2137133,586359,1112245,894279,1242854,n15,true,0.3096151178651603,0.7453848249619409,0,936,false,504,9,0.3777788934913462,0.8952486235541306,null
398481,3932923,369540,2944,25997,315266,54274,1763,0,18661,7336,55689,259577,12608,42847,6,0,10806,7855,4,7332,97186,3835737,65023,31110,1053,33793,31230,17473,16320,20818,10412,31109,1,9327,21782,1,0,2,1051,0,2,1051,0,1698604,2137133,586359,1112245,894279,1242854,n19,false,0.5787630170677738,0.8660997797776264,0,12215,false,501,2,0.025086569532347502,0.8345130043941151,null
398481,3932923,369540,2944,25997,315266,54274,1763,0,18661,7336,55689,259577,12608,42847,6,0,10806,7855,4,7332,97186,3835737,65023,31110,1053,33793,31230,17473,16320,20818,10412,31109,1,9327,21782,1,0,2,1051,0,2,1051,0,1698604,2137133,586359,1112245,894279,1242854,n23,false,0.36232927265738707,0.6869305902518238,0,693,false,503,6,0.7357288745401944,0.6071228680604048,null
398481,3932923,369540,2944,25997,315266,54274,1763,0,18661,7336,55689,259577,12608,42847,6,0,10806,7855,4,7332,97186,3835737,65023,31110,1053,33793,31230,17473,16320,20818,10412,31109,1,9327,21782,1,0,2,1051,0,2,1051,0,1698604,2137133,586359,1112245,894279,1242854,n26,false,0.7073730977703417,0.7283967725978981,0,2843,false,503,7,0.8628953556936059,0.5069426793701881,null
398481,3932923,369540,2944,25997,315266,54274,1763,0,18661,7336,55689,259577,12608,42847,6,0,10806,7855,4,7332,97186,3835737,65023,31110,1053,33793,31230,17473,16320,20818,10412,31109,1,9327,21782,1,0,2,1051,0,2,1051,0,1698604,2137133,586359,1112245,894279,1242854,n29,false,0.030254255568201174,0.6845589457431854,0,11434,false,502,5,0.5402437750472555,0.7207749337085737,null
398481,3932923,369540,2944,25997,315266,54274,1763,0,18661,7336,55689,259577,12608,42847,6,0,10806,7855,4,7332,97186,3835737,65023,31110,1053,33793,31230,17473,16320,20818,10412,31109,1,9327,21782,1,0,2,1051,0,2,1051,0,1698604,2137133,586359,1112245,894279,1242854,n35,false,0.09562190278943275,0.9640997661167149,0,471,false,505,10,0.06949560417371914,0.36943808839464876,null
398481,3932923,369540,2944,25997,315266,54274,1763,0,18661,7336,55689,259577,12608,42847,6,0,10806,7855,4,7332,97186,3835737,65023,31110,1053,33793,31230,17473,16320,20818,10412,31109,1,9327,21782,1,0,2,1051,0,2,1051,0,1698604,2137133,586359,1112245,894279,1242854,n36,false,0.5192706861454284,0.6715736316996999,0,12653,false,502,4,0.47895824116147556,0.47494003247339733,null
398481,3932923,369540,2944,25997,315266,54274,1763,0,18661,7336,55689,259577,12608,42847,6,0,10806,7855,4,7332,97186,3835737,65023,31110,1053,33793,31230,17473,16320,20818,10412,31109,1,9327,21782,1,0,2,1051,0,2,1051,0,1698604,2137133,586359,1112245,894279,1242854,n37,false,0.7656085435138953,0.594046994672088,0,6521,false,502,4,0.22258278951592947,0.9176479534733712,null
398481,3932923,369540,2944,25997,315266,54274,1763,0,18661,7336,55689,259577,12608,42847,6,0,10806,7855,4,7332,97186,3835737,65023,31110,1053,33793,31230,17473,16320,20818,10412,31109,1,9327,21782,1,0,2,1051,0,2,1051,0,1698604,2137133,586359,1112245,894279,1242854,n39,false,0.9159590792158506,0.8209471485134687,0,8798,false,501,4,0.6282187731189162,0.8741847330930175,null
398481,3932923,369540,2944,25997,315266,54274,1763,0,18661,7336,55689,259577,12608,42847,6,0,10806,7855,4,7332,97186,3835737,65023,31110,1053,33793,31230,17473,16320,20818,10412,31109,1,9327,21782,1,0,2,1051,0,2,1051,0,1698604,2137133,586359,1112245,894279,1242854,n45,false,0.5687766586404562,0.5217542564532285,0,1318,false,501,2,0.5718414816600195,0.5195569796655163,null
398481,3932923,369540,2944,25997,315266,54274,1763,0,18661,7336,55689,259577,12608,42847,6,0,10806,7855,4,7332,97186,3835737,65023,31110,1053,33793,31230,17473,16320,20818,10412,31109,1,9327,21782,1,0,2,1051,0,2,1051,0,1698604,2137133,586359,1112245,894279,1242854,n46,false,0.13665175490679224,0.5737464924266803,0,15694,false,502,4,0.4548321788886257,0.8787689766806486,null
398481,3932923,369540,2944,25997,315266,54274,1763,0,18661,7336,55689,259577,12608,42847,6,0,10806,7855,4,7332,97186,3835737,65023,31110,1053,33793,31230,17473,16320,20818,10412,31109,1,9327,21782,1,0,2,1051,0,2,1051,0,1698604,2137133,586359,1112245,894279,1242854,n47,false,0.5365318530462966,0.6467698614541888,0,1665,false,503,6,0.2790971915137339,0.9147152123803776,null
398481,3932923,369540,2944,25997,315266,54274,1763,0,18661,7336,55689,259577,12608,42847,6,0,10806,7855,4,7332,97186,3835737,65023,31110,1053,33793,31230,17473,16320,20818,10412,31109,1,9327,21782,1,0,2,1051,0,2,1051,0,1698604,2137133,586359,1112245,894279,1242854,n49,false,0.24749846010205334,0.7182334817296608,0,3115,false,502,4,0.3207904885745507,0.863332926291588,null
398481,3932923,369540,2944,25997,315266,54274,1763,0,18661,7336,55689,259577,12608,42847,6,0,10806,7855,4,7332,97186,3835737,65023,31110,1053,33793,31230,17473,16320,20818,10412,31109,1,9327,21782,1,0,2,1051,0,2,1051,0,1698604,2137133,586359,1112245,894279,1242854,n51,true,0.15988508177667143,0.9004304758613412,0,2221,false,502,5,0.6206798048686,0.9598607358584166,null
398481,3932923,369540,2944,25997,315266,54274,1763,0,18661,7336,55689,259577,12608,42847,6,0,10806,7855,4,7332,97186,3835737,65023,31110,1053,33793,31230,17473,16320,20818,10412,31109,1,9327,21782,1,0,2,1051,0,2,1051,0,1698604,2137133,586359,1112245,894279,1242854,n52,false,0.7553539487879247,0.9219078914931441,0,3651,false,502,4,0.8720173555187944,0.708859716393244,null
398481,3932923,369540,2944,25997,315266,54274,1763,0,18661,7336,55689,259577,12608,42847,6,0,10806,7855,4,7332,97186,3835737,65023,31110,1053,33793,31230,17473,16320,20818,10412,31109,1,9327,21782,1,0,2,1051,0,2,1051,0,1698604,2137133,586359,1112245,894279,1242854,n58,false,0.0966795130749132,0.8370395112446256,0,22099,false,500,0,0.699463614448839,0.7601824542617892,null
398481,3932923,369540,2944,25997,315266,54274,1763,0,18661,7336,55689,259577,12608,42847,6,0,10806,7855,4,7332,97186,3835737,65023,31110,1053,33793,31230,17473,16320,20818,10412,31109,1,9327,21782,1,0,2,1051,0,2,1051,0,1698604,2137133,586359,1112245,894279,1242854,n59,false,0.3796237052640295,0.6185075822701207,0,13565,false,501,2,0.5919149350998865,0.7381795607166244,null
398481,3932923,369540,2944,25997,315266,54274,1763,0,18661,7336,55689,259577,12608,42847,6,0,10806,7855,4,7332,97186,3835737,65023,31110,1053,33793,31230,17473,16320,20818,10412,31109,1,9327,21782,1,0,2,1051,0,2,1051,0,1698604,2137133,586359,1112245,894279,1242854,n64,true,0.01376280275818659,0.8627838671146082,0,2423,false,503,7,0.2614899722221703,0.5418666380998519,null
398481,3932923,369540,2944,25997,315266,54274,1763,0,18661,7336,55689,259577,12608,42847,6,0,10806,7855,4,7332,97186,3835737,65023,31110,1053,33793,31230,17473,16320,20818,10412,31109,1,9327,21782,1,0,2,1051,0,2,1051,0,1698604,2137133,586359,1112245,894279,1242854,n67,false,0.13672272308059014,0.7525473943077142,0,4645,false,502,4,0.021360505115272044,0.7511076302345607,null
398481,3932923,369540,2944,25997,315266,54274,1763,0,18661,7336,55689,259577,12608,42847,6,0,10806,7855,4,7332,97186,3835737,65023,31110,1053,33793,31230,17473,16320,20818,10412,31109,1,9327,21782,1,0,2,1051,0,2,1051,0,1698604,2137133,586359,1112245,894279,1242854,n68,false,0.7483606690902369,0.6056263970466423,0,942,false,501,2,0.8131209013927272,0.9862876073582021,null
398481,3932923,369540,2944,25997,315266,54274,1763,0,18661,7336,55689,259577,12608,42847,6,0,10806,7855,4,7332,97186,3835737,65023,31110,1053,33793,31230,17473,16320,20818,10412,31109,1,9327,21782,1,0,2,1051,0,2,1051,0,1698604,2137133,586359,1112245,894279,1242854,n69,false,0.7156419519785207,0.7819191357609885,0,13283,false,501,4,0.4257922805828066,0.6335859706586742,null
398481,3932923,369540,2944,25997,315266,54274,1763,0,18661,7336,55689,259577,12608,42847,6,0,10806,7855,4,7332,97186,3835737,65023,31110,1053,33793,31230,17473,16320,20818,10412,31109,1,9327,21782,1,0,2,1051,0,2,1051,0,1698604,2137133,586359,1112245,894279,1242854,n71,false,0.09224521150873863,0.6019920881467663,0,2834,false,502,4,0.6485719021125951,0.8363772244808029,null
398481,3932923,369540,2944,25997,315266,54274,1763,0,18661,7336,55689,259577,12608,42847,6,0,10806,7855,4,7332,97186,3835737,65023,31110,1053,33793,31230,17473,16320,20818,10412,31109,1,9327,21782,1,0,2,1051,0,2,1051,0,1698604,2137133,586359,1112245,894279,1242854,n72,false,0.5801535175147959,0.4016578214052143,0,5772,false,502,5,0.4045720711987209,0.8469634725853292,null
398481,3932923,369540,2944,25997,315266,54274,1763,0,18661,7336,55689,259577,12608,42847,6,0,10806,7855,4,7332,97186,3835737,65023,31110,1053,33793,31230,17473,16320,20818,10412,31109,1,9327,21782,1,0,2,1051,0,2,1051,0,1698604,2137133,586359,1112245,894279,1242854,n74,false,0.8192128174771465,0.7165103715753426,0,20264,false,502,4,0.8197373010256191,0.6788876601211308,null
398481,3932923,369540,2944,25997,315266,54274,1763,0,18661,7336,55689,259577,12608,42847,6,0,10806,7855,4,7332,97186,3835737,65023,31110,1053,33793,31230,17473,16320,20818,10412,31109,1,9327,21782,1,0,2,1051,0,2,1051,0,1698604,2137133,586359,1112245,894279,1242854,n78,false,0.1277463696024513,0.478712513319442,0,15133,false,503,7,0.2258361918839898,0.7734101928362666,null
398481,3932923,369540,2944,25997,315266,54274,1763,0,18661,7336,55689,259577,12608,42847,6,0,10806,7855,4,7332,97186,3835737,65023,31110,1053,33793,31230,17473,16320,20818,10412,31109,1,9327,21782,1,0,2,1051,0,2,1051,0,1698604,2137133,586359,1112245,894279,1242854,n79,false,0.706924224164381,0.6004096181639694,0,3925,false,503,6,0.6880535316605382,0.665956948103032,null
398481,3932923,369540,2944,25997,315266,54274,1763,0,18661,7336,55689,259577,12608,42847,6,0,10806,7855,4,7332,97186,3835737,65023,31110,1053,33793,31230,17473,16320,20818,10412,31109,1,9327,21782,1,0,2,1051,0,2,1051,0,1698604,2137133,586359,1112245,894279,1242854,n81,false,0.8349011694272142,0.7321933938818199,0,14694,false,500,2,0.5630282546801822,0.6280536178651954,null
398481,3932923,369540,2944,25997,315266,54274,1763,0,18661,7336,55689,259577,12608,42847,6,0,10806,7855,4,7332,97186,3835737,65023,31110,1053,33793,31230,17473,16320,20818,10412,31109,1,9327,21782,1,0,2,1051,0,2,1051,0,1698604,2137133,586359,1112245,894279,1242854,n82,false,0.9736903614536498,0.8239474237372855,0,1575,false,503,6,0.6889322255465605,0.4020031721611733,null
398481,3932923,369540,2944,25997,315266,54274,1763,0,18661,7336,55689,259577,12608,42847,6,0,10806,7855,4,7332,97186,3835737,65023,31110,1053,33793,31230,17473,16320,20818,10412,31109,1,9327,21782,1,0,2,1051,0,2,1051,0,1698604,2137133,586359,1112245,894279,1242854,n83,false,0.8491552759790727,0.8274306941219414,0,22099,false,0,0,0.4908958719341064,0.868974993855191,null
398481,3932923,369540,2944,25997,315266,54274,1763,0,18661,7336,55689,259577,12608,42847,6,0,10806,7855,4,7332,97186,3835737,65023,31110,1053,33793,31230,17473,16320,20818,10412,31109,1,9327,21782,1,0,2,1051,0,2,1051,0,1698604,2137133,586359,1112245,894279,1242854,n85,false,0.6187756909602721,0.8494161868308792,0,21753,false,500,3,0.6238893474039446,0.9154262457538457,null
398481,3932923,369540,2944,25997,315266,54274,1763,0,18661,7336,55689,259577,12608,42847,6,0,10806,7855,4,7332,97186,3835737,65023,31110,1053,33793,31230,17473,16320,20818,10412,31109,1,9327,21782,1,0,2,1051,0,2,1051,0,1698604,2137133,586359,1112245,894279,1242854,n90,false,0.4589974701091145,0.7502804335674818,0,6943,false,503,6,0.4070440752599414,0.5711136415716164,null
398481,3932923,369540,2944,25997,315266,54274,1763,0,18661,7336,55689,259577,12608,42847,6,0,10806,7855,4,7332,97186,3835737,65023,31110,1053,33793,31230,17473,16320,20818,10412,31109,1,9327,21782,1,0,2,1051,0,2,1051,0,1698604,2137133,586359,1112245,894279,1242854,n93,false,0.5352723843608138,0.8819623536357968,0,8238,false,502,4,0.4505259966868007,0.3229522084554141,null
398481,3932923,369540,2944,25997,315266,54274,1763,0,18661,7336,55689,259577,12608,42847,6,0,10806,7855,4,7332,97186,3835737,65023,31110,1053,33793,31230,17473,16320,20818,10412,31109,1,9327,21782,1,0,2,1051,0,2,1051,0,1698604,2137133,586359,1112245,894279,1242854,n97,false,0.42712645107304037,0.8468264141597353,0,14626,false,501,4,0.6719920068839608,0.12407681276434118,null
398481,3932923,369540,2944,25997,315266,54274,1763,0,18661,7336,55689,259577,12608,42847,6,0,10806,7855,4,7332,97186,3835737,65023,31110,1053,33793,31230,17473,16320,20818,10412,31109,1,9327,21782,1,0,2,1051,0,2,1051,0,1698604,2137133,586359,1112245,894279,1242854,n98,false,0.649810779237616,0.7892489926504942,0,6287,false,502,4,0.8036535307374775,0.4898919017265134,null
398481,3932923,369540,2944,25997,315266,54274,1763,0,18661,7336,55689,259577,12608,42847,6,0,10806,7855,4,7332,97186,3835737,65023,31110,1053,33793,31230,17473,16320,20818,10412,31109,1,9327,21782,1,0,2,1051,0,2,1051,0,1698604,2137133,586359,1112245,894279,1242854,n99,true,0.21419222922091927,0.784486263677895,0,2972,false,503,7,0.2979643236552203,0.2466145981396456,null
398481,3932923,369540,2944,25997,315266,54274,1763,0,18661,7336,55689,259577,12608,42847,6,0,10806,7855,4,7332,97186,3835737,65023,31110,1053,33793,31230,17473,16320,20818,10412,31109,1,9327,21782,1,0,2,1051,0,2,1051,0,1698604,2137133,586359,1112245,894279,1242854,n101,false,0.5963381146546528,0.8403535645869011,0,5216,false,502,4,0.5713281795027747,0.4819985926331248,null
398481,3932923,369540,2944,25997,315266,54274,1763,0,18661,7336,55689,259577,12608,42847,6,0,10806,7855,4,7332,97186,3835737,65023,31110,1053,33793,31230,17473,16320,20818,10412,31109,1,9327,21782,1,0,2,1051,0,2,1051,0,1698604,2137133,586359,1112245,894279,1242854,n104,false,0.23086654184937971,0.5570383213103326,0,10997,false,504,8,0.8082102153706929,0.7304395123141707,null
398481,3932923,369540,2944,25997,315266,54274,1763,0,18661,7336,55689,259577,12608,42847,6,0,10806,7855,4,7332,97186,3835737,65023,31110,1053,33793,31230,17473,16320,20818,10412,31109,1,9327,21782,1,0,2,1051,0,2,1051,0,1698604,2137133,586359,1112245,894279,1242854,n106,false,0.25261560550022616,0.7207330921892959,0,3256,false,501,2,0.705003003418724,0.21054606519202523,null
398481,3932923,369540,2944,25997,315266,54274,1763,0,18661,7336,55689,259577,12608,42847,6,0,10806,7855,4,7332,97186,3835737,65023,31110,1053,33793,31230,17473,16320,20818,10412,31109,1,9327,21782,1,0,2,1051,0,2,1051,0,1698604,2137133,586359,1112245,894279,1242854,n108,false,0.9465910733716747,0.6064492377102099,0,10381,false,501,2,0.5514673522817798,0.57545959427789,null
398481,3932923,369540,2944,25997,315266,54274,1763,0,18661,7336,55689,259577,12608,42847,6,0,10806,7855,4,7332,97186,3835737,65023,31110,1053,33793,31230,17473,16320,20818,10412,31109,1,9327,21782,1,0,2,1051,0,2,1051,0,1698604,2137133,586359,1112245,894279,1242854,n109,false,0.94538677453405,0.2402020479086055,0,8341,false,503,8,0.6475046204579276,0.979370823659142,null
398481,3932923,369540,2944,25997,315266,54274,1763,0,18661,7336,55689,259577,12608,42847,6,0,10806,7855,4,7332,97186,3835737,65023,31110,1053,33793,31230,17473,16320,20818,10412,31109,1,9327,21782,1,0,2,1051,0,2,1051,0,1698604,2137133,586359,1112245,894279,1242854,n110,false,0.8280030181034971,0.9039722062269651,0,1889,false,501,2,0.07690915151162742,0.7440791260259967,null
398481,3932923,369540,2944,25997,315266,54274,1763,0,18661,7336,55689,259577,12608,42847,6,0,10806,7855,4,7332,97186,3835737,65023,31110,1053,33793,31230,17473,16320,20818,10412,31109,1,9327,21782,1,0,2,1051,0,2,1051,0,1698604,2137133,586359,1112245,894279,1242854,n112,false,0.0967826584518564,0.40834798267359884,0,670,false,502,5,0.395647616894663,0.5891533792028143,null
398481,3932923,369540,2944,25997,315266,54274,1763,0,18661,7336,55689,259577,12608,42847,6,0,10806,7855,4,7332,97186,3835737,65023,31110,1053,33793,31230,17473,16320,20818,10412,31109,1,9327,21782,1,0,2,1051,0,2,1051,0,1698604,2137133,586359,1112245,894279,1242854,n113,false,0.8618345677835356,0.691971859770808,0,1117,false,501,4,0.4929503034386753,0.6472497122110819,null
398481,3932923,369540,2944,25997,315266,54274,1763,0,18661,7336,55689,259577,12608,42847,6,0,10806,7855,4,7332,97186,3835737,65023,31110,1053,33793,31230,17473,16320,20818,10412,31109,1,9327,21782,1,0,2,1051,0,2,1051,0,1698604,2137133,586359,1112245,894279,1242854,n114,false,0.2635305047274717,0.5933455374211352,0,11039,false,505,10,0.5688326549002459,0.2756575275402212,null
398481,3932923,369540,2944,25997,315266,54274,1763,0,18661,7336,55689,259577,12608,42847,6,0,10806,7855,4,7332,97186,3835737,65023,31110,1053,33793,31230,17473,16320,20818,10412,31109,1,9327,21782,1,0,2,1051,0,2,1051,0,1698604,2137133,586359,1112245,894279,1242854,n115,false,0.5940175318838217,0.3888643439595747,0,5549,false,502,4,0.8846642058732026,0.5237067581714819,null
398481,3932923,369540,2944,25997,315266,54274,1763,0,18661,7336,55689,259577,12608,42847,6,0,10806,7855,4,7332,97186,3835737,65023,31110,1053,33793,31230,17473,16320,20818,10412,31109,1,9327,21782,1,0,2,1051,0,2,1051,0,1698604,2137133,586359,1112245,894279,1242854,n117,false,0.6257890213242032,0.7167310756316366,0,1909,false,501,4,0.863532584356759,0.768552444625526,null
398481,3932923,369540,2944,25997,315266,54274,1763,0,18661,7336,55689,259577,12608,42847,6,0,10806,7855,4,7332,97186,3835737,65023,31110,1053,33793,31230,17473,16320,20818,10412,31109,1,9327,21782,1,0,2,1051,0,2,1051,0,1698604,2137133,586359,1112245,894279,1242854,n121,false,0.9679505432070409,0.6036293520550661,0,11144,false,500,2,0.1497983521568953,0.7592657863730822,null
398481,3932923,369540,2944,25997,315266,54274,1763,0,18661,7336,55689,259577,12608,42847,6,0,10806,7855,4,7332,97186,3835737,65023,31110,1053,33793,31230,17473,16320,20818,10412,31109,1,9327,21782,1,0,2,1051,0,2,1051,0,1698604,2137133,586359,1112245,894279,1242854,n124,true,0.2679365372622517,0.6338508720290849,0,2466,false,501,3,0.39767122810870925,0.9101305824456051,null
398481,3932923,369540,2944,25997,315266,54274,1763,0,18661,7336,55689,259577,12608,42847,6,0,10806,7855,4,7332,97186,3835737,65023,31110,1053,33793,31230,17473,16320,20818,10412,31109,1,9327,21782,1,0,2,1051,0,2,1051,0,1698604,2137133,586359,1112245,894279,1242854,n127,false,0.3227108266036671,0.9334767532152317,0,381,false,506,16,0.598427768080452,0.8086141808077997,null
398481,3932923,369540,2944,25997,315266,54274,1763,0,18661,7336,55689,259577,12608,42847,6,0,10806,7855,4,7332,97186,3835737,65023,31110,1053,33793,31230,17473,16320,20818,10412,31109,1,9327,21782,1,0,2,1051,0,2,1051,0,1698604,2137133,586359,1112245,894279,1242854,n130,false,0.9999973186280712,0.7382616363824968,0,1517,false,502,4,0.7959584898293577,0.5458505287557109,null
398481,3932923,369540,2944,25997,315266,54274,1763,0,18661,7336,55689,259577,12608,42847,6,0,10806,7855,4,7332,97186,3835737,65023,31110,1053,33793,31230,17473,16320,20818,10412,31109,1,9327,21782,1,0,2,1051,0,2,1051,0,1698604,2137133,586359,1112245,894279,1242854,n136,false,0.13612380950356734,0.5939075681502801,0,14915,false,501,3,0.3344253746917968,0.4609477386316378,null
398481,3932923,369540,2944,25997,315266,54274,1763,0,18661,7336,55689,259577,12608,42847,6,0,10806,7855,4,7332,97186,3835737,65023,31110,1053,33793,31230,17473,16320,20818,10412,31109,1,9327,21782,1,0,2,1051,0,2,1051,0,1698604,2137133,586359,1112245,894279,1242854,n137,false,0.8093525661877992,0.7246796747413721,0,3572,false,503,8,0.7787183713553759,0.7778141439083079,null
398481,3932923,369540,2944,25997,315266,54274,1763,0,18661,7336,55689,259577,12608,42847,6,0,10806,7855,4,7332,97186,3835737,65023,31110,1053,33793,31230,17473,16320,20818,10412,31109,1,9327,21782,1,0,2,1051,0,2,1051,0,1698604,2137133,586359,1112245,894279,1242854,n139,true,0.820801235669228,0.7335778942691583,0,12657,false,500,2,0.5661933212431788,0.8512187503031523,null
398481,3932923,369540,2944,25997,315266,54274,1763,0,18661,7336,55689,259577,12608,42847,6,0,10806,7855,4,7332,97186,3835737,65023,31110,1053,33793,31230,17473,16320,20818,10412,31109,1,9327,21782,1,0,2,1051,0,2,1051,0,1698604,2137133,586359,1112245,894279,1242854,n141,false,0.4198323120974038,0.6781016754125846,0,5827,false,502,4,0.43196456512351344,0.8608105690972766,null
398481,3932923,369540,2944,25997,315266,54274,1763,0,18661,7336,55689,259577,12608,42847,6,0,10806,7855,4,7332,97186,3835737,65023,31110,1053,33793,31230,17473,16320,20818,10412,31109,1,9327,21782,1,0,2,1051,0,2,1051,0,1698604,2137133,586359,1112245,894279,1242854,n148,false,0.5891885275334088,0.6152142051220261,0,21926,false,500,2,0.9651445960508905,0.6299370951628419,null
398481,3932923,369540,2944,25997,315266,54274,1763,0,18661,7336,55689,259577,12608,42847,6,0,10806,7855,4,7332,97186,3835737,65023,31110,1053,33793,31230,17473,16320,20818,10412,31109,1,9327,21782,1,0,2,1051,0,2,1051,0,1698604,2137133,586359,1112245,894279,1242854,n150,true,0.17652782215913404,0.7131649234345382,0,6196,false,502,5,0.9404931917302273,0.7035212465165157,null
398481,3932923,369540,2944,25997,315266,54274,1763,0,18661,7336,55689,259577,12608,42847,6,0,10806,7855,4,7332,97186,3835737,65023,31110,1053,33793,31230,17473,16320,20818,10412,31109,1,9327,21782,1,0,2,1051,0,2,1051,0,1698604,2137133,586359,1112245,894279,1242854,n151,false,0.3902648517236218,0.868087879135263,0,8340,false,502,4,0.7909549863827744,0.4226321701482397,null
398481,3932923,369540,2944,25997,315266,54274,1763,0,18661,7336,55689,259577,12608,42847,6,0,10806,7855,4,7332,97186,3835737,65023,31110,1053,33793,31230,17473,16320,20818,10412,31109,1,9327,21782,1,0,2,1051,0,2,1051,0,1698604,2137133,586359,1112245,894279,1242854,n153,false,0.46780641235181736,0.6336238190059695,0,22099,false,0,0,0.025628627299344453,0.42343227646712445,null
398481,3932923,369540,2944,25997,315266,54274,1763,0,18661,7336,55689,259577,12608,42847,6,0,10806,7855,4,7332,97186,3835737,65023,31110,1053,33793,31230,17473,16320,20818,10412,31109,1,9327,21782,1,0,2,1051,0,2,1051,0,1698604,2137133,586359,1112245,894279,1242854,n154,true,0.02122734961073221,0.9706319061825381,0,4688,false,501,3,0.7166176687815751,0.9811283071950951,null
398481,3932923,369540,2944,25997,315266,54274,1763,0,18661,7336,55689,259577,12608,42847,6,0,10806,7855,4,7332,97186,3835737,65023,31110,1053,33793,31230,17473,16320,20818,10412,31109,1,9327,21782,1,0,2,1051,0,2,1051,0,1698604,2137133,586359,1112245,894279,1242854,n157,false,0.5322475341309013,0.595932966176092,0,2706,false,503,6,0.7033557246743999,0.7510697078820116,null
398481,3932923,369540,2944,25997,315266,54274,1763,0,18661,7336,55689,259577,12608,42847,6,0,10806,7855,4,7332,97186,3835737,65023,31110,1053,33793,31230,17473,16320,20818,10412,31109,1,9327,21782,1,0,2,1051,0,2,1051,0,1698604,2137133,586359,1112245,894279,1242854,n158,true,0.4640629560275459,0.7645508254541954,0,6858,false,501,3,0.7162644704045361,0.8835703650000867,null
398481,3932923,369540,2944,25997,315266,54274,1763,0,18661,7336,55689,259577,12608,42847,6,0,10806,7855,4,7332,97186,3835737,65023,31110,1053,33793,31230,17473,16320,20818,10412,31109,1,9327,21782,1,0,2,1051,0,2,1051,0,1698604,2137133,586359,1112245,894279,1242854,n161,false,0.6022999738224653,0.47226567897086125,0,7682,false,503,7,0.1316710752103265,0.9050095587403939,null
398481,3932923,369540,2944,25997,315266,54274,1763,0,18661,7336,55689,259577,12608,42847,6,0,10806,7855,4,7332,97186,3835737,65023,31110,1053,33793,31230,17473,16320,20818,10412,31109,1,9327,21782,1,0,2,1051,0,2,1051,0,1698604,2137133,586359,1112245,894279,1242854,n163,false,0.11091118949555345,0.7489135928971173,0,14924,false,502,4,0.2140690776486167,0.15869644037489644,null
398481,3932923,369540,2944,25997,315266,54274,1763,0,18661,7336,55689,259577,12608,42847,6,0,10806,7855,4,7332,97186,3835737,65023,31110,1053,33793,31230,17473,16320,20818,10412,31109,1,9327,21782,1,0,2,1051,0,2,1051,0,1698604,2137133,586359,1112245,894279,1242854,n167,false,0.25230873896970824,0.7375754386740828,0,653,false,503,7,0.6192302946389512,0.6238976391553575,null
398481,3932923,369540,2944,25997,315266,54274,1763,0,18661,7336,55689,259577,12608,42847,6,0,10806,7855,4,7332,97186,3835737,65023,31110,1053,33793,31230,17473,16320,20818,10412,31109,1,9327,21782,1,0,2,1051,0,2,1051,0,1698604,2137133,586359,1112245,894279,1242854,n168,false,0.999997639662154,0.6088493408210847,0,22099,false,500,0,0.46741760078626593,0.5194599134568705,null
398481,3932923,369540,2944,25997,315266,54274,1763,0,18661,7336,55689,259577,12608,42847,6,0,10806,7855,4,7332,97186,3835737,65023,31110,1053,33793,31230,17473,16320,20818,10412,31109,1,9327,21782,1,0,2,1051,0,2,1051,0,1698604,2137133,586359,1112245,894279,1242854,n170,false,0.5792602918071493,0.7177189936837826,0,12779,false,501,3,0.8126986984193354,0.9111360767679508,null
398481,3932923,369540,2944,25997,315266,54274,1763,0,18661,7336,55689,259577,12608,42847,6,0,10806,7855,4,7332,97186,3835737,65023,31110,1053,33793,31230,17473,16320,20818,10412,31109,1,9327,21782,1,0,2,1051,0,2,1051,0,1698604,2137133,586359,1112245,894279,1242854,n172,false,0.9999995280627515,0.9315584112436645,0,3832,false,503,8,0.261493446183713,0.8071011366034051,null
398481,3932923,369540,2944,25997,315266,54274,1763,0,18661,7336,55689,259577,12608,42847,6,0,10806,7855,4,7332,97186,3835737,65023,31110,1053,33793,31230,17473,16320,20818,10412,31109,1,9327,21782,1,0,2,1051,0,2,1051,0,1698604,2137133,586359,1112245,894279,1242854,n174,false,0.15516313398176934,0.5573829530321894,0,12426,false,502,5,0.4349774000994868,0.7954005562218402,null
398481,3932923,369540,2944,25997,315266,54274,1763,0,18661,7336,55689,259577,12608,42847,6,0,10806,7855,4,7332,97186,3835737,65023,31110,1053,33793,31230,17473,16320,20818,10412,31109,1,9327,21782,1,0,2,1051,0,2,1051,0,1698604,2137133,586359,1112245,894279,1242854,n176,false,0.8818879721238512,0.7503582318946748,0,3401,false,501,3,0.9957121331025487,0.8117237950892882,null
398481,3932923,369540,2944,25997,315266,54274,1763,0,18661,7336,55689,259577,12608,42847,6,0,10806,7855,4,7332,97186,3835737,65023,31110,1053,33793,31230,17473,16320,20818,10412,31109,1,9327,21782,1,0,2,1051,0,2,1051,0,1698604,2137133,586359,1112245,894279,1242854,n178,false,0.7884715260214687,0.540409132455768,0,1784,false,502,5,0.6344599719639775,0.9109360853305051,null
398481,3932923,369540,2944,25997,315266,54274,1763,0,18661,7336,55689,259577,12608,42847,6,0,10806,7855,4,7332,97186,3835737,65023,31110,1053,33793,31230,17473,16320,20818,10412,31109,1,9327,21782,1,0,2,1051,0,2,1051,0,1698604,2137133,586359,1112245,894279,1242854,n183,false,0.12400057603105921,0.6997947466643422,0,10590,false,505,10,0.5753104580692182,0.2667815776694297,null
398481,3932923,369540,2944,25997,315266,54274,1763,0,18661,7336,55689,259577,12608,42847,6,0,10806,7855,4,7332,97186,3835737,65023,31110,1053,33793,31230,17473,16320,20818,10412,31109,1,9327,21782,1,0,2,1051,0,2,1051,0,1698604,2137133,586359,1112245,894279,1242854,n186,true,0.21208472028379655,0.801810552382351,0,852,false,502,5,0.6914646955048919,0.8676621105005713,null
398481,3932923,369540,2944,25997,315266,54274,1763,0,18661,7336,55689,259577,12608,42847,6,0,10806,7855,4,7332,97186,3835737,65023,31110,1053,33793,31230,17473,16320,20818,10412,31109,1,9327,21782,1,0,2,1051,0,2,1051,0,1698604,2137133,586359,1112245,894279,1242854,n187,false,0.9999969049491273,0.7299725820402092,0,22097,false,500,1,0.9435075854724065,0.996479824120139,null
398481,3932923,369540,2944,25997,315266,54274,1763,0,18661,7336,55689,259577,12608,42847,6,0,10806,7855,4,7332,97186,3835737,65023,31110,1053,33793,31230,17473,16320,20818,10412,31109,1,9327,21782,1,0,2,1051,0,2,1051,0,1698604,2137133,586359,1112245,894279,1242854,n192,false,0.09004439258650158,0.795564820313654,0,3837,false,504,8,0.4194008206841798,0.15705770993806306,null
398481,3932923,369540,2944,25997,315266,54274,1763,0,18661,7336,55689,259577,12608,42847,6,0,10806,7855,4,7332,97186,3835737,65023,31110,1053,33793,31230,17473,16320,20818,10412,31109,1,9327,21782,1,0,2,1051,0,2,1051,0,1698604,2137133,586359,1112245,894279,1242854,n195,true,0.31845271543047915,0.6506248331743213,0,2465,false,501,3,0.767920293123665,0.661759117331954,null
398481,3932923,369540,2944,25997,315266,54274,1763,0,18661,7336,55689,259577,12608,42847,6,0,10806,7855,4,7332,97186,3835737,65023,31110,1053,33793,31230,17473,16320,20818,10412,31109,1,9327,21782,1,0,2,1051,0,2,1051,0,1698604,2137133,586359,1112245,894279,1242854,n197,true,0.287553220529126,0.7578298016468364,0,144,false,502,5,0.2952218585253107,0.6123248704876079,null
398481,3932923,369540,2944,25997,315266,54274,1763,0,18661,7336,55689,259577,12608,42847,6,0,10806,7855,4,7332,97186,3835737,65023,31110,1053,33793,31230,17473,16320,20818,10412,31109,1,9327,21782,1,0,2,1051,0,2,1051,0,1698604,2137133,586359,1112245,894279,1242854,n198,false,0.01986796245553109,0.4890071300038665,0,1796,false,502,4,0.3478973685911496,0.7669975215468358,null
398481,3932923,369540,2944,25997,315266,54274,1763,0,18661,7336,55689,259577,12608,42847,6,0,10806,7855,4,7332,97186,3835737,65023,31110,1053,33793,31230,17473,16320,20818,10412,31109,1,9327,21782,1,0,2,1051,0,2,1051,0,1698604,2137133,586359,1112245,894279,1242854,n200,false,0.684212463654003,0.6023083280304857,0,2882,false,503,6,0.6279930827862918,0.43390604704034935,null
398481,3932923,369540,2944,25997,315266,54274,1763,0,18661,7336,55689,259577,12608,42847,6,0,10806,7855,4,7332,97186,3835737,65023,31110,1053,33793,31230,17473,16320,20818,10412,31109,1,9327,21782,1,0,2,1051,0,2,1051,0,1698604,2137133,586359,1112245,894279,1242854,n202,false,0.44568735985357505,0.7796295084132034,0,14193,false,502,4,0.40464591648254783,0.8071594740462449,null
398481,3932923,369540,2944,25997,315266,54274,1763,0,18661,7336,55689,259577,12608,42847,6,0,10806,7855,4,7332,97186,3835737,65023,31110,1053,33793,31230,17473,16320,20818,10412,31109,1,9327,21782,1,0,2,1051,0,2,1051,0,1698604,2137133,586359,1112245,894279,1242854,n205,false,0.5546817695645114,0.571624199551256,0,9536,false,501,2,0.28516408361563944,0.5656072576613492,null
398481,3932923,369540,2944,25997,315266,54274,1763,0,18661,7336,55689,259577,12608,42847,6,0,10806,7855,4,7332,97186,3835737,65023,31110,1053,33793,31230,17473,16320,20818,10412,31109,1,9327,21782,1,0,2,1051,0,2,1051,0,1698604,2137133,586359,1112245,894279,1242854,n207,false,0.29869800239488675,0.5943895408776785,0,5623,false,501,2,0.463160793970215,0.34576316662700657,null
398481,3932923,369540,2944,25997,315266,54274,1763,0,18661,7336,55689,259577,12608,42847,6,0,10806,7855,4,7332,97186,3835737,65023,31110,1053,33793,31230,17473,16320,20818,10412,31109,1,9327,21782,1,0,2,1051,0,2,1051,0,1698604,2137133,586359,1112245,894279,1242854,n209,false,0.08333309989794836,0.7883799733633858,0,7002,false,502,4,0.18215657338581842,0.7979024316103456,null
398481,3932923,369540,2944,25997,315266,54274,1763,0,18661,7336,55689,259577,12608,42847,6,0,10806,7855,4,7332,97186,3835737,65023,31110,1053,33793,31230,17473,16320,20818,10412,31109,1,9327,21782,1,0,2,1051,0,2,1051,0,1698604,2137133,586359,1112245,894279,1242854,n212,false,0.531583931648702,0.4996179180729481,0,21077,false,501,5,0.4421610701477784,0.45666288107939224,null
398481,3932923,369540,2944,25997,315266,54274,1763,0,18661,7336,55689,259577,12608,42847,6,0,10806,7855,4,7332,97186,3835737,65023,31110,1053,33793,31230,17473,16320,20818,10412,31109,1,9327,21782,1,0,2,1051,0,2,1051,0,1698604,2137133,586359,1112245,894279,1242854,n213,false,0.06614700800037876,0.7272096045431524,0,1376,false,502,6,0.3167115244812542,0.46801843104195817,null
398481,3932923,369540,2944,25997,315266,54274,1763,0,18661,7336,55689,259577,12608,42847,6,0,10806,7855,4,7332,97186,3835737,65023,31110,1053,33793,31230,17473,16320,20818,10412,31109,1,9327,21782,1,0,2,1051,0,2,1051,0,1698604,2137133,586359,1112245,894279,1242854,n214,false,0.6593115316607141,0.995327637240273,0,9286,false,501,2,0.5680709202144114,0.5782064854281296,null
398481,3932923,369540,2944,25997,315266,54274,1763,0,18661,7336,55689,259577,12608,42847,6,0,10806,7855,4,7332,97186,3835737,65023,31110,1053,33793,31230,17473,16320,20818,10412,31109,1,9327,21782,1,0,2,1051,0,2,1051,0,1698604,2137133,586359,1112245,894279,1242854,n221,false,0.5322871278592554,0.6910428824507778,0,22099,false,500,0,0.47018706790290127,0.7147341521778727,null
398481,3932923,369540,2944,25997,315266,54274,1763,0,18661,7336,55689,259577,12608,42847,6,0,10806,7855,4,7332,97186,3835737,65023,31110,1053,33793,31230,17473,16320,20818,10412,31109,1,9327,21782,1,0,2,1051,0,2,1051,0,1698604,2137133,586359,1112245,894279,1242854,n223,false,0.999995552448487,0.5287369548935528,0,3596,false,504,8,0.4896185430966292,0.8926495491722207,null
398481,3932923,369540,2944,25997,315266,54274,1763,0,18661,7336,55689,259577,12608,42847,6,0,10806,7855,4,7332,97186,3835737,65023,31110,1053,33793,31230,17473,16320,20818,10412,31109,1,9327,21782,1,0,2,1051,0,2,1051,0,1698604,2137133,586359,1112245,894279,1242854,n224,false,0.6774924321437046,0.5396115717579084,0,22071,false,500,2,0.2625327684801415,0.5849121614082887,null
398481,3932923,369540,2944,25997,315266,54274,1763,0,18661,7336,55689,259577,12608,42847,6,0,10806,7855,4,7332,97186,3835737,65023,31110,1053,33793,31230,17473,16320,20818,10412,31109,1,9327,21782,1,0,2,1051,0,2,1051,0,1698604,2137133,586359,1112245,894279,1242854,n225,false,0.33580645438626094,0.6124868021673884,0,1081,false,504,8,0.22945813495872752,0.9757748446350221,null
398481,3932923,369540,2944,25997,315266,54274,1763,0,18661,7336,55689,259577,12608,42847,6,0,10806,7855,4,7332,97186,3835737,65023,31110,1053,33793,31230,17473,16320,20818,10412,31109,1,9327,21782,1,0,2,1051,0,2,1051,0,1698604,2137133,586359,1112245,894279,1242854,n227,false,0.7490690921418964,0.7896774116219453,0,3141,false,501,4,0.5890693253033549,0.627611914809818,null
398481,3932923,369540,2944,25997,315266,54274,1763,0,18661,7336,55689,259577,12608,42847,6,0,10806,7855,4,7332,97186,3835737,65023,31110,1053,33793,31230,17473,16320,20818,10412,31109,1,9327,21782,1,0,2,1051,0,2,1051,0,1698604,2137133,586359,1112245,894279,1242854,n231,false,0.9425078058091848,0.9050642525170385,0,2716,false,501,4,0.4529939738000774,0.38190564961263385,null
398481,3932923,369540,2944,25997,315266,54274,1763,0,18661,7336,55689,259577,12608,42847,6,0,10806,7855,4,7332,97186,3835737,65023,31110,1053,33793,31230,17473,16320,20818,10412,31109,1,9327,21782,1,0,2,1051,0,2,1051,0,1698604,2137133,586359,1112245,894279,1242854,n232,false,0.6311378762395894,0.5435993214132495,0,19506,false,501,2,0.4021808997619318,0.5073988640904806,null
398481,3932923,369540,2944,25997,315266,54274,1763,0,18661,7336,55689,259577,12608,42847,6,0,10806,7855,4,7332,97186,3835737,65023,31110,1053,33793,31230,17473,16320,20818,10412,31109,1,9327,21782,1,0,2,1051,0,2,1051,0,1698604,2137133,586359,1112245,894279,1242854,n236,false,0.42780419126694047,0.38396579246806417,0,6746,false,501,2,0.06806374590669867,0.3602979664907451,null
398481,3932923,369540,2944,25997,315266,54274,1763,0,18661,7336,55689,259577,12608,42847,6,0,10806,7855,4,7332,97186,3835737,65023,31110,1053,33793,31230,17473,16320,20818,10412,31109,1,9327,21782,1,0,2,1051,0,2,1051,0,1698604,2137133,586359,1112245,894279,1242854,n240,false,0.9679563018987173,0.8526409944401955,0,947,false,503,8,0.36281939132043617,0.6030613056562107,null
398481,3932923,369540,2944,25997,315266,54274,1763,0,18661,7336,55689,259577,12608,42847,6,0,10806,7855,4,7332,97186,3835737,65023,31110,1053,33793,31230,17473,16320,20818,10412,31109,1,9327,21782,1,0,2,1051,0,2,1051,0,1698604,2137133,586359,1112245,894279,1242854,n242,false,0.6199791943512389,0.6361630201016543,0,18159,false,500,1,0.4769598650307638,0.2523504264099077,null
398481,3932923,369540,2944,25997,315266,54274,1763,0,18661,7336,55689,259577,12608,42847,6,0,10806,7855,4,7332,97186,3835737,65023,31110,1053,33793,31230,17473,16320,20818,10412,31109,1,9327,21782,1,0,2,1051,0,2,1051,0,1698604,2137133,586359,1112245,894279,1242854,n244,false,0.4868870949531991,0.5962337191377807,0,8927,false,502,5,0.5391706996690498,0.6957862544178423,null
398481,3932923,369540,2944,25997,315266,54274,1763,0,18661,7336,55689,259577,12608,42847,6,0,10806,7855,4,7332,97186,3835737,65023,31110,1053,33793,31230,17473,16320,20818,10412,31109,1,9327,21782,1,0,2,1051,0,2,1051,0,1698604,2137133,586359,1112245,894279,1242854,n246,false,0.9999978779216251,0.5308132096526339,0,17471,false,501,4,0.3450737915319737,0.5408514262115841,null
398481,3932923,369540,2944,25997,315266,54274,1763,0,18661,7336,55689,259577,12608,42847,6,0,10806,7855,4,7332,97186,3835737,65023,31110,1053,33793,31230,17473,16320,20818,10412,31109,1,9327,21782,1,0,2,1051,0,2,1051,0,1698604,2137133,586359,1112245,894279,1242854,n247,false,0.6746653663335122,0.6576163730516773,0,6467,false,502,4,0.965025036416464,0.6938812195351587,null
398481,3932923,369540,2944,25997,315266,54274,1763,0,18661,7336,55689,259577,12608,42847,6,0,10806,7855,4,7332,97186,3835737,65023,31110,1053,33793,31230,17473,16320,20818,10412,31109,1,9327,21782,1,0,2,1051,0,2,1051,0,1698604,2137133,586359,1112245,894279,1242854,n250,false,0.1871451294103002,0.6634008959898412,0,7721,false,502,8,0.1587482167829723,0.3395673089837816,null
398481,3932923,369540,2944,25997,315266,54274,1763,0,18661,7336,55689,259577,12608,42847,6,0,10806,7855,4,7332,97186,3835737,65023,31110,1053,33793,31230,17473,16320,20818,10412,31109,1,9327,21782,1,0,2,1051,0,2,1051,0,1698604,2137133,586359,1112245,894279,1242854,n254,false,0.3688294549694743,0.5794189470826695,0,22099,false,500,0,0.5655834234255578,0.3783375348860447,null
398481,3932923,369540,2944,25997,315266,54274,1763,0,18661,7336,55689,259577,12608,42847,6,0,10806,7855,4,7332,97186,3835737,65023,31110,1053,33793,31230,17473,16320,20818,10412,31109,1,9327,21782,1,0,2,1051,0,2,1051,0,1698604,2137133,586359,1112245,894279,1242854,n255,false,0.1222694244778821,0.5301155513921446,0,22099,false,500,0,0.7011034624275012,0.7848850197915525,null
398481,3932923,369540,2944,25997,315266,54274,1763,0,18661,7336,55689,259577,12608,42847,6,0,10806,7855,4,7332,97186,3835737,65023,31110,1053,33793,31230,17473,16320,20818,10412,31109,1,9327,21782,1,0,2,1051,0,2,1051,0,1698604,2137133,586359,1112245,894279,1242854,n256,false,0.051351503953450305,0.4161437474214315,0,20673,false,501,2,0.727854367258614,0.788088845537155,null
398481,3932923,369540,2944,25997,315266,54274,1763,0,18661,7336,55689,259577,12608,42847,6,0,10806,7855,4,7332,97186,3835737,65023,31110,1053,33793,31230,17473,16320,20818,10412,31109,1,9327,21782,1,0,2,1051,0,2,1051,0,1698604,2137133,586359,1112245,894279,1242854,n261,false,0.31503312502259445,0.698104548986913,0,2905,false,506,12,0.945734526325325,0.14614461731947392,null
398481,3932923,369540,2944,25997,315266,54274,1763,0,18661,7336,55689,259577,12608,42847,6,0,10806,7855,4,7332,97186,3835737,65023,31110,1053,33793,31230,17473,16320,20818,10412,31109,1,9327,21782,1,0,2,1051,0,2,1051,0,1698604,2137133,586359,1112245,894279,1242854,n266,true,0.806119855997521,0.959338157481257,0,5196,false,500,1,0.9045230536450523,0.6649659142847693,null
398481,3932923,369540,2944,25997,315266,54274,1763,0,18661,7336,55689,259577,12608,42847,6,0,10806,7855,4,7332,97186,3835737,65023,31110,1053,33793,31230,17473,16320,20818,10412,31109,1,9327,21782,1,0,2,1051,0,2,1051,0,1698604,2137133,586359,1112245,894279,1242854,n267,false,0.23094669441564922,0.5922577640676502,0,3838,false,503,7,0.6315056619344931,0.2858134242182867,null
398481,3932923,369540,2944,25997,315266,54274,1763,0,18661,7336,55689,259577,12608,42847,6,0,10806,7855,4,7332,97186,3835737,65023,31110,1053,33793,31230,17473,16320,20818,10412,31109,1,9327,21782,1,0,2,1051,0,2,1051,0,1698604,2137133,586359,1112245,894279,1242854,n273,false,0.45445797116130154,0.8826869090512035,0,8339,false,501,2,0.34419848249222684,0.7925193632313947,null
398481,3932923,369540,2944,25997,315266,54274,1763,0,18661,7336,55689,259577,12608,42847,6,0,10806,7855,4,7332,97186,3835737,65023,31110,1053,33793,31230,17473,16320,20818,10412,31109,1,9327,21782,1,0,2,1051,0,2,1051,0,1698604,2137133,586359,1112245,894279,1242854,n274,false,0.5247795805125659,0.7685404778219884,0,4784,false,502,4,0.2156739952399951,0.7055876013285065,null
398481,3932923,369540,2944,25997,315266,54274,1763,0,18661,7336,55689,259577,12608,42847,6,0,10806,7855,4,7332,97186,3835737,65023,31110,1053,33793,31230,17473,16320,20818,10412,31109,1,9327,21782,1,0,2,1051,0,2,1051,0,1698604,2137133,586359,1112245,894279,1242854,n275,false,0.6008588416207833,0.562392135157726,0,14775,false,502,4,0.13277611537062017,0.9628014497612124,null
398481,3932923,369540,2944,25997,315266,54274,1763,0,18661,7336,55689,259577,12608,42847,6,0,10806,7855,4,7332,97186,3835737,65023,31110,1053,33793,31230,17473,16320,20818,10412,31109,1,9327,21782,1,0,2,1051,0,2,1051,0,1698604,2137133,586359,1112245,894279,1242854,n276,false,0.45051819890308775,0.8338031149395346,0,22099,false,500,0,0.7413042541696848,0.4658740743927722,null
398481,3932923,369540,2944,25997,315266,54274,1763,0,18661,7336,55689,259577,12608,42847,6,0,10806,7855,4,7332,97186,3835737,65023,31110,1053,33793,31230,17473,16320,20818,10412,31109,1,9327,21782,1,0,2,1051,0,2,1051,0,1698604,2137133,586359,1112245,894279,1242854,n278,false,0.07053067872174071,0.48588110173202276,0,771,false,504,10,0.4494597952686611,0.19242134630556185,null
398481,3932923,369540,2944,25997,315266,54274,1763,0,18661,7336,55689,259577,12608,42847,6,0,10806,7855,4,7332,97186,3835737,65023,31110,1053,33793,31230,17473,16320,20818,10412,31109,1,9327,21782,1,0,2,1051,0,2,1051,0,1698604,2137133,586359,1112245,894279,1242854,n279,false,0.9073835059486073,0.7688647347118855,0,17514,false,501,2,0.183842715616215,0.4102871748950908,null
398481,3932923,369540,2944,25997,315266,54274,1763,0,18661,7336,55689,259577,12608,42847,6,0,10806,7855,4,7332,97186,3835737,65023,31110,1053,33793,31230,17473,16320,20818,10412,31109,1,9327,21782,1,0,2,1051,0,2,1051,0,1698604,2137133,586359,1112245,894279,1242854,n283,false,0.5183052678820603,0.450726580891438,0,3053,false,505,11,0.780456243568221,0.7846781651017639,null
398481,3932923,369540,2944,25997,315266,54274,1763,0,18661,7336,55689,259577,12608,42847,6,0,10806,7855,4,7332,97186,3835737,65023,31110,1053,33793,31230,17473,16320,20818,10412,31109,1,9327,21782,1,0,2,1051,0,2,1051,0,1698604,2137133,586359,1112245,894279,1242854,n287,false,0.722769754735656,0.5331199352011853,0,22099,false,500,0,0.5588548837466345,0.6053854003899061,null
398481,3932923,369540,2944,25997,315266,54274,1763,0,18661,7336,55689,259577,12608,42847,6,0,10806,7855,4,7332,97186,3835737,65023,31110,1053,33793,31230,17473,16320,20818,10412,31109,1,9327,21782,1,0,2,1051,0,2,1051,0,1698604,2137133,586359,1112245,894279,1242854,n289,false,0.2041962381622904,0.846114532927343,0,22099,false,500,0,0.39408663982984365,0.269046345004881,null
398481,3932923,369540,2944,25997,315266,54274,1763,0,18661,7336,55689,259577,12608,42847,6,0,10806,7855,4,7332,97186,3835737,65023,31110,1053,33793,31230,17473,16320,20818,10412,31109,1,9327,21782,1,0,2,1051,0,2,1051,0,1698604,2137133,586359,1112245,894279,1242854,n290,false,0.22743325997320446,0.5655229474433465,0,11799,false,502,4,0.09066755739106247,0.9616216583436319,null
398481,3932923,369540,2944,25997,315266,54274,1763,0,18661,7336,55689,259577,12608,42847,6,0,10806,7855,4,7332,97186,3835737,65023,31110,1053,33793,31230,17473,16320,20818,10412,31109,1,9327,21782,1,0,2,1051,0,2,1051,0,1698604,2137133,586359,1112245,894279,1242854,n291,false,0.08442510094331673,0.8319703408322697,0,13912,false,501,2,0.5206758150249008,0.39327544936389913,null
398481,3932923,369540,2944,25997,315266,54274,1763,0,18661,7336,55689,259577,12608,42847,6,0,10806,7855,4,7332,97186,3835737,65023,31110,1053,33793,31230,17473,16320,20818,10412,31109,1,9327,21782,1,0,2,1051,0,2,1051,0,1698604,2137133,586359,1112245,894279,1242854,n295,false,0.9562584993908364,0.6454183031847034,0,629,false,502,6,0.23294950864550046,0.561385513110991,null
398481,3932923,369540,2944,25997,315266,54274,1763,0,18661,7336,55689,259577,12608,42847,6,0,10806,7855,4,7332,97186,3835737,65023,31110,1053,33793,31230,17473,16320,20818,10412,31109,1,9327,21782,1,0,2,1051,0,2,1051,0,1698604,2137133,586359,1112245,894279,1242854,n296,false,0.0220326452966849,0.5924580040128327,0,8336,false,506,12,0.7820749513680019,0.5162290791393496,null
398481,3932923,369540,2944,25997,315266,54274,1763,0,18661,7336,55689,259577,12608,42847,6,0,10806,7855,4,7332,97186,3835737,65023,31110,1053,33793,31230,17473,16320,20818,10412,31109,1,9327,21782,1,0,2,1051,0,2,1051,0,1698604,2137133,586359,1112245,894279,1242854,n297,false,0.9999957760865543,0.5298737025377699,0,7064,false,502,4,0.03676210114308193,0.8747297387271331,null
398481,3932923,369540,2944,25997,315266,54274,1763,0,18661,7336,55689,259577,12608,42847,6,0,10806,7855,4,7332,97186,3835737,65023,31110,1053,33793,31230,17473,16320,20818,10412,31109,1,9327,21782,1,0,2,1051,0,2,1051,0,1698604,2137133,586359,1112245,894279,1242854,n298,false,0.08582856397831139,0.752014927638804,0,22099,false,500,0,0.3703565208530286,0.865860628078848,null
398481,3932923,369540,2944,25997,315266,54274,1763,0,18661,7336,55689,259577,12608,42847,6,0,10806,7855,4,7332,97186,3835737,65023,31110,1053,33793,31230,17473,16320,20818,10412,31109,1,9327,21782,1,0,2,1051,0,2,1051,0,1698604,2137133,586359,1112245,894279,1242854,n303,false,0.9999992226946053,0.6516628179752664,0,9005,false,503,6,0.4407637917839315,0.9294349803125972,null
398481,3932923,369540,2944,25997,315266,54274,1763,0,18661,7336,55689,259577,12608,42847,6,0,10806,7855,4,7332,97186,3835737,65023,31110,1053,33793,31230,17473,16320,20818,10412,31109,1,9327,21782,1,0,2,1051,0,2,1051,0,1698604,2137133,586359,1112245,894279,1242854,n307,false,0.7061426503395499,0.3932790360621328,0,9599,false,501,2,0.739234984614906,0.6609815375068789,null
398481,3932923,369540,2944,25997,315266,54274,1763,0,18661,7336,55689,259577,12608,42847,6,0,10806,7855,4,7332,97186,3835737,65023,31110,1053,33793,31230,17473,16320,20818,10412,31109,1,9327,21782,1,0,2,1051,0,2,1051,0,1698604,2137133,586359,1112245,894279,1242854,n311,true,0.46896252693109636,0.9133639639773894,0,11442,false,501,3,0.7002130698787379,0.7397362978758772,null
398481,3932923,369540,2944,25997,315266,54274,1763,0,18661,7336,55689,259577,12608,42847,6,0,10806,7855,4,7332,97186,3835737,65023,31110,1053,33793,31230,17473,16320,20818,10412,31109,1,9327,21782,1,0,2,1051,0,2,1051,0,1698604,2137133,586359,1112245,894279,1242854,n312,false,0.0701555303496879,0.678390923781159,0,8339,false,503,6,0.657358225520886,0.5773371047649191,null
398481,3932923,369540,2944,25997,315266,54274,1763,0,18661,7336,55689,259577,12608,42847,6,0,10806,7855,4,7332,97186,3835737,65023,31110,1053,33793,31230,17473,16320,20818,10412,31109,1,9327,21782,1,0,2,1051,0,2,1051,0,1698604,2137133,586359,1112245,894279,1242854,n315,true,0.1529817417973017,0.9456063978248889,0,7677,false,504,10,0.12302848716406595,0.653271628349095,null
398481,3932923,369540,2944,25997,315266,54274,1763,0,18661,7336,55689,259577,12608,42847,6,0,10806,7855,4,7332,97186,3835737,65023,31110,1053,33793,31230,17473,16320,20818,10412,31109,1,9327,21782,1,0,2,1051,0,2,1051,0,1698604,2137133,586359,1112245,894279,1242854,n319,false,0.4172872725243044,0.7083825610144212,0,2141,false,502,4,0.39115814077571165,0.8581224301094004,null
398481,3932923,369540,2944,25997,315266,54274,1763,0,18661,7336,55689,259577,12608,42847,6,0,10806,7855,4,7332,97186,3835737,65023,31110,1053,33793,31230,17473,16320,20818,10412,31109,1,9327,21782,1,0,2,1051,0,2,1051,0,1698604,2137133,586359,1112245,894279,1242854,n322,true,0.17913593369474998,0.8990299340568311,0,13675,false,501,3,0.008806342633513653,0.7737546257680542,null
398481,3932923,369540,2944,25997,315266,54274,1763,0,18661,7336,55689,259577,12608,42847,6,0,10806,7855,4,7332,97186,3835737,65023,31110,1053,33793,31230,17473,16320,20818,10412,31109,1,9327,21782,1,0,2,1051,0,2,1051,0,1698604,2137133,586359,1112245,894279,1242854,n323,false,0.8538825747041182,0.4909576023895596,0,7112,false,501,2,0.5175647152534532,0.9612104030901678,null
398481,3932923,369540,2944,25997,315266,54274,1763,0,18661,7336,55689,259577,12608,42847,6,0,10806,7855,4,7332,97186,3835737,65023,31110,1053,33793,31230,17473,16320,20818,10412,31109,1,9327,21782,1,0,2,1051,0,2,1051,0,1698604,2137133,586359,1112245,894279,1242854,n328,false,0.5742639686540496,0.46833253568734123,0,22098,false,500,1,0.5107648450418514,0.9873021601539053,null
398481,3932923,369540,2944,25997,315266,54274,1763,0,18661,7336,55689,259577,12608,42847,6,0,10806,7855,4,7332,97186,3835737,65023,31110,1053,33793,31230,17473,16320,20818,10412,31109,1,9327,21782,1,0,2,1051,0,2,1051,0,1698604,2137133,586359,1112245,894279,1242854,n330,false,0.5477334179555262,0.5594476565784882,0,10328,false,501,2,0.03008456100742829,0.7393944226131263,null
398481,3932923,369540,2944,25997,315266,54274,1763,0,18661,7336,55689,259577,12608,42847,6,0,10806,7855,4,7332,97186,3835737,65023,31110,1053,33793,31230,17473,16320,20818,10412,31109,1,9327,21782,1,0,2,1051,0,2,1051,0,1698604,2137133,586359,1112245,894279,1242854,n334,true,0.5556369337342514,0.873983048119277,0,8396,false,500,3,0.29331151023406726,0.945055689727362,null
398481,3932923,369540,2944,25997,315266,54274,1763,0,18661,7336,55689,259577,12608,42847,6,0,10806,7855,4,7332,97186,3835737,65023,31110,1053,33793,31230,17473,16320,20818,10412,31109,1,9327,21782,1,0,2,1051,0,2,1051,0,1698604,2137133,586359,1112245,894279,1242854,n336,false,0.7103165087634221,0.7519137880499579,0,1700,false,503,6,0.4821586169273337,0.6774344919852218,null
398481,3932923,369540,2944,25997,315266,54274,1763,0,18661,7336,55689,259577,12608,42847,6,0,10806,7855,4,7332,97186,3835737,65023,31110,1053,33793,31230,17473,16320,20818,10412,31109,1,9327,21782,1,0,2,1051,0,2,1051,0,1698604,2137133,586359,1112245,894279,1242854,n340,false,0.6804525957897674,0.6077895963277195,0,10249,false,504,10,0.44160629495144077,0.710502570956199,null
398481,3932923,369540,2944,25997,315266,54274,1763,0,18661,7336,55689,259577,12608,42847,6,0,10806,7855,4,7332,97186,3835737,65023,31110,1053,33793,31230,17473,16320,20818,10412,31109,1,9327,21782,1,0,2,1051,0,2,1051,0,1698604,2137133,586359,1112245,894279,1242854,n342,false,0.8405387141695133,0.6542201326168098,0,8339,false,503,8,0.7933625137102159,0.5917813313127359,null
398481,3932923,369540,2944,25997,315266,54274,1763,0,18661,7336,55689,259577,12608,42847,6,0,10806,7855,4,7332,97186,3835737,65023,31110,1053,33793,31230,17473,16320,20818,10412,31109,1,9327,21782,1,0,2,1051,0,2,1051,0,1698604,2137133,586359,1112245,894279,1242854,n346,false,0.8204816147182445,0.9626397696358517,0,1653,false,501,4,0.031045487605653843,0.18465385732483502,null
398481,3932923,369540,2944,25997,315266,54274,1763,0,18661,7336,55689,259577,12608,42847,6,0,10806,7855,4,7332,97186,3835737,65023,31110,1053,33793,31230,17473,16320,20818,10412,31109,1,9327,21782,1,0,2,1051,0,2,1051,0,1698604,2137133,586359,1112245,894279,1242854,n347,false,0.17152873850635791,0.7992117418523728,0,12018,false,501,2,0.8478211961945646,0.4238704331501578,null
398481,3932923,369540,2944,25997,315266,54274,1763,0,18661,7336,55689,259577,12608,42847,6,0,10806,7855,4,7332,97186,3835737,65023,31110,1053,33793,31230,17473,16320,20818,10412,31109,1,9327,21782,1,0,2,1051,0,2,1051,0,1698604,2137133,586359,1112245,894279,1242854,n350,false,0.48566209000601873,0.7294720222379705,0,8040,false,500,2,0.5004653837328762,0.8561535380715988,null
398481,3932923,369540,2944,25997,315266,54274,1763,0,18661,7336,55689,259577,12608,42847,6,0,10806,7855,4,7332,97186,3835737,65023,31110,1053,33793,31230,17473,16320,20818,10412,31109,1,9327,21782,1,0,2,1051,0,2,1051,0,1698604,2137133,586359,1112245,894279,1242854,n351,true,0.39688745543998427,0.904691036616672,0,9009,false,502,5,0.13536365905467113,0.967159802994153,null
398481,3932923,369540,2944,25997,315266,54274,1763,0,18661,7336,55689,259577,12608,42847,6,0,10806,7855,4,7332,97186,3835737,65023,31110,1053,33793,31230,17473,16320,20818,10412,31109,1,9327,21782,1,0,2,1051,0,2,1051,0,1698604,2137133,586359,1112245,894279,1242854,n361,false,0.44164161271176994,0.6737966548988231,0,14669,false,501,2,0.4407533618060482,0.8800053754391355,null
398481,3932923,369540,2944,25997,315266,54274,1763,0,18661,7336,55689,259577,12608,42847,6,0,10806,7855,4,7332,97186,3835737,65023,31110,1053,33793,31230,17473,16320,20818,10412,31109,1,9327,21782,1,0,2,1051,0,2,1051,0,1698604,2137133,586359,1112245,894279,1242854,n363,false,0.05059473862771959,0.5255898259401581,0,13051,false,504,8,0.39389963484522916,0.9360260461656795,null
398481,3932923,369540,2944,25997,315266,54274,1763,0,18661,7336,55689,259577,12608,42847,6,0,10806,7855,4,7332,97186,3835737,65023,31110,1053,33793,31230,17473,16320,20818,10412,31109,1,9327,21782,1,0,2,1051,0,2,1051,0,1698604,2137133,586359,1112245,894279,1242854,n367,true,0.5710973137623983,0.8129051166756505,0,4613,false,501,3,0.04422265809902687,0.4055985167976581,null
398481,3932923,369540,2944,25997,315266,54274,1763,0,18661,7336,55689,259577,12608,42847,6,0,10806,7855,4,7332,97186,3835737,65023,31110,1053,33793,31230,17473,16320,20818,10412,31109,1,9327,21782,1,0,2,1051,0,2,1051,0,1698604,2137133,586359,1112245,894279,1242854,n371,true,0.2877959348901045,0.8476777053972349,0,8708,false,500,1,0.5686637933203663,0.6548516707600839,null
398481,3932923,369540,2944,25997,315266,54274,1763,0,18661,7336,55689,259577,12608,42847,6,0,10806,7855,4,7332,97186,3835737,65023,31110,1053,33793,31230,17473,16320,20818,10412,31109,1,9327,21782,1,0,2,1051,0,2,1051,0,1698604,2137133,586359,1112245,894279,1242854,n372,false,0.8121307479627237,0.7983510348524812,0,4192,false,501,2,0.4755349088779074,0.8300201312969053,null
398481,3932923,369540,2944,25997,315266,54274,1763,0,18661,7336,55689,259577,12608,42847,6,0,10806,7855,4,7332,97186,3835737,65023,31110,1053,33793,31230,17473,16320,20818,10412,31109,1,9327,21782,1,0,2,1051,0,2,1051,0,1698604,2137133,586359,1112245,894279,1242854,n373,false,0.999996065422283,0.8119735235643616,0,9306,false,500,2,0.5122104033885687,0.4531288432264805,null
398481,3932923,369540,2944,25997,315266,54274,1763,0,18661,7336,55689,259577,12608,42847,6,0,10806,7855,4,7332,97186,3835737,65023,31110,1053,33793,31230,17473,16320,20818,10412,31109,1,9327,21782,1,0,2,1051,0,2,1051,0,1698604,2137133,586359,1112245,894279,1242854,n377,false,0.21368612685009847,0.744514158246841,0,1952,false,641,666,0.6875367197314719,0.7404307214260434,null
398481,3932923,369540,2944,25997,315266,54274,1763,0,18661,7336,55689,259577,12608,42847,6,0,10806,7855,4,7332,97186,3835737,65023,31110,1053,33793,31230,17473,16320,20818,10412,31109,1,9327,21782,1,0,2,1051,0,2,1051,0,1698604,2137133,586359,1112245,894279,1242854,n378,true,0.8190538570272723,0.9232498255658972,0,2123,false,502,5,0.43750588231382503,0.9820008046591631,null
398481,3932923,369540,2944,25997,315266,54274,1763,0,18661,7336,55689,259577,12608,42847,6,0,10806,7855,4,7332,97186,3835737,65023,31110,1053,33793,31230,17473,16320,20818,10412,31109,1,9327,21782,1,0,2,1051,0,2,1051,0,1698604,2137133,586359,1112245,894279,1242854,n387,false,0.15650070111091197,0.8079335556694368,0,2722,false,501,2,0.3528288190489358,0.5299489764819828,null
398481,3932923,369540,2944,25997,315266,54274,1763,0,18661,7336,55689,259577,12608,42847,6,0,10806,7855,4,7332,97186,3835737,65023,31110,1053,33793,31230,17473,16320,20818,10412,31109,1,9327,21782,1,0,2,1051,0,2,1051,0,1698604,2137133,586359,1112245,894279,1242854,n390,false,0.5064753835850868,0.671377803731401,0,20138,false,501,2,0.6273604041205494,0.6649164965187703,null
398481,3932923,369540,2944,25997,315266,54274,1763,0,18661,7336,55689,259577,12608,42847,6,0,10806,7855,4,7332,97186,3835737,65023,31110,1053,33793,31230,17473,16320,20818,10412,31109,1,9327,21782,1,0,2,1051,0,2,1051,0,1698604,2137133,586359,1112245,894279,1242854,n395,false,0.8030339327408754,0.5218706832248254,0,8075,false,502,4,0.3418245795173784,0.5415687118872972,null
398481,3932923,369540,2944,25997,315266,54274,1763,0,18661,7336,55689,259577,12608,42847,6,0,10806,7855,4,7332,97186,3835737,65023,31110,1053,33793,31230,17473,16320,20818,10412,31109,1,9327,21782,1,0,2,1051,0,2,1051,0,1698604,2137133,586359,1112245,894279,1242854,n398,false,0.0076353132412512546,0.6637146883829768,0,22098,false,500,1,0.6742916019168679,0.5627494537735184,null
398481,3932923,369540,2944,25997,315266,54274,1763,0,18661,7336,55689,259577,12608,42847,6,0,10806,7855,4,7332,97186,3835737,65023,31110,1053,33793,31230,17473,16320,20818,10412,31109,1,9327,21782,1,0,2,1051,0,2,1051,0,1698604,2137133,586359,1112245,894279,1242854,n399,false,0.06363138117875304,0.46650327628919486,0,2787,false,502,4,0.3732258806630647,0.9666404649004724,null
398481,3932923,369540,2944,25997,315266,54274,1763,0,18661,7336,55689,259577,12608,42847,6,0,10806,7855,4,7332,97186,3835737,65023,31110,1053,33793,31230,17473,16320,20818,10412,31109,1,9327,21782,1,0,2,1051,0,2,1051,0,1698604,2137133,586359,1112245,894279,1242854,n403,true,0.07691104501466313,0.8234796073242043,0,14562,false,501,3,0.6295804581442878,0.8582870284428741,null
398481,3932923,369540,2944,25997,315266,54274,1763,0,18661,7336,55689,259577,12608,42847,6,0,10806,7855,4,7332,97186,3835737,65023,31110,1053,33793,31230,17473,16320,20818,10412,31109,1,9327,21782,1,0,2,1051,0,2,1051,0,1698604,2137133,586359,1112245,894279,1242854,n406,false,0.2087091686140546,0.6401158774794073,0,10505,false,502,5,0.4415077672480725,0.7685105032989805,null
398481,3932923,369540,2944,25997,315266,54274,1763,0,18661,7336,55689,259577,12608,42847,6,0,10806,7855,4,7332,97186,3835737,65023,31110,1053,33793,31230,17473,16320,20818,10412,31109,1,9327,21782,1,0,2,1051,0,2,1051,0,1698604,2137133,586359,1112245,894279,1242854,n414,true,0.2688418845032743,0.706651275171924,0,2124,false,500,1,0.8945329529408046,0.7624545159794143,null
398481,3932923,369540,2944,25997,315266,54274,1763,0,18661,7336,55689,259577,12608,42847,6,0,10806,7855,4,7332,97186,3835737,65023,31110,1053,33793,31230,17473,16320,20818,10412,31109,1,9327,21782,1,0,2,1051,0,2,1051,0,1698604,2137133,586359,1112245,894279,1242854,n415,false,0.7420063994889273,0.6538915357345602,0,587,false,501,2,0.6921674531059644,0.9132789451279076,null
398481,3932923,369540,2944,25997,315266,54274,1763,0,18661,7336,55689,259577,12608,42847,6,0,10806,7855,4,7332,97186,3835737,65023,31110,1053,33793,31230,17473,16320,20818,10412,31109,1,9327,21782,1,0,2,1051,0,2,1051,0,1698604,2137133,586359,1112245,894279,1242854,n417,false,0.3145172837251218,0.5639324765740248,0,706,false,504,10,0.6186619279972331,0.2459808741378527,null
398481,3932923,369540,2944,25997,315266,54274,1763,0,18661,7336,55689,259577,12608,42847,6,0,10806,7855,4,7332,97186,3835737,65023,31110,1053,33793,31230,17473,16320,20818,10412,31109,1,9327,21782,1,0,2,1051,0,2,1051,0,1698604,2137133,586359,1112245,894279,1242854,n419,false,0.3361138061011039,0.7084358076325086,0,20153,false,500,2,0.2751682603121339,0.9548368462643653,null
398481,3932923,369540,2944,25997,315266,54274,1763,0,18661,7336,55689,259577,12608,42847,6,0,10806,7855,4,7332,97186,3835737,65023,31110,1053,33793,31230,17473,16320,20818,10412,31109,1,9327,21782,1,0,2,1051,0,2,1051,0,1698604,2137133,586359,1112245,894279,1242854,n422,false,0.09465994784493595,0.5864579925517522,0,3817,false,556,186,0.8219266783910335,0.40422967103830754,null
398481,3932923,369540,2944,25997,315266,54274,1763,0,18661,7336,55689,259577,12608,42847,6,0,10806,7855,4,7332,97186,3835737,65023,31110,1053,33793,31230,17473,16320,20818,10412,31109,1,9327,21782,1,0,2,1051,0,2,1051,0,1698604,2137133,586359,1112245,894279,1242854,n424,false,0.9385984715546785,0.9814777463888431,0,22098,false,500,1,0.5017057861531299,0.6026100497194137,null
398481,3932923,369540,2944,25997,315266,54274,1763,0,18661,7336,55689,259577,12608,42847,6,0,10806,7855,4,7332,97186,3835737,65023,31110,1053,33793,31230,17473,16320,20818,10412,31109,1,9327,21782,1,0,2,1051,0,2,1051,0,1698604,2137133,586359,1112245,894279,1242854,n425,false,0.7481134298477192,0.5114945832241089,0,14407,false,501,4,0.7408332559575208,0.43252071092805666,null
398481,3932923,369540,2944,25997,315266,54274,1763,0,18661,7336,55689,259577,12608,42847,6,0,10806,7855,4,7332,97186,3835737,65023,31110,1053,33793,31230,17473,16320,20818,10412,31109,1,9327,21782,1,0,2,1051,0,2,1051,0,1698604,2137133,586359,1112245,894279,1242854,n429,false,0.02058131886938281,0.4536248465245639,0,2238,false,504,8,0.19767999684901472,0.34085162042354206,null
398481,3932923,369540,2944,25997,315266,54274,1763,0,18661,7336,55689,259577,12608,42847,6,0,10806,7855,4,7332,97186,3835737,65023,31110,1053,33793,31230,17473,16320,20818,10412,31109,1,9327,21782,1,0,2,1051,0,2,1051,0,1698604,2137133,586359,1112245,894279,1242854,n432,false,0.22879216463524862,0.8759579473252637,0,5552,false,502,4,0.11968968182860434,0.37723872181405765,null
398481,3932923,369540,2944,25997,315266,54274,1763,0,18661,7336,55689,259577,12608,42847,6,0,10806,7855,4,7332,97186,3835737,65023,31110,1053,33793,31230,17473,16320,20818,10412,31109,1,9327,21782,1,0,2,1051,0,2,1051,0,1698604,2137133,586359,1112245,894279,1242854,n433,false,0.9999980946226197,0.6952432207875855,0,2188,false,503,7,0.5358164111396453,0.8307030426977562,null
398481,3932923,369540,2944,25997,315266,54274,1763,0,18661,7336,55689,259577,12608,42847,6,0,10806,7855,4,7332,97186,3835737,65023,31110,1053,33793,31230,17473,16320,20818,10412,31109,1,9327,21782,1,0,2,1051,0,2,1051,0,1698604,2137133,586359,1112245,894279,1242854,n434,true,0.6442899568934842,0.7288342441868327,0,10897,false,500,3,0.35375159735361994,0.8967582543775952,null
398481,3932923,369540,2944,25997,315266,54274,1763,0,18661,7336,55689,259577,12608,42847,6,0,10806,7855,4,7332,97186,3835737,65023,31110,1053,33793,31230,17473,16320,20818,10412,31109,1,9327,21782,1,0,2,1051,0,2,1051,0,1698604,2137133,586359,1112245,894279,1242854,n437,false,0.12010826403875895,0.910993071766485,0,4464,false,502,5,0.2502067190159453,0.9262868619785822,null
398481,3932923,369540,2944,25997,315266,54274,1763,0,18661,7336,55689,259577,12608,42847,6,0,10806,7855,4,7332,97186,3835737,65023,31110,1053,33793,31230,17473,16320,20818,10412,31109,1,9327,21782,1,0,2,1051,0,2,1051,0,1698604,2137133,586359,1112245,894279,1242854,n439,false,0.1111795598454581,0.4402111894418519,0,5318,false,503,6,0.8773506243957976,0.8000991151358952,null
398481,3932923,369540,2944,25997,315266,54274,1763,0,18661,7336,55689,259577,12608,42847,6,0,10806,7855,4,7332,97186,3835737,65023,31110,1053,33793,31230,17473,16320,20818,10412,31109,1,9327,21782,1,0,2,1051,0,2,1051,0,1698604,2137133,586359,1112245,894279,1242854,n444,false,0.32379422189145834,0.7492556174045889,0,2910,false,501,4,0.41966039163716246,0.8395254988764946,null
398481,3932923,369540,2944,25997,315266,54274,1763,0,18661,7336,55689,259577,12608,42847,6,0,10806,7855,4,7332,97186,3835737,65023,31110,1053,33793,31230,17473,16320,20818,10412,31109,1,9327,21782,1,0,2,1051,0,2,1051,0,1698604,2137133,586359,1112245,894279,1242854,n448,false,0.9738499314539809,0.8964322267424065,0,2478,false,504,9,0.7942598103901766,0.7367830698762994,null
398481,3932923,369540,2944,25997,315266,54274,1763,0,18661,7336,55689,259577,12608,42847,6,0,10806,7855,4,7332,97186,3835737,65023,31110,1053,33793,31230,17473,16320,20818,10412,31109,1,9327,21782,1,0,2,1051,0,2,1051,0,1698604,2137133,586359,1112245,894279,1242854,n449,true,0.6183709654701905,0.6173509581597424,0,366,false,501,3,0.618149678362371,0.5439006749772742,null
398481,3932923,369540,2944,25997,315266,54274,1763,0,18661,7336,55689,259577,12608,42847,6,0,10806,7855,4,7332,97186,3835737,65023,31110,1053,33793,31230,17473,16320,20818,10412,31109,1,9327,21782,1,0,2,1051,0,2,1051,0,1698604,2137133,586359,1112245,894279,1242854,n450,false,0.7787318394149272,0.8931142570999754,0,1722,false,502,4,0.0921529083803036,0.9915807051696696,null
398481,3932923,369540,2944,25997,315266,54274,1763,0,18661,7336,55689,259577,12608,42847,6,0,10806,7855,4,7332,97186,3835737,65023,31110,1053,33793,31230,17473,16320,20818,10412,31109,1,9327,21782,1,0,2,1051,0,2,1051,0,1698604,2137133,586359,1112245,894279,1242854,n452,false,0.6800084571241046,0.8801651797218486,0,9107,false,502,4,0.9936093892141393,0.3681177685012683,null
398481,3932923,369540,2944,25997,315266,54274,1763,0,18661,7336,55689,259577,12608,42847,6,0,10806,7855,4,7332,97186,3835737,65023,31110,1053,33793,31230,17473,16320,20818,10412,31109,1,9327,21782,1,0,2,1051,0,2,1051,0,1698604,2137133,586359,1112245,894279,1242854,n456,false,0.4013541717741753,0.6230088586189735,0,6836,false,502,5,0.339675029145616,0.9308195084121298,null
398481,3932923,369540,2944,25997,315266,54274,1763,0,18661,7336,55689,259577,12608,42847,6,0,10806,7855,4,7332,97186,3835737,65023,31110,1053,33793,31230,17473,16320,20818,10412,31109,1,9327,21782,1,0,2,1051,0,2,1051,0,1698604,2137133,586359,1112245,894279,1242854,n458,true,0.35004736854853413,0.7524326126359113,0,4547,false,500,2,0.6154885954809874,0.2595857055848828,null
398481,3932923,369540,2944,25997,315266,54274,1763,0,18661,7336,55689,259577,12608,42847,6,0,10806,7855,4,7332,97186,3835737,65023,31110,1053,33793,31230,17473,16320,20818,10412,31109,1,9327,21782,1,0,2,1051,0,2,1051,0,1698604,2137133,586359,1112245,894279,1242854,n463,false,0.7920634856703966,0.5677123598801092,0,9885,false,504,9,0.06607310172440906,0.9857478989749087,null
398481,3932923,369540,2944,25997,315266,54274,1763,0,18661,7336,55689,259577,12608,42847,6,0,10806,7855,4,7332,97186,3835737,65023,31110,1053,33793,31230,17473,16320,20818,10412,31109,1,9327,21782,1,0,2,1051,0,2,1051,0,1698604,2137133,586359,1112245,894279,1242854,n464,false,0.1931496112285993,0.8930180701742341,0,5747,false,501,2,0.49640632417668007,0.3178929168044398,null
398481,3932923,369540,2944,25997,315266,54274,1763,0,18661,7336,55689,259577,12608,42847,6,0,10806,7855,4,7332,97186,3835737,65023,31110,1053,33793,31230,17473,16320,20818,10412,31109,1,9327,21782,1,0,2,1051,0,2,1051,0,1698604,2137133,586359,1112245,894279,1242854,n465,false,0.49904229550681756,0.7315088761915275,0,620,false,502,4,0.05998742563785553,0.8686301483935389,null
398481,3932923,369540,2944,25997,315266,54274,1763,0,18661,7336,55689,259577,12608,42847,6,0,10806,7855,4,7332,97186,3835737,65023,31110,1053,33793,31230,17473,16320,20818,10412,31109,1,9327,21782,1,0,2,1051,0,2,1051,0,1698604,2137133,586359,1112245,894279,1242854,n467,false,0.6488687600335029,0.8883539539247611,0,13051,false,501,2,0.8333323555937282,0.9966939431038286,null
398481,3932923,369540,2944,25997,315266,54274,1763,0,18661,7336,55689,259577,12608,42847,6,0,10806,7855,4,7332,97186,3835737,65023,31110,1053,33793,31230,17473,16320,20818,10412,31109,1,9327,21782,1,0,2,1051,0,2,1051,0,1698604,2137133,586359,1112245,894279,1242854,n468,false,0.6329181931384023,0.7815522955909899,0,1700,false,502,4,0.808287638872361,0.749770985517261,null
398481,3932923,369540,2944,25997,315266,54274,1763,0,18661,7336,55689,259577,12608,42847,6,0,10806,7855,4,7332,97186,3835737,65023,31110,1053,33793,31230,17473,16320,20818,10412,31109,1,9327,21782,1,0,2,1051,0,2,1051,0,1698604,2137133,586359,1112245,894279,1242854,n471,false,0.2995831944986586,0.4269892432737406,0,12309,false,502,5,0.25772809373656236,0.1331088407357695,null
398481,3932923,369540,2944,25997,315266,54274,1763,0,18661,7336,55689,259577,12608,42847,6,0,10806,7855,4,7332,97186,3835737,65023,31110,1053,33793,31230,17473,16320,20818,10412,31109,1,9327,21782,1,0,2,1051,0,2,1051,0,1698604,2137133,586359,1112245,894279,1242854,n473,true,0.14846123255025764,0.7501490461099705,0,912,false,505,11,0.5302946197917737,0.9143787358439972,null
398481,3932923,369540,2944,25997,315266,54274,1763,0,18661,7336,55689,259577,12608,42847,6,0,10806,7855,4,7332,97186,3835737,65023,31110,1053,33793,31230,17473,16320,20818,10412,31109,1,9327,21782,1,0,2,1051,0,2,1051,0,1698604,2137133,586359,1112245,894279,1242854,n477,false,0.2507621748035266,0.7959051320116368,0,22099,false,500,0,0.4829994322690214,0.15568316573321195,null
398481,3932923,369540,2944,25997,315266,54274,1763,0,18661,7336,55689,259577,12608,42847,6,0,10806,7855,4,7332,97186,3835737,65023,31110,1053,33793,31230,17473,16320,20818,10412,31109,1,9327,21782,1,0,2,1051,0,2,1051,0,1698604,2137133,586359,1112245,894279,1242854,n490,false,0.6739844228829011,0.7476106352613925,0,2536,false,503,6,0.5607437236239672,0.4847170765338509,null
398481,3932923,369540,2944,25997,315266,54274,1763,0,18661,7336,55689,259577,12608,42847,6,0,10806,7855,4,7332,97186,3835737,65023,31110,1053,33793,31230,17473,16320,20818,10412,31109,1,9327,21782,1,0,2,1051,0,2,1051,0,1698604,2137133,586359,1112245,894279,1242854,n491,true,0.9045530485692611,0.8136497550997464,0,409,false,502,5,0.41766706149876753,0.7645470612913537,null
398481,3932923,369540,2944,25997,315266,54274,1763,0,18661,7336,55689,259577,12608,42847,6,0,10806,7855,4,7332,97186,3835737,65023,31110,1053,33793,31230,17473,16320,20818,10412,31109,1,9327,21782,1,0,2,1051,0,2,1051,0,1698604,2137133,586359,1112245,894279,1242854,n493,false,0.6104580931302239,0.836426791618393,0,22099,false,0,0,0.61700351793559,0.8272753949417326,null
398481,3932923,369540,2944,25997,315266,54274,1763,0,18661,7336,55689,259577,12608,42847,6,0,10806,7855,4,7332,97186,3835737,65023,31110,1053,33793,31230,17473,16320,20818,10412,31109,1,9327,21782,1,0,2,1051,0,2,1051,0,1698604,2137133,586359,1112245,894279,1242854,n497,false,0.5612826372383427,0.7031488323670138,0,557,false,501,2,0.7930930473317748,0.5481658106919823,null
398481,3932923,369540,2944,25997,315266,54274,1763,0,18661,7336,55689,259577,12608,42847,6,0,10806,7855,4,7332,97186,3835737,65023,31110,1053,33793,31230,17473,16320,20818,10412,31109,1,9327,21782,1,0,2,1051,0,2,1051,0,1698604,2137133,586359,1112245,894279,1242854,n499,false,0.18880137365206925,0.28357463827887497,0,1515,false,504,8,0.8762469228532755,0.8585290141613157,null
