rtA1,rtA2,rtA1a,rtA1b,rtA1c,rtA1a1,rtA1a2,rtA1b1,rtA1b2,rtA1c1,rtA1c2,rtA1a1a,rtA1a1b,rtA1a2a,rtA1a2b,rtA1b1a,rtA1b1b,rtA1c1a,rtA1c1b,rtA1c2a,rtA1c2b,rtA2a,rtA2b,rtA2a1,rtA2a2,rtA2a3,rtA2a1A,rtA2a1B,rtA2a1A1,rtA2a1A2,rtA2a1B1,rtA2a1B2,rtA2a2A,rtA2a2B,rtA2a2A1,rtA2a2A2,rtA2a2B1,rtA2a2B2,rtA2a3A,rtA2a3B,rtA2a3A1,rtA2a3A2,rtA2a3B1,rtA2a3B2,rtA2b1,rtA2b2,rtA2b1A,rtA2b1B,rtA2b2A,rtA2b2B,id,isSmoker,willpower,health,smokedPerDay,turnsSinceLastChange,givingUp,stepsSinceGiveUp,giveUpAttempts,influenceability,sociable,$SWITCH_TABLE$simconsts$Operations
234847,3057953,205906,2944,25997,172587,33319,1763,0,18661,7336,35821,136766,10186,24314,6,0,10806,7855,4,7332,97096,2960857,65023,31071,1002,33793,31230,17473,16320,20818,10412,31070,1,9309,21761,1,0,0,1002,0,0,1002,0,1277723,1683134,441372,836351,726282,956852,n0,false,0.8456093442375673,0.746446853383712,0,9742,false,502,4,0.4980477120012749,0.4450878813640151,null
234847,3057953,205906,2944,25997,172587,33319,1763,0,18661,7336,35821,136766,10186,24314,6,0,10806,7855,4,7332,97096,2960857,65023,31071,1002,33793,31230,17473,16320,20818,10412,31070,1,9309,21761,1,0,0,1002,0,0,1002,0,1277723,1683134,441372,836351,726282,956852,n1,false,0.15374099912838327,0.7542458758323816,0,7085,false,501,2,0.24486701391518495,0.219915457707192,null
234847,3057953,205906,2944,25997,172587,33319,1763,0,18661,7336,35821,136766,10186,24314,6,0,10806,7855,4,7332,97096,2960857,65023,31071,1002,33793,31230,17473,16320,20818,10412,31070,1,9309,21761,1,0,0,1002,0,0,1002,0,1277723,1683134,441372,836351,726282,956852,n2,true,0.6309022968645944,0.8003528173131926,0,8603,false,501,3,0.4121270694795848,0.8972759475418117,null
234847,3057953,205906,2944,25997,172587,33319,1763,0,18661,7336,35821,136766,10186,24314,6,0,10806,7855,4,7332,97096,2960857,65023,31071,1002,33793,31230,17473,16320,20818,10412,31070,1,9309,21761,1,0,0,1002,0,0,1002,0,1277723,1683134,441372,836351,726282,956852,n3,false,0.008027815938662135,0.734053548110419,0,4815,false,500,2,0.5144337102074323,0.07595471670217813,null
234847,3057953,205906,2944,25997,172587,33319,1763,0,18661,7336,35821,136766,10186,24314,6,0,10806,7855,4,7332,97096,2960857,65023,31071,1002,33793,31230,17473,16320,20818,10412,31070,1,9309,21761,1,0,0,1002,0,0,1002,0,1277723,1683134,441372,836351,726282,956852,n4,false,0.8909753403155471,0.7797815630082817,0,458,false,501,2,0.3302299236162659,0.840575071327416,null
234847,3057953,205906,2944,25997,172587,33319,1763,0,18661,7336,35821,136766,10186,24314,6,0,10806,7855,4,7332,97096,2960857,65023,31071,1002,33793,31230,17473,16320,20818,10412,31070,1,9309,21761,1,0,0,1002,0,0,1002,0,1277723,1683134,441372,836351,726282,956852,n6,true,0.5175222144448782,0.8436641981430812,0,4263,false,501,3,0.8462237315786152,0.7929599181749184,null
234847,3057953,205906,2944,25997,172587,33319,1763,0,18661,7336,35821,136766,10186,24314,6,0,10806,7855,4,7332,97096,2960857,65023,31071,1002,33793,31230,17473,16320,20818,10412,31070,1,9309,21761,1,0,0,1002,0,0,1002,0,1277723,1683134,441372,836351,726282,956852,n9,false,0.4912911472462511,0.3467547303406848,0,4297,false,504,8,0.6984883332339332,0.36557837127056514,null
234847,3057953,205906,2944,25997,172587,33319,1763,0,18661,7336,35821,136766,10186,24314,6,0,10806,7855,4,7332,97096,2960857,65023,31071,1002,33793,31230,17473,16320,20818,10412,31070,1,9309,21761,1,0,0,1002,0,0,1002,0,1277723,1683134,441372,836351,726282,956852,n10,false,0.45931817676330033,0.6052875139547479,0,16800,false,500,0,0.6179265606682179,0.4620361204540254,null
234847,3057953,205906,2944,25997,172587,33319,1763,0,18661,7336,35821,136766,10186,24314,6,0,10806,7855,4,7332,97096,2960857,65023,31071,1002,33793,31230,17473,16320,20818,10412,31070,1,9309,21761,1,0,0,1002,0,0,1002,0,1277723,1683134,441372,836351,726282,956852,n12,false,0.8855186369910288,0.46931172469547855,0,16800,false,500,0,0.08411280914527236,0.5597288968719627,null
234847,3057953,205906,2944,25997,172587,33319,1763,0,18661,7336,35821,136766,10186,24314,6,0,10806,7855,4,7332,97096,2960857,65023,31071,1002,33793,31230,17473,16320,20818,10412,31070,1,9309,21761,1,0,0,1002,0,0,1002,0,1277723,1683134,441372,836351,726282,956852,n13,false,0.8316472270129189,0.770227106546004,0,5903,false,503,6,0.032908705347140965,0.05722521380729462,null
234847,3057953,205906,2944,25997,172587,33319,1763,0,18661,7336,35821,136766,10186,24314,6,0,10806,7855,4,7332,97096,2960857,65023,31071,1002,33793,31230,17473,16320,20818,10412,31070,1,9309,21761,1,0,0,1002,0,0,1002,0,1277723,1683134,441372,836351,726282,956852,n15,false,0.3046032324553891,0.7453848249619409,0,1333,false,504,8,0.3777788934913462,0.8952486235541306,null
234847,3057953,205906,2944,25997,172587,33319,1763,0,18661,7336,35821,136766,10186,24314,6,0,10806,7855,4,7332,97096,2960857,65023,31071,1002,33793,31230,17473,16320,20818,10412,31070,1,9309,21761,1,0,0,1002,0,0,1002,0,1277723,1683134,441372,836351,726282,956852,n19,false,0.5780284582524635,0.8660997797776264,0,6916,false,501,2,0.025086569532347502,0.8345130043941151,null
234847,3057953,205906,2944,25997,172587,33319,1763,0,18661,7336,35821,136766,10186,24314,6,0,10806,7855,4,7332,97096,2960857,65023,31071,1002,33793,31230,17473,16320,20818,10412,31070,1,9309,21761,1,0,0,1002,0,0,1002,0,1277723,1683134,441372,836351,726282,956852,n23,false,0.34852626237117196,0.6869305902518238,0,8540,false,502,4,0.7357288745401944,0.6071228680604048,null
234847,3057953,205906,2944,25997,172587,33319,1763,0,18661,7336,35821,136766,10186,24314,6,0,10806,7855,4,7332,97096,2960857,65023,31071,1002,33793,31230,17473,16320,20818,10412,31070,1,9309,21761,1,0,0,1002,0,0,1002,0,1277723,1683134,441372,836351,726282,956852,n26,false,0.6759022560649004,0.7283967725978981,0,11726,false,501,3,0.8628953556936059,0.5069426793701881,null
234847,3057953,205906,2944,25997,172587,33319,1763,0,18661,7336,35821,136766,10186,24314,6,0,10806,7855,4,7332,97096,2960857,65023,31071,1002,33793,31230,17473,16320,20818,10412,31070,1,9309,21761,1,0,0,1002,0,0,1002,0,1277723,1683134,441372,836351,726282,956852,n29,false,0.029412712991933213,0.6845589457431854,0,6135,false,502,5,0.5402437750472555,0.7207749337085737,null
234847,3057953,205906,2944,25997,172587,33319,1763,0,18661,7336,35821,136766,10186,24314,6,0,10806,7855,4,7332,97096,2960857,65023,31071,1002,33793,31230,17473,16320,20818,10412,31070,1,9309,21761,1,0,0,1002,0,0,1002,0,1277723,1683134,441372,836351,726282,956852,n35,false,0.09529353021035065,0.9640997661167149,0,8772,false,503,6,0.06949560417371914,0.36943808839464876,null
234847,3057953,205906,2944,25997,172587,33319,1763,0,18661,7336,35821,136766,10186,24314,6,0,10806,7855,4,7332,97096,2960857,65023,31071,1002,33793,31230,17473,16320,20818,10412,31070,1,9309,21761,1,0,0,1002,0,0,1002,0,1277723,1683134,441372,836351,726282,956852,n36,false,0.5064043323161979,0.6715736316996999,0,7354,false,502,4,0.47895824116147556,0.47494003247339733,null
234847,3057953,205906,2944,25997,172587,33319,1763,0,18661,7336,35821,136766,10186,24314,6,0,10806,7855,4,7332,97096,2960857,65023,31071,1002,33793,31230,17473,16320,20818,10412,31070,1,9309,21761,1,0,0,1002,0,0,1002,0,1277723,1683134,441372,836351,726282,956852,n37,false,0.7564610610629033,0.594046994672088,0,1222,false,502,4,0.22258278951592947,0.9176479534733712,null
234847,3057953,205906,2944,25997,172587,33319,1763,0,18661,7336,35821,136766,10186,24314,6,0,10806,7855,4,7332,97096,2960857,65023,31071,1002,33793,31230,17473,16320,20818,10412,31070,1,9309,21761,1,0,0,1002,0,0,1002,0,1277723,1683134,441372,836351,726282,956852,n39,false,0.8862435989793921,0.8209471485134687,0,3499,false,501,4,0.6282187731189162,0.8741847330930175,null
234847,3057953,205906,2944,25997,172587,33319,1763,0,18661,7336,35821,136766,10186,24314,6,0,10806,7855,4,7332,97096,2960857,65023,31071,1002,33793,31230,17473,16320,20818,10412,31070,1,9309,21761,1,0,0,1002,0,0,1002,0,1277723,1683134,441372,836351,726282,956852,n45,false,0.552093817100158,0.5217542564532285,0,16800,false,500,0,0.5718414816600195,0.5195569796655163,null
234847,3057953,205906,2944,25997,172587,33319,1763,0,18661,7336,35821,136766,10186,24314,6,0,10806,7855,4,7332,97096,2960857,65023,31071,1002,33793,31230,17473,16320,20818,10412,31070,1,9309,21761,1,0,0,1002,0,0,1002,0,1277723,1683134,441372,836351,726282,956852,n46,false,0.1333604851773401,0.5737464924266803,0,10395,false,502,4,0.4548321788886257,0.8787689766806486,null
234847,3057953,205906,2944,25997,172587,33319,1763,0,18661,7336,35821,136766,10186,24314,6,0,10806,7855,4,7332,97096,2960857,65023,31071,1002,33793,31230,17473,16320,20818,10412,31070,1,9309,21761,1,0,0,1002,0,0,1002,0,1277723,1683134,441372,836351,726282,956852,n47,false,0.5283907192906067,0.6467698614541888,0,14765,false,501,2,0.2790971915137339,0.9147152123803776,null
234847,3057953,205906,2944,25997,172587,33319,1763,0,18661,7336,35821,136766,10186,24314,6,0,10806,7855,4,7332,97096,2960857,65023,31071,1002,33793,31230,17473,16320,20818,10412,31070,1,9309,21761,1,0,0,1002,0,0,1002,0,1277723,1683134,441372,836351,726282,956852,n49,false,0.24348234675755492,0.7182334817296608,0,306,false,501,2,0.3207904885745507,0.863332926291588,null
234847,3057953,205906,2944,25997,172587,33319,1763,0,18661,7336,35821,136766,10186,24314,6,0,10806,7855,4,7332,97096,2960857,65023,31071,1002,33793,31230,17473,16320,20818,10412,31070,1,9309,21761,1,0,0,1002,0,0,1002,0,1277723,1683134,441372,836351,726282,956852,n51,false,0.15696697148035735,0.9004304758613412,0,1731,false,502,4,0.6206798048686,0.9598607358584166,null
234847,3057953,205906,2944,25997,172587,33319,1763,0,18661,7336,35821,136766,10186,24314,6,0,10806,7855,4,7332,97096,2960857,65023,31071,1002,33793,31230,17473,16320,20818,10412,31070,1,9309,21761,1,0,0,1002,0,0,1002,0,1277723,1683134,441372,836351,726282,956852,n52,true,0.7317336667994896,0.9219078914931441,0,157,false,501,3,0.8720173555187944,0.708859716393244,null
234847,3057953,205906,2944,25997,172587,33319,1763,0,18661,7336,35821,136766,10186,24314,6,0,10806,7855,4,7332,97096,2960857,65023,31071,1002,33793,31230,17473,16320,20818,10412,31070,1,9309,21761,1,0,0,1002,0,0,1002,0,1277723,1683134,441372,836351,726282,956852,n58,false,0.09320969147885286,0.8370395112446256,0,16800,false,500,0,0.699463614448839,0.7601824542617892,null
234847,3057953,205906,2944,25997,172587,33319,1763,0,18661,7336,35821,136766,10186,24314,6,0,10806,7855,4,7332,97096,2960857,65023,31071,1002,33793,31230,17473,16320,20818,10412,31070,1,9309,21761,1,0,0,1002,0,0,1002,0,1277723,1683134,441372,836351,726282,956852,n59,false,0.36787406686409985,0.6185075822701207,0,8266,false,501,2,0.5919149350998865,0.7381795607166244,null
234847,3057953,205906,2944,25997,172587,33319,1763,0,18661,7336,35821,136766,10186,24314,6,0,10806,7855,4,7332,97096,2960857,65023,31071,1002,33793,31230,17473,16320,20818,10412,31070,1,9309,21761,1,0,0,1002,0,0,1002,0,1277723,1683134,441372,836351,726282,956852,n64,true,0.013683620444213744,0.8627838671146082,0,1754,false,502,5,0.2614899722221703,0.5418666380998519,null
234847,3057953,205906,2944,25997,172587,33319,1763,0,18661,7336,35821,136766,10186,24314,6,0,10806,7855,4,7332,97096,2960857,65023,31071,1002,33793,31230,17473,16320,20818,10412,31070,1,9309,21761,1,0,0,1002,0,0,1002,0,1277723,1683134,441372,836351,726282,956852,n67,false,0.13657650873658853,0.7525473943077142,0,10357,false,501,2,0.021360505115272044,0.7511076302345607,null
234847,3057953,205906,2944,25997,172587,33319,1763,0,18661,7336,35821,136766,10186,24314,6,0,10806,7855,4,7332,97096,2960857,65023,31071,1002,33793,31230,17473,16320,20818,10412,31070,1,9309,21761,1,0,0,1002,0,0,1002,0,1277723,1683134,441372,836351,726282,956852,n68,false,0.7167630096518326,0.6056263970466423,0,16800,false,500,0,0.8131209013927272,0.9862876073582021,null
234847,3057953,205906,2944,25997,172587,33319,1763,0,18661,7336,35821,136766,10186,24314,6,0,10806,7855,4,7332,97096,2960857,65023,31071,1002,33793,31230,17473,16320,20818,10412,31070,1,9309,21761,1,0,0,1002,0,0,1002,0,1277723,1683134,441372,836351,726282,956852,n69,false,0.7001888497153788,0.7819191357609885,0,7984,false,501,4,0.4257922805828066,0.6335859706586742,null
234847,3057953,205906,2944,25997,172587,33319,1763,0,18661,7336,35821,136766,10186,24314,6,0,10806,7855,4,7332,97096,2960857,65023,31071,1002,33793,31230,17473,16320,20818,10412,31070,1,9309,21761,1,0,0,1002,0,0,1002,0,1277723,1683134,441372,836351,726282,956852,n71,false,0.08913397237332739,0.6019920881467663,0,16039,false,501,2,0.6485719021125951,0.8363772244808029,null
234847,3057953,205906,2944,25997,172587,33319,1763,0,18661,7336,35821,136766,10186,24314,6,0,10806,7855,4,7332,97096,2960857,65023,31071,1002,33793,31230,17473,16320,20818,10412,31070,1,9309,21761,1,0,0,1002,0,0,1002,0,1277723,1683134,441372,836351,726282,956852,n72,false,0.5676941823880425,0.4016578214052143,0,473,false,502,5,0.4045720711987209,0.8469634725853292,null
234847,3057953,205906,2944,25997,172587,33319,1763,0,18661,7336,35821,136766,10186,24314,6,0,10806,7855,4,7332,97096,2960857,65023,31071,1002,33793,31230,17473,16320,20818,10412,31070,1,9309,21761,1,0,0,1002,0,0,1002,0,1277723,1683134,441372,836351,726282,956852,n74,false,0.7845686815666958,0.7165103715753426,0,14965,false,502,4,0.8197373010256191,0.6788876601211308,null
234847,3057953,205906,2944,25997,172587,33319,1763,0,18661,7336,35821,136766,10186,24314,6,0,10806,7855,4,7332,97096,2960857,65023,31071,1002,33793,31230,17473,16320,20818,10412,31070,1,9309,21761,1,0,0,1002,0,0,1002,0,1277723,1683134,441372,836351,726282,956852,n78,false,0.1261544403446752,0.478712513319442,0,9834,false,503,7,0.2258361918839898,0.7734101928362666,null
234847,3057953,205906,2944,25997,172587,33319,1763,0,18661,7336,35821,136766,10186,24314,6,0,10806,7855,4,7332,97096,2960857,65023,31071,1002,33793,31230,17473,16320,20818,10412,31070,1,9309,21761,1,0,0,1002,0,0,1002,0,1277723,1683134,441372,836351,726282,956852,n79,false,0.6816618152572889,0.6004096181639694,0,12501,false,502,4,0.6880535316605382,0.665956948103032,null
234847,3057953,205906,2944,25997,172587,33319,1763,0,18661,7336,35821,136766,10186,24314,6,0,10806,7855,4,7332,97096,2960857,65023,31071,1002,33793,31230,17473,16320,20818,10412,31070,1,9309,21761,1,0,0,1002,0,0,1002,0,1277723,1683134,441372,836351,726282,956852,n81,false,0.8102586418936132,0.7321933938818199,0,9395,false,500,2,0.5630282546801822,0.6280536178651954,null
234847,3057953,205906,2944,25997,172587,33319,1763,0,18661,7336,35821,136766,10186,24314,6,0,10806,7855,4,7332,97096,2960857,65023,31071,1002,33793,31230,17473,16320,20818,10412,31070,1,9309,21761,1,0,0,1002,0,0,1002,0,1277723,1683134,441372,836351,726282,956852,n82,true,0.9624897406096277,0.8239474237372855,0,1520,false,501,3,0.6889322255465605,0.4020031721611733,null
234847,3057953,205906,2944,25997,172587,33319,1763,0,18661,7336,35821,136766,10186,24314,6,0,10806,7855,4,7332,97096,2960857,65023,31071,1002,33793,31230,17473,16320,20818,10412,31070,1,9309,21761,1,0,0,1002,0,0,1002,0,1277723,1683134,441372,836351,726282,956852,n83,false,0.827006202113359,0.8274306941219414,0,16800,false,0,0,0.4908958719341064,0.868974993855191,null
234847,3057953,205906,2944,25997,172587,33319,1763,0,18661,7336,35821,136766,10186,24314,6,0,10806,7855,4,7332,97096,2960857,65023,31071,1002,33793,31230,17473,16320,20818,10412,31070,1,9309,21761,1,0,0,1002,0,0,1002,0,1277723,1683134,441372,836351,726282,956852,n85,false,0.5982944368336514,0.8494161868308792,0,16454,false,500,3,0.6238893474039446,0.9154262457538457,null
234847,3057953,205906,2944,25997,172587,33319,1763,0,18661,7336,35821,136766,10186,24314,6,0,10806,7855,4,7332,97096,2960857,65023,31071,1002,33793,31230,17473,16320,20818,10412,31070,1,9309,21761,1,0,0,1002,0,0,1002,0,1277723,1683134,441372,836351,726282,956852,n90,false,0.44913558216812693,0.7502804335674818,0,1644,false,503,6,0.4070440752599414,0.5711136415716164,null
234847,3057953,205906,2944,25997,172587,33319,1763,0,18661,7336,35821,136766,10186,24314,6,0,10806,7855,4,7332,97096,2960857,65023,31071,1002,33793,31230,17473,16320,20818,10412,31070,1,9309,21761,1,0,0,1002,0,0,1002,0,1277723,1683134,441372,836351,726282,956852,n93,false,0.5222549455441414,0.8819623536357968,0,2939,false,502,4,0.4505259966868007,0.3229522084554141,null
234847,3057953,205906,2944,25997,172587,33319,1763,0,18661,7336,35821,136766,10186,24314,6,0,10806,7855,4,7332,97096,2960857,65023,31071,1002,33793,31230,17473,16320,20818,10412,31070,1,9309,21761,1,0,0,1002,0,0,1002,0,1277723,1683134,441372,836351,726282,956852,n97,false,0.4122913602486369,0.8468264141597353,0,9327,false,501,4,0.6719920068839608,0.12407681276434118,null
234847,3057953,205906,2944,25997,172587,33319,1763,0,18661,7336,35821,136766,10186,24314,6,0,10806,7855,4,7332,97096,2960857,65023,31071,1002,33793,31230,17473,16320,20818,10412,31070,1,9309,21761,1,0,0,1002,0,0,1002,0,1277723,1683134,441372,836351,726282,956852,n98,false,0.6229096119086122,0.7892489926504942,0,988,false,502,4,0.8036535307374775,0.4898919017265134,null
234847,3057953,205906,2944,25997,172587,33319,1763,0,18661,7336,35821,136766,10186,24314,6,0,10806,7855,4,7332,97096,2960857,65023,31071,1002,33793,31230,17473,16320,20818,10412,31070,1,9309,21761,1,0,0,1002,0,0,1002,0,1277723,1683134,441372,836351,726282,956852,n99,true,0.21322626988729257,0.784486263677895,0,1580,false,502,5,0.2979643236552203,0.2466145981396456,null
234847,3057953,205906,2944,25997,172587,33319,1763,0,18661,7336,35821,136766,10186,24314,6,0,10806,7855,4,7332,97096,2960857,65023,31071,1002,33793,31230,17473,16320,20818,10412,31070,1,9309,21761,1,0,0,1002,0,0,1002,0,1277723,1683134,441372,836351,726282,956852,n101,false,0.5788237122241364,0.8403535645869011,0,5444,false,501,2,0.5713281795027747,0.4819985926331248,null
234847,3057953,205906,2944,25997,172587,33319,1763,0,18661,7336,35821,136766,10186,24314,6,0,10806,7855,4,7332,97096,2960857,65023,31071,1002,33793,31230,17473,16320,20818,10412,31070,1,9309,21761,1,0,0,1002,0,0,1002,0,1277723,1683134,441372,836351,726282,956852,n104,false,0.22126255213713664,0.5570383213103326,0,5698,false,504,8,0.8082102153706929,0.7304395123141707,null
234847,3057953,205906,2944,25997,172587,33319,1763,0,18661,7336,35821,136766,10186,24314,6,0,10806,7855,4,7332,97096,2960857,65023,31071,1002,33793,31230,17473,16320,20818,10412,31070,1,9309,21761,1,0,0,1002,0,0,1002,0,1277723,1683134,441372,836351,726282,956852,n106,true,0.2468668450995162,0.7207330921892959,0,5074,false,500,1,0.705003003418724,0.21054606519202523,null
234847,3057953,205906,2944,25997,172587,33319,1763,0,18661,7336,35821,136766,10186,24314,6,0,10806,7855,4,7332,97096,2960857,65023,31071,1002,33793,31230,17473,16320,20818,10412,31070,1,9309,21761,1,0,0,1002,0,0,1002,0,1277723,1683134,441372,836351,726282,956852,n108,false,0.9192492770968098,0.6064492377102099,0,5082,false,501,2,0.5514673522817798,0.57545959427789,null
234847,3057953,205906,2944,25997,172587,33319,1763,0,18661,7336,35821,136766,10186,24314,6,0,10806,7855,4,7332,97096,2960857,65023,31071,1002,33793,31230,17473,16320,20818,10412,31070,1,9309,21761,1,0,0,1002,0,0,1002,0,1277723,1683134,441372,836351,726282,956852,n109,false,0.9136287431557091,0.2402020479086055,0,3042,false,503,8,0.6475046204579276,0.979370823659142,null
234847,3057953,205906,2944,25997,172587,33319,1763,0,18661,7336,35821,136766,10186,24314,6,0,10806,7855,4,7332,97096,2960857,65023,31071,1002,33793,31230,17473,16320,20818,10412,31070,1,9309,21761,1,0,0,1002,0,0,1002,0,1277723,1683134,441372,836351,726282,956852,n110,true,0.8269107806161126,0.9039722062269651,0,4520,false,500,1,0.07690915151162742,0.7440791260259967,null
234847,3057953,205906,2944,25997,172587,33319,1763,0,18661,7336,35821,136766,10186,24314,6,0,10806,7855,4,7332,97096,2960857,65023,31071,1002,33793,31230,17473,16320,20818,10412,31070,1,9309,21761,1,0,0,1002,0,0,1002,0,1277723,1683134,441372,836351,726282,956852,n112,true,0.095558430086411,0.40834798267359884,0,7302,false,500,2,0.395647616894663,0.5891533792028143,null
234847,3057953,205906,2944,25997,172587,33319,1763,0,18661,7336,35821,136766,10186,24314,6,0,10806,7855,4,7332,97096,2960857,65023,31071,1002,33793,31230,17473,16320,20818,10412,31070,1,9309,21761,1,0,0,1002,0,0,1002,0,1277723,1683134,441372,836351,726282,956852,n113,false,0.8397157700755736,0.691971859770808,0,12351,false,500,2,0.4929503034386753,0.6472497122110819,null
234847,3057953,205906,2944,25997,172587,33319,1763,0,18661,7336,35821,136766,10186,24314,6,0,10806,7855,4,7332,97096,2960857,65023,31071,1002,33793,31230,17473,16320,20818,10412,31070,1,9309,21761,1,0,0,1002,0,0,1002,0,1277723,1683134,441372,836351,726282,956852,n114,false,0.25566788555974324,0.5933455374211352,0,5740,false,505,10,0.5688326549002459,0.2756575275402212,null
234847,3057953,205906,2944,25997,172587,33319,1763,0,18661,7336,35821,136766,10186,24314,6,0,10806,7855,4,7332,97096,2960857,65023,31071,1002,33793,31230,17473,16320,20818,10412,31070,1,9309,21761,1,0,0,1002,0,0,1002,0,1277723,1683134,441372,836351,726282,956852,n115,false,0.5668411286219573,0.3888643439595747,0,250,false,502,4,0.8846642058732026,0.5237067581714819,null
234847,3057953,205906,2944,25997,172587,33319,1763,0,18661,7336,35821,136766,10186,24314,6,0,10806,7855,4,7332,97096,2960857,65023,31071,1002,33793,31230,17473,16320,20818,10412,31070,1,9309,21761,1,0,0,1002,0,0,1002,0,1277723,1683134,441372,836351,726282,956852,n117,true,0.6155975177764859,0.7167310756316366,0,9154,false,500,3,0.863532584356759,0.768552444625526,null
234847,3057953,205906,2944,25997,172587,33319,1763,0,18661,7336,35821,136766,10186,24314,6,0,10806,7855,4,7332,97096,2960857,65023,31071,1002,33793,31230,17473,16320,20818,10412,31070,1,9309,21761,1,0,0,1002,0,0,1002,0,1277723,1683134,441372,836351,726282,956852,n121,false,0.9600266412153498,0.6036293520550661,0,5845,false,500,2,0.1497983521568953,0.7592657863730822,null
234847,3057953,205906,2944,25997,172587,33319,1763,0,18661,7336,35821,136766,10186,24314,6,0,10806,7855,4,7332,97096,2960857,65023,31071,1002,33793,31230,17473,16320,20818,10412,31070,1,9309,21761,1,0,0,1002,0,0,1002,0,1277723,1683134,441372,836351,726282,956852,n124,false,0.2649232623089709,0.6338508720290849,0,14434,false,501,2,0.39767122810870925,0.9101305824456051,null
234847,3057953,205906,2944,25997,172587,33319,1763,0,18661,7336,35821,136766,10186,24314,6,0,10806,7855,4,7332,97096,2960857,65023,31071,1002,33793,31230,17473,16320,20818,10412,31070,1,9309,21761,1,0,0,1002,0,0,1002,0,1277723,1683134,441372,836351,726282,956852,n127,false,0.3124319890972966,0.9334767532152317,0,5903,false,503,10,0.598427768080452,0.8086141808077997,null
234847,3057953,205906,2944,25997,172587,33319,1763,0,18661,7336,35821,136766,10186,24314,6,0,10806,7855,4,7332,97096,2960857,65023,31071,1002,33793,31230,17473,16320,20818,10412,31070,1,9309,21761,1,0,0,1002,0,0,1002,0,1277723,1683134,441372,836351,726282,956852,n130,false,0.999997318728071,0.7382616363824968,0,16800,false,500,0,0.7959584898293577,0.5458505287557109,null
234847,3057953,205906,2944,25997,172587,33319,1763,0,18661,7336,35821,136766,10186,24314,6,0,10806,7855,4,7332,97096,2960857,65023,31071,1002,33793,31230,17473,16320,20818,10412,31070,1,9309,21761,1,0,0,1002,0,0,1002,0,1277723,1683134,441372,836351,726282,956852,n136,false,0.13372225494611156,0.5939075681502801,0,9616,false,501,3,0.3344253746917968,0.4609477386316378,null
234847,3057953,205906,2944,25997,172587,33319,1763,0,18661,7336,35821,136766,10186,24314,6,0,10806,7855,4,7332,97096,2960857,65023,31071,1002,33793,31230,17473,16320,20818,10412,31070,1,9309,21761,1,0,0,1002,0,0,1002,0,1277723,1683134,441372,836351,726282,956852,n137,false,0.776490831151664,0.7246796747413721,0,3477,false,500,2,0.7787183713553759,0.7778141439083079,null
234847,3057953,205906,2944,25997,172587,33319,1763,0,18661,7336,35821,136766,10186,24314,6,0,10806,7855,4,7332,97096,2960857,65023,31071,1002,33793,31230,17473,16320,20818,10412,31070,1,9309,21761,1,0,0,1002,0,0,1002,0,1277723,1683134,441372,836351,726282,956852,n139,true,0.820801235669228,0.7335778942691583,0,7358,false,500,2,0.5661933212431788,0.8512187503031523,null
234847,3057953,205906,2944,25997,172587,33319,1763,0,18661,7336,35821,136766,10186,24314,6,0,10806,7855,4,7332,97096,2960857,65023,31071,1002,33793,31230,17473,16320,20818,10412,31070,1,9309,21761,1,0,0,1002,0,0,1002,0,1277723,1683134,441372,836351,726282,956852,n141,false,0.4106517308955623,0.6781016754125846,0,528,false,502,4,0.43196456512351344,0.8608105690972766,null
234847,3057953,205906,2944,25997,172587,33319,1763,0,18661,7336,35821,136766,10186,24314,6,0,10806,7855,4,7332,97096,2960857,65023,31071,1002,33793,31230,17473,16320,20818,10412,31070,1,9309,21761,1,0,0,1002,0,0,1002,0,1277723,1683134,441372,836351,726282,956852,n148,false,0.5599382264516657,0.6152142051220261,0,16627,false,500,2,0.9651445960508905,0.6299370951628419,null
234847,3057953,205906,2944,25997,172587,33319,1763,0,18661,7336,35821,136766,10186,24314,6,0,10806,7855,4,7332,97096,2960857,65023,31071,1002,33793,31230,17473,16320,20818,10412,31070,1,9309,21761,1,0,0,1002,0,0,1002,0,1277723,1683134,441372,836351,726282,956852,n150,true,0.17652782215913404,0.7131649234345382,0,897,false,502,5,0.9404931917302273,0.7035212465165157,null
234847,3057953,205906,2944,25997,172587,33319,1763,0,18661,7336,35821,136766,10186,24314,6,0,10806,7855,4,7332,97096,2960857,65023,31071,1002,33793,31230,17473,16320,20818,10412,31070,1,9309,21761,1,0,0,1002,0,0,1002,0,1277723,1683134,441372,836351,726282,956852,n151,false,0.3740411536720041,0.868087879135263,0,3041,false,502,4,0.7909549863827744,0.4226321701482397,null
234847,3057953,205906,2944,25997,172587,33319,1763,0,18661,7336,35821,136766,10186,24314,6,0,10806,7855,4,7332,97096,2960857,65023,31071,1002,33793,31230,17473,16320,20818,10412,31070,1,9309,21761,1,0,0,1002,0,0,1002,0,1277723,1683134,441372,836351,726282,956852,n153,false,0.46709121937901765,0.6336238190059695,0,16800,false,0,0,0.025628627299344453,0.42343227646712445,null
234847,3057953,205906,2944,25997,172587,33319,1763,0,18661,7336,35821,136766,10186,24314,6,0,10806,7855,4,7332,97096,2960857,65023,31071,1002,33793,31230,17473,16320,20818,10412,31070,1,9309,21761,1,0,0,1002,0,0,1002,0,1277723,1683134,441372,836351,726282,956852,n154,false,0.021132675587539895,0.9706319061825381,0,7858,false,501,2,0.7166176687815751,0.9811283071950951,null
234847,3057953,205906,2944,25997,172587,33319,1763,0,18661,7336,35821,136766,10186,24314,6,0,10806,7855,4,7332,97096,2960857,65023,31071,1002,33793,31230,17473,16320,20818,10412,31070,1,9309,21761,1,0,0,1002,0,0,1002,0,1277723,1683134,441372,836351,726282,956852,n157,false,0.512775874142887,0.595932966176092,0,12868,false,502,4,0.7033557246743999,0.7510697078820116,null
234847,3057953,205906,2944,25997,172587,33319,1763,0,18661,7336,35821,136766,10186,24314,6,0,10806,7855,4,7332,97096,2960857,65023,31071,1002,33793,31230,17473,16320,20818,10412,31070,1,9309,21761,1,0,0,1002,0,0,1002,0,1277723,1683134,441372,836351,726282,956852,n158,true,0.4640629560275459,0.7645508254541954,0,1559,false,501,3,0.7162644704045361,0.8835703650000867,null
234847,3057953,205906,2944,25997,172587,33319,1763,0,18661,7336,35821,136766,10186,24314,6,0,10806,7855,4,7332,97096,2960857,65023,31071,1002,33793,31230,17473,16320,20818,10412,31070,1,9309,21761,1,0,0,1002,0,0,1002,0,1277723,1683134,441372,836351,726282,956852,n161,false,0.5981584294702749,0.47226567897086125,0,2383,false,503,7,0.1316710752103265,0.9050095587403939,null
234847,3057953,205906,2944,25997,172587,33319,1763,0,18661,7336,35821,136766,10186,24314,6,0,10806,7855,4,7332,97096,2960857,65023,31071,1002,33793,31230,17473,16320,20818,10412,31070,1,9309,21761,1,0,0,1002,0,0,1002,0,1277723,1683134,441372,836351,726282,956852,n163,false,0.10971431386570443,0.7489135928971173,0,9625,false,502,4,0.2140690776486167,0.15869644037489644,null
234847,3057953,205906,2944,25997,172587,33319,1763,0,18661,7336,35821,136766,10186,24314,6,0,10806,7855,4,7332,97096,2960857,65023,31071,1002,33793,31230,17473,16320,20818,10412,31070,1,9309,21761,1,0,0,1002,0,0,1002,0,1277723,1683134,441372,836351,726282,956852,n167,false,0.24416730251153004,0.7375754386740828,0,8389,false,501,3,0.6192302946389512,0.6238976391553575,null
234847,3057953,205906,2944,25997,172587,33319,1763,0,18661,7336,35821,136766,10186,24314,6,0,10806,7855,4,7332,97096,2960857,65023,31071,1002,33793,31230,17473,16320,20818,10412,31070,1,9309,21761,1,0,0,1002,0,0,1002,0,1277723,1683134,441372,836351,726282,956852,n168,false,0.999997639662154,0.6088493408210847,0,16800,false,500,0,0.46741760078626593,0.5194599134568705,null
234847,3057953,205906,2944,25997,172587,33319,1763,0,18661,7336,35821,136766,10186,24314,6,0,10806,7855,4,7332,97096,2960857,65023,31071,1002,33793,31230,17473,16320,20818,10412,31070,1,9309,21761,1,0,0,1002,0,0,1002,0,1277723,1683134,441372,836351,726282,956852,n170,false,0.5547802816947476,0.7177189936837826,0,7480,false,501,3,0.8126986984193354,0.9111360767679508,null
234847,3057953,205906,2944,25997,172587,33319,1763,0,18661,7336,35821,136766,10186,24314,6,0,10806,7855,4,7332,97096,2960857,65023,31071,1002,33793,31230,17473,16320,20818,10412,31070,1,9309,21761,1,0,0,1002,0,0,1002,0,1277723,1683134,441372,836351,726282,956852,n172,false,0.9999995281627514,0.9315584112436645,0,3413,false,502,6,0.261493446183713,0.8071011366034051,null
234847,3057953,205906,2944,25997,172587,33319,1763,0,18661,7336,35821,136766,10186,24314,6,0,10806,7855,4,7332,97096,2960857,65023,31071,1002,33793,31230,17473,16320,20818,10412,31070,1,9309,21761,1,0,0,1002,0,0,1002,0,1277723,1683134,441372,836351,726282,956852,n174,false,0.15162299687868916,0.5573829530321894,0,7127,false,502,5,0.4349774000994868,0.7954005562218402,null
234847,3057953,205906,2944,25997,172587,33319,1763,0,18661,7336,35821,136766,10186,24314,6,0,10806,7855,4,7332,97096,2960857,65023,31071,1002,33793,31230,17473,16320,20818,10412,31070,1,9309,21761,1,0,0,1002,0,0,1002,0,1277723,1683134,441372,836351,726282,956852,n176,false,0.8366328260648375,0.7503582318946748,0,16799,false,500,1,0.9957121331025487,0.8117237950892882,null
234847,3057953,205906,2944,25997,172587,33319,1763,0,18661,7336,35821,136766,10186,24314,6,0,10806,7855,4,7332,97096,2960857,65023,31071,1002,33793,31230,17473,16320,20818,10412,31070,1,9309,21761,1,0,0,1002,0,0,1002,0,1277723,1683134,441372,836351,726282,956852,n178,false,0.7625487656770673,0.540409132455768,0,438,false,501,3,0.6344599719639775,0.9109360853305051,null
234847,3057953,205906,2944,25997,172587,33319,1763,0,18661,7336,35821,136766,10186,24314,6,0,10806,7855,4,7332,97096,2960857,65023,31071,1002,33793,31230,17473,16320,20818,10412,31070,1,9309,21761,1,0,0,1002,0,0,1002,0,1277723,1683134,441372,836351,726282,956852,n183,false,0.12026364374001063,0.6997947466643422,0,5291,false,505,10,0.5753104580692182,0.2667815776694297,null
234847,3057953,205906,2944,25997,172587,33319,1763,0,18661,7336,35821,136766,10186,24314,6,0,10806,7855,4,7332,97096,2960857,65023,31071,1002,33793,31230,17473,16320,20818,10412,31070,1,9309,21761,1,0,0,1002,0,0,1002,0,1277723,1683134,441372,836351,726282,956852,n186,false,0.2057487924394272,0.801810552382351,0,14355,false,502,4,0.6914646955048919,0.8676621105005713,null
234847,3057953,205906,2944,25997,172587,33319,1763,0,18661,7336,35821,136766,10186,24314,6,0,10806,7855,4,7332,97096,2960857,65023,31071,1002,33793,31230,17473,16320,20818,10412,31070,1,9309,21761,1,0,0,1002,0,0,1002,0,1277723,1683134,441372,836351,726282,956852,n187,false,0.9522307869109035,0.7299725820402092,0,16798,false,500,1,0.9435075854724065,0.996479824120139,null
234847,3057953,205906,2944,25997,172587,33319,1763,0,18661,7336,35821,136766,10186,24314,6,0,10806,7855,4,7332,97096,2960857,65023,31071,1002,33793,31230,17473,16320,20818,10412,31070,1,9309,21761,1,0,0,1002,0,0,1002,0,1277723,1683134,441372,836351,726282,956852,n192,false,0.08808593830872839,0.795564820313654,0,4864,false,503,6,0.4194008206841798,0.15705770993806306,null
234847,3057953,205906,2944,25997,172587,33319,1763,0,18661,7336,35821,136766,10186,24314,6,0,10806,7855,4,7332,97096,2960857,65023,31071,1002,33793,31230,17473,16320,20818,10412,31070,1,9309,21761,1,0,0,1002,0,0,1002,0,1277723,1683134,441372,836351,726282,956852,n195,false,0.3116105317926713,0.6506248331743213,0,13817,false,501,2,0.767920293123665,0.661759117331954,null
234847,3057953,205906,2944,25997,172587,33319,1763,0,18661,7336,35821,136766,10186,24314,6,0,10806,7855,4,7332,97096,2960857,65023,31071,1002,33793,31230,17473,16320,20818,10412,31070,1,9309,21761,1,0,0,1002,0,0,1002,0,1277723,1683134,441372,836351,726282,956852,n197,false,0.2831390261056321,0.7578298016468364,0,2382,false,502,4,0.2952218585253107,0.6123248704876079,null
234847,3057953,205906,2944,25997,172587,33319,1763,0,18661,7336,35821,136766,10186,24314,6,0,10806,7855,4,7332,97096,2960857,65023,31071,1002,33793,31230,17473,16320,20818,10412,31070,1,9309,21761,1,0,0,1002,0,0,1002,0,1277723,1683134,441372,836351,726282,956852,n198,true,0.0197443729879147,0.4890071300038665,0,143,false,501,3,0.3478973685911496,0.7669975215468358,null
234847,3057953,205906,2944,25997,172587,33319,1763,0,18661,7336,35821,136766,10186,24314,6,0,10806,7855,4,7332,97096,2960857,65023,31071,1002,33793,31230,17473,16320,20818,10412,31070,1,9309,21761,1,0,0,1002,0,0,1002,0,1277723,1683134,441372,836351,726282,956852,n200,false,0.6618100989656492,0.6023083280304857,0,6652,false,502,4,0.6279930827862918,0.43390604704034935,null
234847,3057953,205906,2944,25997,172587,33319,1763,0,18661,7336,35821,136766,10186,24314,6,0,10806,7855,4,7332,97096,2960857,65023,31071,1002,33793,31230,17473,16320,20818,10412,31070,1,9309,21761,1,0,0,1002,0,0,1002,0,1277723,1683134,441372,836351,726282,956852,n202,false,0.43618995585612347,0.7796295084132034,0,8894,false,502,4,0.40464591648254783,0.8071594740462449,null
234847,3057953,205906,2944,25997,172587,33319,1763,0,18661,7336,35821,136766,10186,24314,6,0,10806,7855,4,7332,97096,2960857,65023,31071,1002,33793,31230,17473,16320,20818,10412,31070,1,9309,21761,1,0,0,1002,0,0,1002,0,1277723,1683134,441372,836351,726282,956852,n205,false,0.5462925495689799,0.571624199551256,0,4237,false,501,2,0.28516408361563944,0.5656072576613492,null
234847,3057953,205906,2944,25997,172587,33319,1763,0,18661,7336,35821,136766,10186,24314,6,0,10806,7855,4,7332,97096,2960857,65023,31071,1002,33793,31230,17473,16320,20818,10412,31070,1,9309,21761,1,0,0,1002,0,0,1002,0,1277723,1683134,441372,836351,726282,956852,n207,false,0.2915533939291481,0.5943895408776785,0,324,false,501,2,0.463160793970215,0.34576316662700657,null
234847,3057953,205906,2944,25997,172587,33319,1763,0,18661,7336,35821,136766,10186,24314,6,0,10806,7855,4,7332,97096,2960857,65023,31071,1002,33793,31230,17473,16320,20818,10412,31070,1,9309,21761,1,0,0,1002,0,0,1002,0,1277723,1683134,441372,836351,726282,956852,n209,false,0.08252868059193862,0.7883799733633858,0,1703,false,502,4,0.18215657338581842,0.7979024316103456,null
234847,3057953,205906,2944,25997,172587,33319,1763,0,18661,7336,35821,136766,10186,24314,6,0,10806,7855,4,7332,97096,2960857,65023,31071,1002,33793,31230,17473,16320,20818,10412,31070,1,9309,21761,1,0,0,1002,0,0,1002,0,1277723,1683134,441372,836351,726282,956852,n212,false,0.5190660915768386,0.4996179180729481,0,15778,false,501,5,0.4421610701477784,0.45666288107939224,null
234847,3057953,205906,2944,25997,172587,33319,1763,0,18661,7336,35821,136766,10186,24314,6,0,10806,7855,4,7332,97096,2960857,65023,31071,1002,33793,31230,17473,16320,20818,10412,31070,1,9309,21761,1,0,0,1002,0,0,1002,0,1277723,1683134,441372,836351,726282,956852,n213,true,0.06581051872560541,0.7272096045431524,0,1243,false,500,3,0.3167115244812542,0.46801843104195817,null
234847,3057953,205906,2944,25997,172587,33319,1763,0,18661,7336,35821,136766,10186,24314,6,0,10806,7855,4,7332,97096,2960857,65023,31071,1002,33793,31230,17473,16320,20818,10412,31070,1,9309,21761,1,0,0,1002,0,0,1002,0,1277723,1683134,441372,836351,726282,956852,n214,false,0.6401972319691233,0.995327637240273,0,3987,false,501,2,0.5680709202144114,0.5782064854281296,null
234847,3057953,205906,2944,25997,172587,33319,1763,0,18661,7336,35821,136766,10186,24314,6,0,10806,7855,4,7332,97096,2960857,65023,31071,1002,33793,31230,17473,16320,20818,10412,31070,1,9309,21761,1,0,0,1002,0,0,1002,0,1277723,1683134,441372,836351,726282,956852,n221,false,0.5188335847367633,0.6910428824507778,0,16800,false,500,0,0.47018706790290127,0.7147341521778727,null
234847,3057953,205906,2944,25997,172587,33319,1763,0,18661,7336,35821,136766,10186,24314,6,0,10806,7855,4,7332,97096,2960857,65023,31071,1002,33793,31230,17473,16320,20818,10412,31070,1,9309,21761,1,0,0,1002,0,0,1002,0,1277723,1683134,441372,836351,726282,956852,n223,false,0.999995552448487,0.5287369548935528,0,5621,false,503,6,0.4896185430966292,0.8926495491722207,null
234847,3057953,205906,2944,25997,172587,33319,1763,0,18661,7336,35821,136766,10186,24314,6,0,10806,7855,4,7332,97096,2960857,65023,31071,1002,33793,31230,17473,16320,20818,10412,31070,1,9309,21761,1,0,0,1002,0,0,1002,0,1277723,1683134,441372,836351,726282,956852,n224,false,0.6683275853243759,0.5396115717579084,0,16772,false,500,2,0.2625327684801415,0.5849121614082887,null
234847,3057953,205906,2944,25997,172587,33319,1763,0,18661,7336,35821,136766,10186,24314,6,0,10806,7855,4,7332,97096,2960857,65023,31071,1002,33793,31230,17473,16320,20818,10412,31070,1,9309,21761,1,0,0,1002,0,0,1002,0,1277723,1683134,441372,836351,726282,956852,n225,false,0.3316681853690808,0.6124868021673884,0,11044,false,503,6,0.22945813495872752,0.9757748446350221,null
234847,3057953,205906,2944,25997,172587,33319,1763,0,18661,7336,35821,136766,10186,24314,6,0,10806,7855,4,7332,97096,2960857,65023,31071,1002,33793,31230,17473,16320,20818,10412,31070,1,9309,21761,1,0,0,1002,0,0,1002,0,1277723,1683134,441372,836351,726282,956852,n227,true,0.735257897162993,0.7896774116219453,0,2069,false,500,3,0.5890693253033549,0.627611914809818,null
234847,3057953,205906,2944,25997,172587,33319,1763,0,18661,7336,35821,136766,10186,24314,6,0,10806,7855,4,7332,97096,2960857,65023,31071,1002,33793,31230,17473,16320,20818,10412,31070,1,9309,21761,1,0,0,1002,0,0,1002,0,1277723,1683134,441372,836351,726282,956852,n231,false,0.9220083789031925,0.9050642525170385,0,16504,false,500,2,0.4529939738000774,0.38190564961263385,null
234847,3057953,205906,2944,25997,172587,33319,1763,0,18661,7336,35821,136766,10186,24314,6,0,10806,7855,4,7332,97096,2960857,65023,31071,1002,33793,31230,17473,16320,20818,10412,31070,1,9309,21761,1,0,0,1002,0,0,1002,0,1277723,1683134,441372,836351,726282,956852,n232,false,0.6173551421763792,0.5435993214132495,0,14207,false,501,2,0.4021808997619318,0.5073988640904806,null
234847,3057953,205906,2944,25997,172587,33319,1763,0,18661,7336,35821,136766,10186,24314,6,0,10806,7855,4,7332,97096,2960857,65023,31071,1002,33793,31230,17473,16320,20818,10412,31070,1,9309,21761,1,0,0,1002,0,0,1002,0,1277723,1683134,441372,836351,726282,956852,n236,false,0.42636066125809297,0.38396579246806417,0,1447,false,501,2,0.06806374590669867,0.3602979664907451,null
234847,3057953,205906,2944,25997,172587,33319,1763,0,18661,7336,35821,136766,10186,24314,6,0,10806,7855,4,7332,97096,2960857,65023,31071,1002,33793,31230,17473,16320,20818,10412,31070,1,9309,21761,1,0,0,1002,0,0,1002,0,1277723,1683134,441372,836351,726282,956852,n240,false,0.9493590196282099,0.8526409944401955,0,10633,false,502,6,0.36281939132043617,0.6030613056562107,null
234847,3057953,205906,2944,25997,172587,33319,1763,0,18661,7336,35821,136766,10186,24314,6,0,10806,7855,4,7332,97096,2960857,65023,31071,1002,33793,31230,17473,16320,20818,10412,31070,1,9309,21761,1,0,0,1002,0,0,1002,0,1277723,1683134,441372,836351,726282,956852,n242,false,0.6046114652182366,0.6361630201016543,0,12860,false,500,1,0.4769598650307638,0.2523504264099077,null
234847,3057953,205906,2944,25997,172587,33319,1763,0,18661,7336,35821,136766,10186,24314,6,0,10806,7855,4,7332,97096,2960857,65023,31071,1002,33793,31230,17473,16320,20818,10412,31070,1,9309,21761,1,0,0,1002,0,0,1002,0,1277723,1683134,441372,836351,726282,956852,n244,false,0.4730695426309557,0.5962337191377807,0,3628,false,502,5,0.5391706996690498,0.6957862544178423,null
234847,3057953,205906,2944,25997,172587,33319,1763,0,18661,7336,35821,136766,10186,24314,6,0,10806,7855,4,7332,97096,2960857,65023,31071,1002,33793,31230,17473,16320,20818,10412,31070,1,9309,21761,1,0,0,1002,0,0,1002,0,1277723,1683134,441372,836351,726282,956852,n246,false,0.9999978779216251,0.5308132096526339,0,12172,false,501,4,0.3450737915319737,0.5408514262115841,null
234847,3057953,205906,2944,25997,172587,33319,1763,0,18661,7336,35821,136766,10186,24314,6,0,10806,7855,4,7332,97096,2960857,65023,31071,1002,33793,31230,17473,16320,20818,10412,31070,1,9309,21761,1,0,0,1002,0,0,1002,0,1277723,1683134,441372,836351,726282,956852,n247,false,0.6409920602666083,0.6576163730516773,0,1168,false,502,4,0.965025036416464,0.6938812195351587,null
234847,3057953,205906,2944,25997,172587,33319,1763,0,18661,7336,35821,136766,10186,24314,6,0,10806,7855,4,7332,97096,2960857,65023,31071,1002,33793,31230,17473,16320,20818,10412,31070,1,9309,21761,1,0,0,1002,0,0,1002,0,1277723,1683134,441372,836351,726282,956852,n250,false,0.18556300081141244,0.6634008959898412,0,2422,false,502,8,0.1587482167829723,0.3395673089837816,null
234847,3057953,205906,2944,25997,172587,33319,1763,0,18661,7336,35821,136766,10186,24314,6,0,10806,7855,4,7332,97096,2960857,65023,31071,1002,33793,31230,17473,16320,20818,10412,31070,1,9309,21761,1,0,0,1002,0,0,1002,0,1277723,1683134,441372,836351,726282,956852,n254,false,0.3580363451618719,0.5794189470826695,0,16800,false,500,0,0.5655834234255578,0.3783375348860447,null
234847,3057953,205906,2944,25997,172587,33319,1763,0,18661,7336,35821,136766,10186,24314,6,0,10806,7855,4,7332,97096,2960857,65023,31071,1002,33793,31230,17473,16320,20818,10412,31070,1,9309,21761,1,0,0,1002,0,0,1002,0,1277723,1683134,441372,836351,726282,956852,n255,false,0.11778691582062886,0.5301155513921446,0,16800,false,500,0,0.7011034624275012,0.7848850197915525,null
234847,3057953,205906,2944,25997,172587,33319,1763,0,18661,7336,35821,136766,10186,24314,6,0,10806,7855,4,7332,97096,2960857,65023,31071,1002,33793,31230,17473,16320,20818,10412,31070,1,9309,21761,1,0,0,1002,0,0,1002,0,1277723,1683134,441372,836351,726282,956852,n256,false,0.04941897283916403,0.4161437474214315,0,15374,false,501,2,0.727854367258614,0.788088845537155,null
234847,3057953,205906,2944,25997,172587,33319,1763,0,18661,7336,35821,136766,10186,24314,6,0,10806,7855,4,7332,97096,2960857,65023,31071,1002,33793,31230,17473,16320,20818,10412,31070,1,9309,21761,1,0,0,1002,0,0,1002,0,1277723,1683134,441372,836351,726282,956852,n261,false,0.2997018184126194,0.698104548986913,0,896,false,504,8,0.945734526325325,0.14614461731947392,null
234847,3057953,205906,2944,25997,172587,33319,1763,0,18661,7336,35821,136766,10186,24314,6,0,10806,7855,4,7332,97096,2960857,65023,31071,1002,33793,31230,17473,16320,20818,10412,31070,1,9309,21761,1,0,0,1002,0,0,1002,0,1277723,1683134,441372,836351,726282,956852,n266,false,0.8053544096866881,0.959338157481257,0,16800,false,500,0,0.9045230536450523,0.6649659142847693,null
234847,3057953,205906,2944,25997,172587,33319,1763,0,18661,7336,35821,136766,10186,24314,6,0,10806,7855,4,7332,97096,2960857,65023,31071,1002,33793,31230,17473,16320,20818,10412,31070,1,9309,21761,1,0,0,1002,0,0,1002,0,1277723,1683134,441372,836351,726282,956852,n267,false,0.22328234521324944,0.5922577640676502,0,12309,false,502,5,0.6315056619344931,0.2858134242182867,null
234847,3057953,205906,2944,25997,172587,33319,1763,0,18661,7336,35821,136766,10186,24314,6,0,10806,7855,4,7332,97096,2960857,65023,31071,1002,33793,31230,17473,16320,20818,10412,31070,1,9309,21761,1,0,0,1002,0,0,1002,0,1277723,1683134,441372,836351,726282,956852,n273,false,0.44626615209007725,0.8826869090512035,0,3040,false,501,2,0.34419848249222684,0.7925193632313947,null
234847,3057953,205906,2944,25997,172587,33319,1763,0,18661,7336,35821,136766,10186,24314,6,0,10806,7855,4,7332,97096,2960857,65023,31071,1002,33793,31230,17473,16320,20818,10412,31070,1,9309,21761,1,0,0,1002,0,0,1002,0,1277723,1683134,441372,836351,726282,956852,n274,false,0.5187636505117588,0.7685404778219884,0,13399,false,501,2,0.2156739952399951,0.7055876013285065,null
234847,3057953,205906,2944,25997,172587,33319,1763,0,18661,7336,35821,136766,10186,24314,6,0,10806,7855,4,7332,97096,2960857,65023,31071,1002,33793,31230,17473,16320,20818,10412,31070,1,9309,21761,1,0,0,1002,0,0,1002,0,1277723,1683134,441372,836351,726282,956852,n275,false,0.5964826000200832,0.562392135157726,0,9476,false,502,4,0.13277611537062017,0.9628014497612124,null
234847,3057953,205906,2944,25997,172587,33319,1763,0,18661,7336,35821,136766,10186,24314,6,0,10806,7855,4,7332,97096,2960857,65023,31071,1002,33793,31230,17473,16320,20818,10412,31070,1,9309,21761,1,0,0,1002,0,0,1002,0,1277723,1683134,441372,836351,726282,956852,n276,false,0.43314332160018304,0.8338031149395346,0,16800,false,500,0,0.7413042541696848,0.4658740743927722,null
234847,3057953,205906,2944,25997,172587,33319,1763,0,18661,7336,35821,136766,10186,24314,6,0,10806,7855,4,7332,97096,2960857,65023,31071,1002,33793,31230,17473,16320,20818,10412,31070,1,9309,21761,1,0,0,1002,0,0,1002,0,1277723,1683134,441372,836351,726282,956852,n278,false,0.0689076974361553,0.48588110173202276,0,5831,false,502,6,0.4494597952686611,0.19242134630556185,null
234847,3057953,205906,2944,25997,172587,33319,1763,0,18661,7336,35821,136766,10186,24314,6,0,10806,7855,4,7332,97096,2960857,65023,31071,1002,33793,31230,17473,16320,20818,10412,31070,1,9309,21761,1,0,0,1002,0,0,1002,0,1277723,1683134,441372,836351,726282,956852,n279,false,0.8985885356103461,0.7688647347118855,0,12215,false,501,2,0.183842715616215,0.4102871748950908,null
234847,3057953,205906,2944,25997,172587,33319,1763,0,18661,7336,35821,136766,10186,24314,6,0,10806,7855,4,7332,97096,2960857,65023,31071,1002,33793,31230,17473,16320,20818,10412,31070,1,9309,21761,1,0,0,1002,0,0,1002,0,1277723,1683134,441372,836351,726282,956852,n283,false,0.4972856433014855,0.450726580891438,0,7595,false,503,7,0.780456243568221,0.7846781651017639,null
234847,3057953,205906,2944,25997,172587,33319,1763,0,18661,7336,35821,136766,10186,24314,6,0,10806,7855,4,7332,97096,2960857,65023,31071,1002,33793,31230,17473,16320,20818,10412,31070,1,9309,21761,1,0,0,1002,0,0,1002,0,1277723,1683134,441372,836351,726282,956852,n287,false,0.7021456478032442,0.5331199352011853,0,16800,false,500,0,0.5588548837466345,0.6053854003899061,null
234847,3057953,205906,2944,25997,172587,33319,1763,0,18661,7336,35821,136766,10186,24314,6,0,10806,7855,4,7332,97096,2960857,65023,31071,1002,33793,31230,17473,16320,20818,10412,31070,1,9309,21761,1,0,0,1002,0,0,1002,0,1277723,1683134,441372,836351,726282,956852,n289,false,0.20000284410868516,0.846114532927343,0,16800,false,500,0,0.39408663982984365,0.269046345004881,null
234847,3057953,205906,2944,25997,172587,33319,1763,0,18661,7336,35821,136766,10186,24314,6,0,10806,7855,4,7332,97096,2960857,65023,31071,1002,33793,31230,17473,16320,20818,10412,31070,1,9309,21761,1,0,0,1002,0,0,1002,0,1277723,1683134,441372,836351,726282,956852,n290,false,0.22623784535439195,0.5655229474433465,0,6500,false,502,4,0.09066755739106247,0.9616216583436319,null
234847,3057953,205906,2944,25997,172587,33319,1763,0,18661,7336,35821,136766,10186,24314,6,0,10806,7855,4,7332,97096,2960857,65023,31071,1002,33793,31230,17473,16320,20818,10412,31070,1,9309,21761,1,0,0,1002,0,0,1002,0,1277723,1683134,441372,836351,726282,956852,n291,false,0.08215066163822442,0.8319703408322697,0,8613,false,501,2,0.5206758150249008,0.39327544936389913,null
234847,3057953,205906,2944,25997,172587,33319,1763,0,18661,7336,35821,136766,10186,24314,6,0,10806,7855,4,7332,97096,2960857,65023,31071,1002,33793,31230,17473,16320,20818,10412,31070,1,9309,21761,1,0,0,1002,0,0,1002,0,1277723,1683134,441372,836351,726282,956852,n295,false,0.9449559690427773,0.6454183031847034,0,7504,false,501,4,0.23294950864550046,0.561385513110991,null
234847,3057953,205906,2944,25997,172587,33319,1763,0,18661,7336,35821,136766,10186,24314,6,0,10806,7855,4,7332,97096,2960857,65023,31071,1002,33793,31230,17473,16320,20818,10412,31070,1,9309,21761,1,0,0,1002,0,0,1002,0,1277723,1683134,441372,836351,726282,956852,n296,false,0.021143138597650407,0.5924580040128327,0,3037,false,506,12,0.7820749513680019,0.5162290791393496,null
234847,3057953,205906,2944,25997,172587,33319,1763,0,18661,7336,35821,136766,10186,24314,6,0,10806,7855,4,7332,97096,2960857,65023,31071,1002,33793,31230,17473,16320,20818,10412,31070,1,9309,21761,1,0,0,1002,0,0,1002,0,1277723,1683134,441372,836351,726282,956852,n297,false,0.9999957760865543,0.5298737025377699,0,1765,false,502,4,0.03676210114308193,0.8747297387271331,null
234847,3057953,205906,2944,25997,172587,33319,1763,0,18661,7336,35821,136766,10186,24314,6,0,10806,7855,4,7332,97096,2960857,65023,31071,1002,33793,31230,17473,16320,20818,10412,31070,1,9309,21761,1,0,0,1002,0,0,1002,0,1277723,1683134,441372,836351,726282,956852,n298,false,0.08417617818407579,0.752014927638804,0,16800,false,500,0,0.3703565208530286,0.865860628078848,null
234847,3057953,205906,2944,25997,172587,33319,1763,0,18661,7336,35821,136766,10186,24314,6,0,10806,7855,4,7332,97096,2960857,65023,31071,1002,33793,31230,17473,16320,20818,10412,31070,1,9309,21761,1,0,0,1002,0,0,1002,0,1277723,1683134,441372,836351,726282,956852,n303,false,0.9999992226946053,0.6516628179752664,0,3706,false,503,6,0.4407637917839315,0.9294349803125972,null
234847,3057953,205906,2944,25997,172587,33319,1763,0,18661,7336,35821,136766,10186,24314,6,0,10806,7855,4,7332,97096,2960857,65023,31071,1002,33793,31230,17473,16320,20818,10412,31070,1,9309,21761,1,0,0,1002,0,0,1002,0,1277723,1683134,441372,836351,726282,956852,n307,false,0.6788753068054183,0.3932790360621328,0,4300,false,501,2,0.739234984614906,0.6609815375068789,null
234847,3057953,205906,2944,25997,172587,33319,1763,0,18661,7336,35821,136766,10186,24314,6,0,10806,7855,4,7332,97096,2960857,65023,31071,1002,33793,31230,17473,16320,20818,10412,31070,1,9309,21761,1,0,0,1002,0,0,1002,0,1277723,1683134,441372,836351,726282,956852,n311,true,0.46896252693109636,0.9133639639773894,0,6143,false,501,3,0.7002130698787379,0.7397362978758772,null
234847,3057953,205906,2944,25997,172587,33319,1763,0,18661,7336,35821,136766,10186,24314,6,0,10806,7855,4,7332,97096,2960857,65023,31071,1002,33793,31230,17473,16320,20818,10412,31070,1,9309,21761,1,0,0,1002,0,0,1002,0,1277723,1683134,441372,836351,726282,956852,n312,false,0.0677689965643514,0.678390923781159,0,3040,false,503,6,0.657358225520886,0.5773371047649191,null
234847,3057953,205906,2944,25997,172587,33319,1763,0,18661,7336,35821,136766,10186,24314,6,0,10806,7855,4,7332,97096,2960857,65023,31071,1002,33793,31230,17473,16320,20818,10412,31070,1,9309,21761,1,0,0,1002,0,0,1002,0,1277723,1683134,441372,836351,726282,956852,n315,true,0.1529817417973017,0.9456063978248889,0,2378,false,504,10,0.12302848716406595,0.653271628349095,null
234847,3057953,205906,2944,25997,172587,33319,1763,0,18661,7336,35821,136766,10186,24314,6,0,10806,7855,4,7332,97096,2960857,65023,31071,1002,33793,31230,17473,16320,20818,10412,31070,1,9309,21761,1,0,0,1002,0,0,1002,0,1277723,1683134,441372,836351,726282,956852,n319,false,0.40860748168398486,0.7083825610144212,0,859,false,501,2,0.39115814077571165,0.8581224301094004,null
234847,3057953,205906,2944,25997,172587,33319,1763,0,18661,7336,35821,136766,10186,24314,6,0,10806,7855,4,7332,97096,2960857,65023,31071,1002,33793,31230,17473,16320,20818,10412,31070,1,9309,21761,1,0,0,1002,0,0,1002,0,1277723,1683134,441372,836351,726282,956852,n322,true,0.17913593369474998,0.8990299340568311,0,8376,false,501,3,0.008806342633513653,0.7737546257680542,null
234847,3057953,205906,2944,25997,172587,33319,1763,0,18661,7336,35821,136766,10186,24314,6,0,10806,7855,4,7332,97096,2960857,65023,31071,1002,33793,31230,17473,16320,20818,10412,31070,1,9309,21761,1,0,0,1002,0,0,1002,0,1277723,1683134,441372,836351,726282,956852,n323,false,0.8314355766736539,0.4909576023895596,0,1813,false,501,2,0.5175647152534532,0.9612104030901678,null
234847,3057953,205906,2944,25997,172587,33319,1763,0,18661,7336,35821,136766,10186,24314,6,0,10806,7855,4,7332,97096,2960857,65023,31071,1002,33793,31230,17473,16320,20818,10412,31070,1,9309,21761,1,0,0,1002,0,0,1002,0,1277723,1683134,441372,836351,726282,956852,n328,false,0.5585919847904894,0.46833253568734123,0,16799,false,500,1,0.5107648450418514,0.9873021601539053,null
234847,3057953,205906,2944,25997,172587,33319,1763,0,18661,7336,35821,136766,10186,24314,6,0,10806,7855,4,7332,97096,2960857,65023,31071,1002,33793,31230,17473,16320,20818,10412,31070,1,9309,21761,1,0,0,1002,0,0,1002,0,1277723,1683134,441372,836351,726282,956852,n330,false,0.5468905618719082,0.5594476565784882,0,5029,false,501,2,0.03008456100742829,0.7393944226131263,null
234847,3057953,205906,2944,25997,172587,33319,1763,0,18661,7336,35821,136766,10186,24314,6,0,10806,7855,4,7332,97096,2960857,65023,31071,1002,33793,31230,17473,16320,20818,10412,31070,1,9309,21761,1,0,0,1002,0,0,1002,0,1277723,1683134,441372,836351,726282,956852,n334,true,0.5556369337342514,0.873983048119277,0,3097,false,500,3,0.29331151023406726,0.945055689727362,null
234847,3057953,205906,2944,25997,172587,33319,1763,0,18661,7336,35821,136766,10186,24314,6,0,10806,7855,4,7332,97096,2960857,65023,31071,1002,33793,31230,17473,16320,20818,10412,31070,1,9309,21761,1,0,0,1002,0,0,1002,0,1277723,1683134,441372,836351,726282,956852,n336,true,0.704572121210155,0.7519137880499579,0,7253,false,502,5,0.4821586169273337,0.6774344919852218,null
234847,3057953,205906,2944,25997,172587,33319,1763,0,18661,7336,35821,136766,10186,24314,6,0,10806,7855,4,7332,97096,2960857,65023,31071,1002,33793,31230,17473,16320,20818,10412,31070,1,9309,21761,1,0,0,1002,0,0,1002,0,1277723,1683134,441372,836351,726282,956852,n340,false,0.6648811311725376,0.6077895963277195,0,4950,false,504,10,0.44160629495144077,0.710502570956199,null
234847,3057953,205906,2944,25997,172587,33319,1763,0,18661,7336,35821,136766,10186,24314,6,0,10806,7855,4,7332,97096,2960857,65023,31071,1002,33793,31230,17473,16320,20818,10412,31070,1,9309,21761,1,0,0,1002,0,0,1002,0,1277723,1683134,441372,836351,726282,956852,n342,false,0.8058706318756492,0.6542201326168098,0,3040,false,503,8,0.7933625137102159,0.5917813313127359,null
234847,3057953,205906,2944,25997,172587,33319,1763,0,18661,7336,35821,136766,10186,24314,6,0,10806,7855,4,7332,97096,2960857,65023,31071,1002,33793,31230,17473,16320,20818,10412,31070,1,9309,21761,1,0,0,1002,0,0,1002,0,1277723,1683134,441372,836351,726282,956852,n346,true,0.8200304761603148,0.9626397696358517,0,1018,false,500,3,0.031045487605653843,0.18465385732483502,null
234847,3057953,205906,2944,25997,172587,33319,1763,0,18661,7336,35821,136766,10186,24314,6,0,10806,7855,4,7332,97096,2960857,65023,31071,1002,33793,31230,17473,16320,20818,10412,31070,1,9309,21761,1,0,0,1002,0,0,1002,0,1277723,1683134,441372,836351,726282,956852,n347,false,0.16390730445342566,0.7992117418523728,0,6719,false,501,2,0.8478211961945646,0.4238704331501578,null
234847,3057953,205906,2944,25997,172587,33319,1763,0,18661,7336,35821,136766,10186,24314,6,0,10806,7855,4,7332,97096,2960857,65023,31071,1002,33793,31230,17473,16320,20818,10412,31070,1,9309,21761,1,0,0,1002,0,0,1002,0,1277723,1683134,441372,836351,726282,956852,n350,false,0.4729989771998049,0.7294720222379705,0,2741,false,500,2,0.5004653837328762,0.8561535380715988,null
234847,3057953,205906,2944,25997,172587,33319,1763,0,18661,7336,35821,136766,10186,24314,6,0,10806,7855,4,7332,97096,2960857,65023,31071,1002,33793,31230,17473,16320,20818,10412,31070,1,9309,21761,1,0,0,1002,0,0,1002,0,1277723,1683134,441372,836351,726282,956852,n351,true,0.39688745543998427,0.904691036616672,0,3710,false,502,5,0.13536365905467113,0.967159802994153,null
234847,3057953,205906,2944,25997,172587,33319,1763,0,18661,7336,35821,136766,10186,24314,6,0,10806,7855,4,7332,97096,2960857,65023,31071,1002,33793,31230,17473,16320,20818,10412,31070,1,9309,21761,1,0,0,1002,0,0,1002,0,1277723,1683134,441372,836351,726282,956852,n361,false,0.43141428190673425,0.6737966548988231,0,9370,false,501,2,0.4407533618060482,0.8800053754391355,null
234847,3057953,205906,2944,25997,172587,33319,1763,0,18661,7336,35821,136766,10186,24314,6,0,10806,7855,4,7332,97096,2960857,65023,31071,1002,33793,31230,17473,16320,20818,10412,31070,1,9309,21761,1,0,0,1002,0,0,1002,0,1277723,1683134,441372,836351,726282,956852,n363,false,0.04955918909779557,0.5255898259401581,0,7752,false,504,8,0.39389963484522916,0.9360260461656795,null
234847,3057953,205906,2944,25997,172587,33319,1763,0,18661,7336,35821,136766,10186,24314,6,0,10806,7855,4,7332,97096,2960857,65023,31071,1002,33793,31230,17473,16320,20818,10412,31070,1,9309,21761,1,0,0,1002,0,0,1002,0,1277723,1683134,441372,836351,726282,956852,n367,false,0.5709088836836783,0.8129051166756505,0,12779,false,501,2,0.04422265809902687,0.4055985167976581,null
234847,3057953,205906,2944,25997,172587,33319,1763,0,18661,7336,35821,136766,10186,24314,6,0,10806,7855,4,7332,97096,2960857,65023,31071,1002,33793,31230,17473,16320,20818,10412,31070,1,9309,21761,1,0,0,1002,0,0,1002,0,1277723,1683134,441372,836351,726282,956852,n371,true,0.2877959348901045,0.8476777053972349,0,3409,false,500,1,0.5686637933203663,0.6548516707600839,null
234847,3057953,205906,2944,25997,172587,33319,1763,0,18661,7336,35821,136766,10186,24314,6,0,10806,7855,4,7332,97096,2960857,65023,31071,1002,33793,31230,17473,16320,20818,10412,31070,1,9309,21761,1,0,0,1002,0,0,1002,0,1277723,1683134,441372,836351,726282,956852,n372,false,0.7924595548480913,0.7983510348524812,0,16800,false,500,0,0.4755349088779074,0.8300201312969053,null
234847,3057953,205906,2944,25997,172587,33319,1763,0,18661,7336,35821,136766,10186,24314,6,0,10806,7855,4,7332,97096,2960857,65023,31071,1002,33793,31230,17473,16320,20818,10412,31070,1,9309,21761,1,0,0,1002,0,0,1002,0,1277723,1683134,441372,836351,726282,956852,n373,false,0.999996065422283,0.8119735235643616,0,4007,false,500,2,0.5122104033885687,0.4531288432264805,null
234847,3057953,205906,2944,25997,172587,33319,1763,0,18661,7336,35821,136766,10186,24314,6,0,10806,7855,4,7332,97096,2960857,65023,31071,1002,33793,31230,17473,16320,20818,10412,31070,1,9309,21761,1,0,0,1002,0,0,1002,0,1277723,1683134,441372,836351,726282,956852,n377,false,0.20609936817240118,0.744514158246841,0,5714,false,640,664,0.6875367197314719,0.7404307214260434,null
234847,3057953,205906,2944,25997,172587,33319,1763,0,18661,7336,35821,136766,10186,24314,6,0,10806,7855,4,7332,97096,2960857,65023,31071,1002,33793,31230,17473,16320,20818,10412,31070,1,9309,21761,1,0,0,1002,0,0,1002,0,1277723,1683134,441372,836351,726282,956852,n378,false,0.807675130321235,0.9232498255658972,0,3043,false,502,4,0.43750588231382503,0.9820008046591631,null
234847,3057953,205906,2944,25997,172587,33319,1763,0,18661,7336,35821,136766,10186,24314,6,0,10806,7855,4,7332,97096,2960857,65023,31071,1002,33793,31230,17473,16320,20818,10412,31070,1,9309,21761,1,0,0,1002,0,0,1002,0,1277723,1683134,441372,836351,726282,956852,n387,true,0.15503184339261886,0.8079335556694368,0,4759,false,500,1,0.3528288190489358,0.5299489764819828,null
234847,3057953,205906,2944,25997,172587,33319,1763,0,18661,7336,35821,136766,10186,24314,6,0,10806,7855,4,7332,97096,2960857,65023,31071,1002,33793,31230,17473,16320,20818,10412,31070,1,9309,21761,1,0,0,1002,0,0,1002,0,1277723,1683134,441372,836351,726282,956852,n390,false,0.49009825226949494,0.671377803731401,0,14839,false,501,2,0.6273604041205494,0.6649164965187703,null
234847,3057953,205906,2944,25997,172587,33319,1763,0,18661,7336,35821,136766,10186,24314,6,0,10806,7855,4,7332,97096,2960857,65023,31071,1002,33793,31230,17473,16320,20818,10412,31070,1,9309,21761,1,0,0,1002,0,0,1002,0,1277723,1683134,441372,836351,726282,956852,n395,false,0.7882908046114463,0.5218706832248254,0,2776,false,502,4,0.3418245795173784,0.5415687118872972,null
234847,3057953,205906,2944,25997,172587,33319,1763,0,18661,7336,35821,136766,10186,24314,6,0,10806,7855,4,7332,97096,2960857,65023,31071,1002,33793,31230,17473,16320,20818,10412,31070,1,9309,21761,1,0,0,1002,0,0,1002,0,1277723,1683134,441372,836351,726282,956852,n398,false,0.007369089390247384,0.6637146883829768,0,16799,false,500,1,0.6742916019168679,0.5627494537735184,null
234847,3057953,205906,2944,25997,172587,33319,1763,0,18661,7336,35821,136766,10186,24314,6,0,10806,7855,4,7332,97096,2960857,65023,31071,1002,33793,31230,17473,16320,20818,10412,31070,1,9309,21761,1,0,0,1002,0,0,1002,0,1277723,1683134,441372,836351,726282,956852,n399,false,0.06239760301501465,0.46650327628919486,0,16800,false,500,0,0.3732258806630647,0.9666404649004724,null
234847,3057953,205906,2944,25997,172587,33319,1763,0,18661,7336,35821,136766,10186,24314,6,0,10806,7855,4,7332,97096,2960857,65023,31071,1002,33793,31230,17473,16320,20818,10412,31070,1,9309,21761,1,0,0,1002,0,0,1002,0,1277723,1683134,441372,836351,726282,956852,n403,true,0.07691104501466313,0.8234796073242043,0,9263,false,501,3,0.6295804581442878,0.8582870284428741,null
234847,3057953,205906,2944,25997,172587,33319,1763,0,18661,7336,35821,136766,10186,24314,6,0,10806,7855,4,7332,97096,2960857,65023,31071,1002,33793,31230,17473,16320,20818,10412,31070,1,9309,21761,1,0,0,1002,0,0,1002,0,1277723,1683134,441372,836351,726282,956852,n406,false,0.2038515153509483,0.6401158774794073,0,5206,false,502,5,0.4415077672480725,0.7685105032989805,null
234847,3057953,205906,2944,25997,172587,33319,1763,0,18661,7336,35821,136766,10186,24314,6,0,10806,7855,4,7332,97096,2960857,65023,31071,1002,33793,31230,17473,16320,20818,10412,31070,1,9309,21761,1,0,0,1002,0,0,1002,0,1277723,1683134,441372,836351,726282,956852,n414,false,0.26131159843873153,0.706651275171924,0,16800,false,500,0,0.8945329529408046,0.7624545159794143,null
234847,3057953,205906,2944,25997,172587,33319,1763,0,18661,7336,35821,136766,10186,24314,6,0,10806,7855,4,7332,97096,2960857,65023,31071,1002,33793,31230,17473,16320,20818,10412,31070,1,9309,21761,1,0,0,1002,0,0,1002,0,1277723,1683134,441372,836351,726282,956852,n415,false,0.7150396909540303,0.6538915357345602,0,16800,false,500,0,0.6921674531059644,0.9132789451279076,null
234847,3057953,205906,2944,25997,172587,33319,1763,0,18661,7336,35821,136766,10186,24314,6,0,10806,7855,4,7332,97096,2960857,65023,31071,1002,33793,31230,17473,16320,20818,10412,31070,1,9309,21761,1,0,0,1002,0,0,1002,0,1277723,1683134,441372,836351,726282,956852,n417,true,0.3131677696872094,0.5639324765740248,0,1551,false,503,9,0.6186619279972331,0.2459808741378527,null
234847,3057953,205906,2944,25997,172587,33319,1763,0,18661,7336,35821,136766,10186,24314,6,0,10806,7855,4,7332,97096,2960857,65023,31071,1002,33793,31230,17473,16320,20818,10412,31070,1,9309,21761,1,0,0,1002,0,0,1002,0,1277723,1683134,441372,836351,726282,956852,n419,false,0.33129190782873585,0.7084358076325086,0,14854,false,500,2,0.2751682603121339,0.9548368462643653,null
234847,3057953,205906,2944,25997,172587,33319,1763,0,18661,7336,35821,136766,10186,24314,6,0,10806,7855,4,7332,97096,2960857,65023,31071,1002,33793,31230,17473,16320,20818,10412,31070,1,9309,21761,1,0,0,1002,0,0,1002,0,1277723,1683134,441372,836351,726282,956852,n422,false,0.09061875421146574,0.5864579925517522,0,1351,false,554,182,0.8219266783910335,0.40422967103830754,null
234847,3057953,205906,2944,25997,172587,33319,1763,0,18661,7336,35821,136766,10186,24314,6,0,10806,7855,4,7332,97096,2960857,65023,31071,1002,33793,31230,17473,16320,20818,10412,31070,1,9309,21761,1,0,0,1002,0,0,1002,0,1277723,1683134,441372,836351,726282,956852,n424,false,0.91413467458893,0.9814777463888431,0,16799,false,500,1,0.5017057861531299,0.6026100497194137,null
234847,3057953,205906,2944,25997,172587,33319,1763,0,18661,7336,35821,136766,10186,24314,6,0,10806,7855,4,7332,97096,2960857,65023,31071,1002,33793,31230,17473,16320,20818,10412,31070,1,9309,21761,1,0,0,1002,0,0,1002,0,1277723,1683134,441372,836351,726282,956852,n425,false,0.7194627881203989,0.5114945832241089,0,9108,false,501,4,0.7408332559575208,0.43252071092805666,null
234847,3057953,205906,2944,25997,172587,33319,1763,0,18661,7336,35821,136766,10186,24314,6,0,10806,7855,4,7332,97096,2960857,65023,31071,1002,33793,31230,17473,16320,20818,10412,31070,1,9309,21761,1,0,0,1002,0,0,1002,0,1277723,1683134,441372,836351,726282,956852,n429,false,0.020363699237469654,0.4536248465245639,0,2241,false,502,4,0.19767999684901472,0.34085162042354206,null
234847,3057953,205906,2944,25997,172587,33319,1763,0,18661,7336,35821,136766,10186,24314,6,0,10806,7855,4,7332,97096,2960857,65023,31071,1002,33793,31230,17473,16320,20818,10412,31070,1,9309,21761,1,0,0,1002,0,0,1002,0,1277723,1683134,441372,836351,726282,956852,n432,false,0.22727575198280844,0.8759579473252637,0,253,false,502,4,0.11968968182860434,0.37723872181405765,null
234847,3057953,205906,2944,25997,172587,33319,1763,0,18661,7336,35821,136766,10186,24314,6,0,10806,7855,4,7332,97096,2960857,65023,31071,1002,33793,31230,17473,16320,20818,10412,31070,1,9309,21761,1,0,0,1002,0,0,1002,0,1277723,1683134,441372,836351,726282,956852,n433,true,0.9999880947416723,0.6952432207875855,0,1363,false,501,4,0.5358164111396453,0.8307030426977562,null
234847,3057953,205906,2944,25997,172587,33319,1763,0,18661,7336,35821,136766,10186,24314,6,0,10806,7855,4,7332,97096,2960857,65023,31071,1002,33793,31230,17473,16320,20818,10412,31070,1,9309,21761,1,0,0,1002,0,0,1002,0,1277723,1683134,441372,836351,726282,956852,n434,true,0.6442899568934842,0.7288342441868327,0,5598,false,500,3,0.35375159735361994,0.8967582543775952,null
234847,3057953,205906,2944,25997,172587,33319,1763,0,18661,7336,35821,136766,10186,24314,6,0,10806,7855,4,7332,97096,2960857,65023,31071,1002,33793,31230,17473,16320,20818,10412,31070,1,9309,21761,1,0,0,1002,0,0,1002,0,1277723,1683134,441372,836351,726282,956852,n437,true,0.1187574992995041,0.910993071766485,0,1534,false,501,4,0.2502067190159453,0.9262868619785822,null
234847,3057953,205906,2944,25997,172587,33319,1763,0,18661,7336,35821,136766,10186,24314,6,0,10806,7855,4,7332,97096,2960857,65023,31071,1002,33793,31230,17473,16320,20818,10412,31070,1,9309,21761,1,0,0,1002,0,0,1002,0,1277723,1683134,441372,836351,726282,956852,n439,false,0.10612596983284704,0.4402111894418519,0,19,false,503,6,0.8773506243957976,0.8000991151358952,null
234847,3057953,205906,2944,25997,172587,33319,1763,0,18661,7336,35821,136766,10186,24314,6,0,10806,7855,4,7332,97096,2960857,65023,31071,1002,33793,31230,17473,16320,20818,10412,31070,1,9309,21761,1,0,0,1002,0,0,1002,0,1277723,1683134,441372,836351,726282,956852,n444,true,0.3198711496463377,0.7492556174045889,0,1508,false,500,3,0.41966039163716246,0.8395254988764946,null
234847,3057953,205906,2944,25997,172587,33319,1763,0,18661,7336,35821,136766,10186,24314,6,0,10806,7855,4,7332,97096,2960857,65023,31071,1002,33793,31230,17473,16320,20818,10412,31070,1,9309,21761,1,0,0,1002,0,0,1002,0,1277723,1683134,441372,836351,726282,956852,n448,false,0.9335993907940104,0.8964322267424065,0,6323,false,503,7,0.7942598103901766,0.7367830698762994,null
234847,3057953,205906,2944,25997,172587,33319,1763,0,18661,7336,35821,136766,10186,24314,6,0,10806,7855,4,7332,97096,2960857,65023,31071,1002,33793,31230,17473,16320,20818,10412,31070,1,9309,21761,1,0,0,1002,0,0,1002,0,1277723,1683134,441372,836351,726282,956852,n449,false,0.5998014582680764,0.6173509581597424,0,13821,false,501,2,0.618149678362371,0.5439006749772742,null
234847,3057953,205906,2944,25997,172587,33319,1763,0,18661,7336,35821,136766,10186,24314,6,0,10806,7855,4,7332,97096,2960857,65023,31071,1002,33793,31230,17473,16320,20818,10412,31070,1,9309,21761,1,0,0,1002,0,0,1002,0,1277723,1683134,441372,836351,726282,956852,n450,true,0.7774946458057788,0.8931142570999754,0,3663,false,501,3,0.0921529083803036,0.9915807051696696,null
234847,3057953,205906,2944,25997,172587,33319,1763,0,18661,7336,35821,136766,10186,24314,6,0,10806,7855,4,7332,97096,2960857,65023,31071,1002,33793,31230,17473,16320,20818,10412,31070,1,9309,21761,1,0,0,1002,0,0,1002,0,1277723,1683134,441372,836351,726282,956852,n452,false,0.6450871981820819,0.8801651797218486,0,3808,false,502,4,0.9936093892141393,0.3681177685012683,null
234847,3057953,205906,2944,25997,172587,33319,1763,0,18661,7336,35821,136766,10186,24314,6,0,10806,7855,4,7332,97096,2960857,65023,31071,1002,33793,31230,17473,16320,20818,10412,31070,1,9309,21761,1,0,0,1002,0,0,1002,0,1277723,1683134,441372,836351,726282,956852,n456,false,0.3941313974149142,0.6230088586189735,0,1537,false,502,5,0.339675029145616,0.9308195084121298,null
234847,3057953,205906,2944,25997,172587,33319,1763,0,18661,7336,35821,136766,10186,24314,6,0,10806,7855,4,7332,97096,2960857,65023,31071,1002,33793,31230,17473,16320,20818,10412,31070,1,9309,21761,1,0,0,1002,0,0,1002,0,1277723,1683134,441372,836351,726282,956852,n458,false,0.34839904634605157,0.7524326126359113,0,16799,false,500,1,0.6154885954809874,0.2595857055848828,null
234847,3057953,205906,2944,25997,172587,33319,1763,0,18661,7336,35821,136766,10186,24314,6,0,10806,7855,4,7332,97096,2960857,65023,31071,1002,33793,31230,17473,16320,20818,10412,31070,1,9309,21761,1,0,0,1002,0,0,1002,0,1277723,1683134,441372,836351,726282,956852,n463,false,0.7890751521447585,0.5677123598801092,0,4586,false,504,9,0.06607310172440906,0.9857478989749087,null
234847,3057953,205906,2944,25997,172587,33319,1763,0,18661,7336,35821,136766,10186,24314,6,0,10806,7855,4,7332,97096,2960857,65023,31071,1002,33793,31230,17473,16320,20818,10412,31070,1,9309,21761,1,0,0,1002,0,0,1002,0,1277723,1683134,441372,836351,726282,956852,n464,false,0.18813601923871587,0.8930180701742341,0,448,false,501,2,0.49640632417668007,0.3178929168044398,null
234847,3057953,205906,2944,25997,172587,33319,1763,0,18661,7336,35821,136766,10186,24314,6,0,10806,7855,4,7332,97096,2960857,65023,31071,1002,33793,31230,17473,16320,20818,10412,31070,1,9309,21761,1,0,0,1002,0,0,1002,0,1277723,1683134,441372,836351,726282,956852,n465,false,0.4975026425009047,0.7315088761915275,0,7466,false,501,2,0.05998742563785553,0.8686301483935389,null
234847,3057953,205906,2944,25997,172587,33319,1763,0,18661,7336,35821,136766,10186,24314,6,0,10806,7855,4,7332,97096,2960857,65023,31071,1002,33793,31230,17473,16320,20818,10412,31070,1,9309,21761,1,0,0,1002,0,0,1002,0,1277723,1683134,441372,836351,726282,956852,n467,false,0.6211488180442682,0.8883539539247611,0,7752,false,501,2,0.8333323555937282,0.9966939431038286,null
234847,3057953,205906,2944,25997,172587,33319,1763,0,18661,7336,35821,136766,10186,24314,6,0,10806,7855,4,7332,97096,2960857,65023,31071,1002,33793,31230,17473,16320,20818,10412,31070,1,9309,21761,1,0,0,1002,0,0,1002,0,1277723,1683134,441372,836351,726282,956852,n468,true,0.6243813034351914,0.7815522955909899,0,7141,false,501,3,0.808287638872361,0.749770985517261,null
234847,3057953,205906,2944,25997,172587,33319,1763,0,18661,7336,35821,136766,10186,24314,6,0,10806,7855,4,7332,97096,2960857,65023,31071,1002,33793,31230,17473,16320,20818,10412,31070,1,9309,21761,1,0,0,1002,0,0,1002,0,1277723,1683134,441372,836351,726282,956852,n471,false,0.2954625889196779,0.4269892432737406,0,7010,false,502,5,0.25772809373656236,0.1331088407357695,null
234847,3057953,205906,2944,25997,172587,33319,1763,0,18661,7336,35821,136766,10186,24314,6,0,10806,7855,4,7332,97096,2960857,65023,31071,1002,33793,31230,17473,16320,20818,10412,31070,1,9309,21761,1,0,0,1002,0,0,1002,0,1277723,1683134,441372,836351,726282,956852,n473,false,0.14501598553198086,0.7501490461099705,0,1189,false,505,10,0.5302946197917737,0.9143787358439972,null
234847,3057953,205906,2944,25997,172587,33319,1763,0,18661,7336,35821,136766,10186,24314,6,0,10806,7855,4,7332,97096,2960857,65023,31071,1002,33793,31230,17473,16320,20818,10412,31070,1,9309,21761,1,0,0,1002,0,0,1002,0,1277723,1683134,441372,836351,726282,956852,n477,false,0.24449506037997587,0.7959051320116368,0,16800,false,500,0,0.4829994322690214,0.15568316573321195,null
234847,3057953,205906,2944,25997,172587,33319,1763,0,18661,7336,35821,136766,10186,24314,6,0,10806,7855,4,7332,97096,2960857,65023,31071,1002,33793,31230,17473,16320,20818,10412,31070,1,9309,21761,1,0,0,1002,0,0,1002,0,1277723,1683134,441372,836351,726282,956852,n490,false,0.6540718116298179,0.7476106352613925,0,10389,false,502,4,0.5607437236239672,0.4847170765338509,null
234847,3057953,205906,2944,25997,172587,33319,1763,0,18661,7336,35821,136766,10186,24314,6,0,10806,7855,4,7332,97096,2960857,65023,31071,1002,33793,31230,17473,16320,20818,10412,31070,1,9309,21761,1,0,0,1002,0,0,1002,0,1277723,1683134,441372,836351,726282,956852,n491,false,0.8862872027864819,0.8136497550997464,0,1432,false,502,4,0.41766706149876753,0.7645470612913537,null
234847,3057953,205906,2944,25997,172587,33319,1763,0,18661,7336,35821,136766,10186,24314,6,0,10806,7855,4,7332,97096,2960857,65023,31071,1002,33793,31230,17473,16320,20818,10412,31070,1,9309,21761,1,0,0,1002,0,0,1002,0,1277723,1683134,441372,836351,726282,956852,n493,false,0.5906831877412079,0.836426791618393,0,16800,false,0,0,0.61700351793559,0.8272753949417326,null
234847,3057953,205906,2944,25997,172587,33319,1763,0,18661,7336,35821,136766,10186,24314,6,0,10806,7855,4,7332,97096,2960857,65023,31071,1002,33793,31230,17473,16320,20818,10412,31070,1,9309,21761,1,0,0,1002,0,0,1002,0,1277723,1683134,441372,836351,726282,956852,n497,false,0.5384393142539886,0.7031488323670138,0,16800,false,500,0,0.7930930473317748,0.5481658106919823,null
234847,3057953,205906,2944,25997,172587,33319,1763,0,18661,7336,35821,136766,10186,24314,6,0,10806,7855,4,7332,97096,2960857,65023,31071,1002,33793,31230,17473,16320,20818,10412,31070,1,9309,21761,1,0,0,1002,0,0,1002,0,1277723,1683134,441372,836351,726282,956852,n499,false,0.18020872499221882,0.28357463827887497,0,9895,false,503,6,0.8762469228532755,0.8585290141613157,null
